5000 1380350 15_5000_1000_1156
1 351 349
2 495 494
3 537 535
4 420 419
5 225 225
6 210 208
7 633 633
8 804 803
9 936 934
10 306 306
11 798 798
12 387 386
13 867 866
14 633 633
15 366 366
16 789 787
17 78 77
18 618 617
19 339 338
20 225 225
21 249 249
22 648 646
23 867 867
24 303 303
25 249 248
26 822 822
27 912 911
28 984 983
29 834 833
30 714 712
31 156 156
32 744 743
33 276 275
34 432 430
35 315 315
36 573 572
37 432 432
38 168 166
39 360 358
40 723 723
41 99 99
42 798 797
43 699 697
44 315 314
45 555 554
46 12 10
47 654 652
48 108 108
49 342 340
50 705 705
51 183 182
52 354 354
53 636 634
54 990 988
55 516 515
56 51 49
57 738 738
58 219 219
59 417 415
60 450 450
61 912 911
62 543 541
63 243 241
64 669 669
65 714 714
66 222 220
67 528 528
68 45 45
69 918 916
70 69 69
71 810 808
72 360 358
73 504 504
74 654 653
75 600 598
76 795 793
77 639 637
78 30 28
79 351 351
80 144 143
81 243 242
82 885 885
83 45 45
84 3 1
85 522 520
86 846 844
87 345 345
88 735 734
89 93 91
90 648 646
91 459 457
92 213 213
93 690 689
94 318 316
95 468 467
96 654 654
97 618 616
98 129 127
99 456 456
100 804 804
101 396 396
102 111 109
103 258 258
104 174 173
105 984 982
106 435 434
107 621 621
108 240 240
109 198 197
110 234 232
111 579 577
112 222 221
113 267 265
114 129 127
115 39 37
116 249 248
117 684 682
118 30 28
119 543 541
120 408 406
121 837 837
122 879 878
123 951 949
124 831 830
125 303 303
126 141 140
127 564 564
128 435 433
129 279 279
130 153 152
131 18 18
132 36 34
133 159 159
134 222 222
135 882 881
136 528 527
137 477 476
138 174 173
139 30 30
140 381 381
141 675 673
142 372 372
143 978 977
144 15 15
145 81 79
146 624 622
147 738 736
148 975 974
149 834 832
150 279 278
151 393 392
152 123 122
153 624 623
154 963 963
155 54 52
156 120 119
157 18 17
158 573 572
159 93 91
160 744 744
161 471 470
162 501 501
163 390 389
164 672 672
165 417 416
166 48 48
167 648 646
168 861 859
169 843 841
170 822 820
171 876 874
172 51 49
173 297 297
174 513 513
175 54 54
176 516 515
177 375 374
178 546 545
179 663 661
180 780 780
181 315 314
182 369 369
183 153 152
184 936 936
185 177 176
186 126 125
187 789 788
188 864 863
189 873 871
190 303 302
191 921 920
192 924 923
193 837 837
194 399 399
195 405 403
196 135 133
197 204 204
198 507 507
199 930 930
200 675 675
201 801 799
202 723 721
203 465 463
204 462 461
205 678 677
206 456 456
207 756 754
208 981 979
209 831 829
210 84 82
211 612 612
212 1002 1000
213 288 288
214 444 444
215 543 543
216 996 994
217 603 602
218 156 156
219 168 167
220 792 790
221 777 777
222 324 322
223 813 811
224 840 840
225 270 268
226 327 327
227 693 691
228 729 729
229 333 332
230 177 176
231 819 819
232 552 550
233 150 149
234 813 811
235 657 655
236 240 240
237 168 166
238 186 184
239 903 901
240 543 542
241 765 764
242 417 416
243 198 197
244 636 635
245 660 659
246 849 849
247 27 27
248 288 286
249 870 868
250 555 553
251 621 619
252 759 757
253 879 879
254 423 422
255 180 180
256 978 976
257 123 123
258 411 411
259 207 206
260 462 460
261 114 112
262 333 333
263 147 147
264 942 941
265 309 308
266 396 394
267 633 633
268 411 410
269 618 618
270 297 296
271 957 957
272 822 820
273 756 755
274 933 932
275 939 937
276 951 950
277 618 617
278 744 744
279 246 246
280 735 734
281 984 983
282 564 562
283 3 2
284 138 138
285 180 178
286 195 195
287 795 795
288 942 940
289 714 714
290 381 381
291 948 946
292 720 718
293 66 65
294 276 276
295 489 489
296 720 718
297 939 938
298 222 222
299 477 476
300 594 594
301 885 883
302 987 986
303 996 995
304 111 109
305 939 939
306 621 620
307 855 854
308 930 928
309 564 564
310 999 999
311 417 415
312 363 361
313 546 545
314 963 961
315 156 155
316 657 655
317 177 176
318 411 410
319 666 665
320 306 306
321 417 417
322 189 188
323 249 248
324 849 847
325 183 182
326 132 132
327 207 205
328 507 506
329 18 16
330 447 447
331 714 714
332 597 595
333 735 735
334 54 53
335 282 280
336 219 217
337 210 210
338 867 866
339 519 517
340 642 641
341 771 770
342 696 695
343 639 638
344 441 439
345 213 212
346 924 924
347 375 374
348 531 530
349 219 219
350 483 481
351 21 20
352 669 668
353 681 681
354 840 840
355 987 985
356 321 320
357 807 806
358 999 997
359 969 967
360 339 338
361 696 695
362 231 229
363 123 122
364 411 410
365 546 544
366 594 594
367 60 58
368 321 320
369 60 58
370 972 972
371 513 511
372 939 937
373 15 13
374 546 545
375 723 723
376 9 8
377 312 310
378 222 221
379 204 203
380 87 85
381 612 610
382 324 322
383 918 918
384 594 593
385 555 553
386 147 145
387 381 380
388 231 231
389 780 779
390 633 631
391 33 31
392 462 461
393 432 430
394 162 161
395 750 749
396 882 880
397 87 85
398 897 895
399 675 675
400 141 139
401 531 529
402 126 124
403 189 187
404 930 928
405 876 876
406 804 803
407 672 671
408 141 140
409 834 833
410 963 963
411 381 379
412 537 535
413 294 293
414 45 44
415 102 102
416 258 257
417 864 864
418 960 960
419 147 145
420 840 838
421 30 28
422 363 362
423 534 533
424 876 874
425 372 372
426 993 993
427 537 537
428 648 646
429 624 622
430 6 5
431 483 482
432 210 208
433 945 945
434 90 89
435 666 665
436 855 854
437 561 559
438 279 279
439 129 128
440 171 171
441 990 988
442 384 382
443 150 148
444 945 944
445 276 276
446 225 223
447 780 780
448 822 820
449 402 400
450 924 923
451 303 303
452 342 340
453 354 353
454 663 662
455 642 642
456 21 19
457 84 83
458 351 351
459 177 176
460 258 258
461 900 899
462 807 805
463 480 479
464 882 881
465 987 985
466 3 3
467 522 521
468 396 395
469 249 247
470 69 68
471 240 239
472 255 254
473 849 847
474 945 943
475 984 984
476 609 608
477 897 895
478 483 483
479 18 16
480 588 587
481 738 736
482 828 828
483 561 561
484 537 537
485 732 731
486 228 228
487 270 269
488 672 671
489 282 282
490 468 466
491 897 896
492 912 910
493 159 157
494 639 638
495 402 402
496 477 477
497 633 633
498 603 602
499 795 795
500 66 64
501 90 90
502 330 330
503 222 221
504 414 412
505 132 130
506 996 996
507 78 77
508 183 183
509 417 415
510 288 288
511 276 274
512 612 612
513 642 640
514 714 713
515 654 652
516 87 85
517 681 680
518 732 730
519 861 861
520 624 623
521 849 849
522 234 234
523 852 851
524 834 833
525 186 186
526 912 912
527 837 835
528 54 52
529 738 738
530 423 422
531 672 671
532 339 339
533 867 865
534 201 201
535 201 201
536 564 564
537 495 493
538 480 479
539 990 989
540 840 838
541 468 466
542 648 647
543 636 634
544 225 225
545 441 441
546 933 932
547 483 481
548 33 32
549 396 394
550 963 962
551 828 828
552 642 641
553 402 401
554 960 959
555 384 384
556 147 147
557 468 468
558 963 963
559 828 827
560 486 486
561 75 74
562 321 319
563 198 198
564 240 238
565 21 21
566 210 209
567 915 915
568 408 408
569 618 616
570 576 574
571 855 855
572 555 555
573 123 122
574 432 430
575 921 921
576 624 624
577 249 249
578 957 956
579 114 113
580 546 546
581 873 871
582 171 171
583 507 505
584 975 974
585 297 296
586 642 641
587 585 583
588 324 324
589 921 921
590 480 479
591 474 472
592 669 667
593 435 434
594 735 734
595 144 142
596 570 568
597 807 805
598 843 843
599 315 315
600 615 615
601 726 724
602 756 755
603 267 267
604 873 872
605 102 102
606 903 903
607 390 389
608 819 819
609 804 802
610 675 673
611 858 858
612 630 628
613 282 281
614 789 789
615 516 516
616 249 247
617 618 616
618 306 304
619 672 672
620 678 676
621 348 347
622 189 188
623 60 60
624 51 51
625 276 275
626 795 793
627 3 1
628 675 673
629 600 600
630 198 197
631 90 89
632 594 593
633 552 552
634 807 805
635 603 601
636 597 596
637 840 838
638 162 161
639 978 976
640 642 641
641 210 210
642 669 667
643 558 558
644 12 12
645 216 215
646 426 424
647 453 453
648 27 27
649 177 175
650 237 237
651 501 499
652 939 939
653 114 113
654 348 346
655 831 830
656 783 783
657 516 516
658 996 994
659 567 566
660 978 977
661 768 768
662 369 369
663 558 557
664 105 103
665 987 987
666 741 740
667 132 130
668 366 366
669 396 394
670 246 244
671 513 513
672 27 26
673 924 923
674 987 986
675 606 604
676 60 60
677 339 337
678 174 172
679 117 117
680 603 601
681 735 735
682 720 718
683 993 992
684 882 882
685 69 67
686 66 66
687 888 886
688 375 374
689 420 420
690 834 832
691 756 756
692 33 32
693 213 213
694 687 685
695 906 904
696 543 543
697 567 567
698 66 64
699 468 468
700 312 312
701 411 410
702 48 48
703 801 800
704 447 446
705 708 708
706 600 599
707 525 524
708 75 75
709 591 591
710 138 137
711 723 722
712 723 723
713 489 487
714 678 677
715 234 232
716 825 823
717 699 697
718 924 922
719 837 836
720 591 591
721 519 517
722 420 419
723 423 421
724 999 999
725 45 45
726 813 811
727 954 952
728 804 802
729 291 291
730 402 401
731 162 161
732 324 322
733 495 494
734 558 557
735 351 349
736 15 13
737 87 85
738 42 40
739 240 238
740 480 480
741 195 193
742 216 216
743 966 966
744 504 504
745 735 735
746 426 425
747 972 970
748 957 956
749 276 276
750 756 756
751 585 584
752 78 76
753 6 6
754 420 419
755 402 401
756 924 924
757 627 625
758 858 858
759 927 927
760 315 313
761 537 535
762 984 984
763 63 63
764 282 282
765 990 990
766 987 987
767 984 984
768 33 32
769 135 134
770 399 399
771 228 226
772 558 558
773 960 960
774 87 87
775 354 352
776 690 689
777 672 671
778 771 770
779 285 285
780 96 96
781 138 138
782 513 511
783 36 34
784 54 52
785 912 912
786 306 304
787 630 630
788 291 289
789 459 458
790 372 370
791 702 700
792 75 75
793 747 747
794 813 811
795 642 640
796 474 473
797 957 955
798 789 787
799 945 945
800 390 389
801 105 103
802 621 619
803 201 200
804 498 498
805 771 770
806 882 880
807 135 135
808 78 76
809 714 712
810 57 56
811 987 987
812 180 179
813 357 357
814 396 395
815 114 114
816 657 655
817 555 553
818 117 115
819 495 493
820 756 756
821 294 294
822 150 148
823 672 671
824 186 184
825 648 648
826 612 612
827 933 931
828 984 984
829 987 987
830 12 11
831 483 481
832 174 174
833 42 41
834 180 180
835 99 97
836 966 965
837 75 73
838 690 690
839 774 773
840 915 914
841 912 912
842 453 451
843 276 275
844 189 189
845 435 435
846 417 416
847 9 9
848 639 637
849 876 874
850 186 186
851 159 159
852 711 711
853 321 319
854 576 574
855 249 248
856 90 88
857 582 580
858 123 121
859 321 320
860 279 277
861 90 88
862 150 149
863 72 70
864 948 946
865 228 226
866 819 818
867 333 331
868 921 919
869 174 172
870 957 957
871 450 449
872 150 148
873 129 129
874 573 571
875 78 77
876 72 70
877 270 270
878 903 902
879 246 245
880 759 759
881 150 148
882 735 735
883 939 938
884 18 17
885 318 316
886 450 449
887 609 607
888 291 291
889 594 593
890 630 628
891 975 975
892 786 786
893 666 665
894 912 911
895 84 82
896 177 177
897 36 36
898 735 733
899 210 208
900 465 465
901 669 667
902 219 217
903 942 940
904 744 744
905 498 497
906 891 889
907 243 242
908 534 534
909 966 965
910 567 565
911 513 512
912 21 19
913 774 774
914 762 760
915 264 264
916 84 82
917 381 381
918 552 550
919 828 828
920 321 321
921 672 670
922 372 372
923 201 200
924 303 302
925 864 862
926 291 291
927 990 988
928 348 347
929 438 438
930 726 725
931 705 703
932 738 738
933 399 398
934 414 414
935 669 668
936 9 8
937 180 178
938 180 179
939 288 288
940 912 910
941 264 264
942 552 550
943 921 921
944 579 579
945 456 455
946 456 455
947 465 464
948 261 259
949 675 674
950 636 636
951 999 999
952 723 722
953 987 986
954 915 913
955 294 292
956 42 41
957 447 447
958 936 936
959 789 788
960 912 912
961 441 439
962 339 339
963 696 696
964 282 281
965 822 821
966 12 12
967 450 450
968 27 27
969 309 307
970 405 403
971 480 480
972 309 308
973 543 543
974 969 967
975 594 592
976 111 109
977 531 529
978 987 987
979 564 562
980 210 210
981 141 139
982 189 187
983 771 769
984 495 495
985 561 559
986 357 356
987 714 713
988 915 915
989 909 908
990 567 566
991 996 994
992 816 816
993 57 57
994 174 173
995 636 635
996 816 816
997 834 832
998 780 779
999 615 615
1000 330 329
1001 621 620
1002 441 440
1003 459 459
1004 3 2
1005 771 771
1006 828 826
1007 447 445
1008 243 243
1009 966 964
1010 381 380
1011 342 342
1012 249 248
1013 546 544
1014 828 827
1015 330 329
1016 855 854
1017 87 85
1018 300 299
1019 186 185
1020 420 420
1021 870 870
1022 528 526
1023 990 990
1024 453 451
1025 885 884
1026 39 37
1027 594 592
1028 30 30
1029 210 208
1030 597 596
1031 330 330
1032 42 42
1033 174 173
1034 627 626
1035 729 728
1036 768 767
1037 324 322
1038 630 630
1039 666 664
1040 396 396
1041 510 510
1042 66 66
1043 159 157
1044 528 526
1045 27 26
1046 294 292
1047 735 734
1048 609 609
1049 708 706
1050 834 832
1051 36 35
1052 30 29
1053 69 67
1054 486 486
1055 786 784
1056 531 530
1057 696 694
1058 306 305
1059 288 287
1060 285 284
1061 660 659
1062 543 542
1063 549 547
1064 672 671
1065 495 494
1066 834 833
1067 759 759
1068 141 139
1069 711 710
1070 948 947
1071 258 258
1072 96 96
1073 585 584
1074 702 702
1075 573 573
1076 900 899
1077 600 599
1078 792 790
1079 420 418
1080 39 39
1081 33 31
1082 603 601
1083 705 703
1084 606 604
1085 534 533
1086 714 712
1087 546 545
1088 573 572
1089 969 968
1090 435 435
1091 195 193
1092 816 816
1093 396 395
1094 642 640
1095 804 802
1096 543 542
1097 834 832
1098 717 717
1099 474 472
1100 231 230
1101 39 37
1102 75 73
1103 699 697
1104 984 984
1105 186 186
1106 543 542
1107 711 711
1108 888 887
1109 825 825
1110 570 569
1111 93 92
1112 393 392
1113 783 781
1114 42 40
1115 678 677
1116 27 27
1117 396 395
1118 291 290
1119 585 583
1120 954 952
1121 843 843
1122 147 146
1123 621 620
1124 924 923
1125 54 54
1126 420 420
1127 336 335
1128 57 57
1129 723 721
1130 975 974
1131 699 699
1132 810 808
1133 441 441
1134 72 72
1135 360 359
1136 204 202
1137 957 957
1138 324 324
1139 309 308
1140 363 362
1141 552 551
1142 918 918
1143 270 269
1144 645 644
1145 162 162
1146 966 964
1147 414 413
1148 675 673
1149 294 293
1150 630 630
1151 606 604
1152 624 624
1153 453 453
1154 873 871
1155 594 594
1156 807 806
1157 744 742
1158 777 777
1159 420 418
1160 846 846
1161 171 171
1162 879 877
1163 192 192
1164 234 233
1165 369 369
1166 786 784
1167 579 579
1168 984 983
1169 33 32
1170 225 223
1171 285 283
1172 150 148
1173 810 809
1174 315 315
1175 747 747
1176 876 875
1177 570 568
1178 270 269
1179 504 503
1180 918 918
1181 708 707
1182 813 811
1183 624 623
1184 876 875
1185 249 248
1186 408 408
1187 579 578
1188 159 159
1189 138 138
1190 825 824
1191 243 243
1192 720 719
1193 645 645
1194 186 184
1195 321 319
1196 123 122
1197 309 309
1198 522 522
1199 381 381
1200 216 216
1201 108 107
1202 264 262
1203 630 628
1204 366 365
1205 216 215
1206 738 738
1207 369 367
1208 447 446
1209 606 606
1210 243 243
1211 774 772
1212 795 794
1213 735 733
1214 849 849
1215 336 336
1216 987 985
1217 621 619
1218 87 86
1219 414 412
1220 90 88
1221 708 707
1222 465 463
1223 837 835
1224 828 827
1225 480 479
1226 267 265
1227 435 433
1228 753 753
1229 486 485
1230 252 252
1231 303 301
1232 501 500
1233 879 878
1234 693 691
1235 744 743
1236 615 613
1237 801 801
1238 99 98
1239 564 562
1240 549 547
1241 324 324
1242 312 310
1243 210 210
1244 615 613
1245 291 291
1246 984 984
1247 567 567
1248 459 459
1249 390 390
1250 60 58
1251 921 920
1252 393 392
1253 633 631
1254 471 471
1255 354 352
1256 138 138
1257 42 41
1258 537 535
1259 558 556
1260 561 560
1261 708 706
1262 234 232
1263 180 179
1264 243 242
1265 633 633
1266 621 621
1267 612 612
1268 549 549
1269 648 648
1270 75 75
1271 282 282
1272 612 612
1273 531 530
1274 57 55
1275 12 11
1276 207 207
1277 543 541
1278 417 416
1279 756 756
1280 447 447
1281 513 513
1282 579 578
1283 966 966
1284 543 543
1285 849 847
1286 897 897
1287 885 884
1288 246 244
1289 861 859
1290 108 106
1291 522 522
1292 360 358
1293 348 346
1294 309 309
1295 327 327
1296 78 76
1297 108 108
1298 525 525
1299 909 907
1300 429 427
1301 426 426
1302 918 917
1303 786 785
1304 633 632
1305 24 24
1306 84 84
1307 159 158
1308 321 320
1309 102 100
1310 66 66
1311 936 935
1312 567 567
1313 846 844
1314 834 832
1315 240 239
1316 798 797
1317 453 452
1318 909 908
1319 984 982
1320 435 434
1321 69 69
1322 234 234
1323 780 778
1324 660 659
1325 615 615
1326 381 379
1327 441 441
1328 708 706
1329 369 367
1330 51 49
1331 582 581
1332 915 913
1333 561 561
1334 264 264
1335 30 30
1336 744 743
1337 150 150
1338 48 47
1339 156 155
1340 27 25
1341 336 334
1342 837 836
1343 450 449
1344 147 145
1345 258 256
1346 627 627
1347 594 593
1348 348 347
1349 669 668
1350 777 775
1351 816 814
1352 492 490
1353 18 16
1354 312 311
1355 108 108
1356 135 135
1357 360 359
1358 162 162
1359 483 482
1360 627 626
1361 21 19
1362 99 99
1363 609 608
1364 150 150
1365 357 355
1366 366 365
1367 234 233
1368 777 777
1369 261 261
1370 798 798
1371 387 386
1372 939 937
1373 759 757
1374 849 848
1375 288 288
1376 513 511
1377 237 235
1378 453 451
1379 495 494
1380 609 607
1381 321 321
1382 252 252
1383 228 228
1384 294 294
1385 522 522
1386 378 377
1387 858 856
1388 699 698
1389 213 212
1390 540 538
1391 579 577
1392 501 501
1393 678 678
1394 9 9
1395 54 54
1396 747 746
1397 867 866
1398 372 370
1399 204 202
1400 615 614
1401 333 332
1402 60 59
1403 909 907
1404 159 159
1405 144 144
1406 231 229
1407 750 750
1408 714 712
1409 288 287
1410 696 696
1411 237 236
1412 549 547
1413 978 978
1414 267 266
1415 546 544
1416 981 980
1417 318 317
1418 642 641
1419 231 230
1420 492 492
1421 573 573
1422 798 796
1423 318 317
1424 174 172
1425 714 714
1426 861 861
1427 231 230
1428 909 909
1429 261 261
1430 138 137
1431 12 10
1432 207 206
1433 954 954
1434 111 109
1435 447 446
1436 327 325
1437 807 807
1438 819 819
1439 594 594
1440 390 388
1441 837 835
1442 132 131
1443 30 29
1444 150 149
1445 360 359
1446 234 233
1447 333 331
1448 126 126
1449 129 128
1450 165 165
1451 297 295
1452 96 94
1453 876 874
1454 495 494
1455 489 488
1456 333 333
1457 423 422
1458 888 886
1459 639 639
1460 72 71
1461 924 924
1462 345 344
1463 96 95
1464 513 513
1465 834 833
1466 750 748
1467 318 316
1468 66 66
1469 426 426
1470 843 842
1471 174 172
1472 909 907
1473 321 319
1474 60 58
1475 873 872
1476 216 215
1477 840 840
1478 522 522
1479 963 963
1480 435 435
1481 987 987
1482 216 215
1483 801 801
1484 87 86
1485 36 35
1486 891 890
1487 594 593
1488 243 242
1489 60 58
1490 846 844
1491 372 371
1492 738 737
1493 177 175
1494 363 361
1495 933 931
1496 945 944
1497 897 896
1498 690 689
1499 885 883
1500 822 822
1501 315 313
1502 378 378
1503 765 764
1504 765 765
1505 165 163
1506 153 151
1507 165 165
1508 945 944
1509 96 94
1510 939 939
1511 99 98
1512 693 691
1513 150 150
1514 120 118
1515 654 654
1516 384 382
1517 369 369
1518 216 214
1519 648 648
1520 402 402
1521 135 134
1522 609 607
1523 459 458
1524 633 633
1525 255 255
1526 597 595
1527 837 836
1528 873 873
1529 615 615
1530 636 634
1531 309 309
1532 492 490
1533 309 309
1534 915 915
1535 828 826
1536 603 603
1537 993 991
1538 249 248
1539 174 172
1540 24 24
1541 120 119
1542 432 430
1543 942 942
1544 975 974
1545 171 169
1546 732 730
1547 975 973
1548 270 269
1549 396 394
1550 36 36
1551 999 998
1552 501 501
1553 978 978
1554 120 119
1555 90 90
1556 498 497
1557 978 978
1558 294 294
1559 765 764
1560 558 558
1561 999 998
1562 441 441
1563 954 953
1564 108 108
1565 870 868
1566 999 997
1567 966 966
1568 75 75
1569 588 587
1570 312 311
1571 456 454
1572 984 983
1573 357 356
1574 33 33
1575 498 497
1576 789 789
1577 45 44
1578 588 587
1579 30 29
1580 963 963
1581 273 272
1582 309 307
1583 225 225
1584 36 35
1585 447 446
1586 453 452
1587 213 212
1588 288 287
1589 435 434
1590 204 203
1591 756 754
1592 774 774
1593 438 438
1594 429 428
1595 471 471
1596 39 37
1597 192 192
1598 249 249
1599 906 905
1600 288 287
1601 120 119
1602 339 339
1603 450 449
1604 399 397
1605 840 838
1606 351 350
1607 468 466
1608 102 102
1609 768 768
1610 27 25
1611 378 376
1612 426 424
1613 498 497
1614 900 899
1615 387 386
1616 549 548
1617 420 419
1618 480 479
1619 561 561
1620 447 445
1621 462 462
1622 297 296
1623 192 190
1624 258 257
1625 63 61
1626 663 661
1627 105 103
1628 711 710
1629 138 136
1630 198 198
1631 921 921
1632 951 950
1633 333 332
1634 204 204
1635 681 679
1636 123 123
1637 885 884
1638 678 676
1639 267 265
1640 3 3
1641 651 651
1642 972 972
1643 774 774
1644 438 436
1645 456 455
1646 885 884
1647 564 562
1648 546 544
1649 279 279
1650 567 566
1651 24 23
1652 690 690
1653 990 989
1654 672 671
1655 969 968
1656 519 519
1657 519 517
1658 492 491
1659 57 57
1660 336 334
1661 459 459
1662 69 67
1663 105 104
1664 288 288
1665 651 649
1666 747 746
1667 969 967
1668 735 735
1669 78 78
1670 108 107
1671 759 759
1672 156 154
1673 753 751
1674 543 541
1675 438 437
1676 303 303
1677 642 641
1678 783 783
1679 801 800
1680 849 848
1681 237 236
1682 780 779
1683 264 264
1684 750 750
1685 873 873
1686 342 342
1687 690 688
1688 816 816
1689 207 205
1690 255 254
1691 453 453
1692 582 581
1693 213 211
1694 243 242
1695 861 861
1696 966 965
1697 78 77
1698 726 725
1699 114 112
1700 828 827
1701 30 28
1702 333 331
1703 795 794
1704 39 37
1705 261 259
1706 588 586
1707 384 382
1708 996 994
1709 744 743
1710 132 130
1711 900 900
1712 747 746
1713 441 441
1714 933 933
1715 204 203
1716 636 634
1717 114 113
1718 960 959
1719 351 351
1720 735 733
1721 774 772
1722 48 46
1723 588 588
1724 651 651
1725 618 616
1726 828 826
1727 402 400
1728 222 221
1729 900 898
1730 798 798
1731 828 828
1732 270 270
1733 279 278
1734 966 965
1735 411 411
1736 228 227
1737 159 158
1738 885 885
1739 258 258
1740 420 419
1741 930 929
1742 144 143
1743 888 886
1744 474 472
1745 912 910
1746 678 676
1747 114 112
1748 588 588
1749 222 222
1750 186 185
1751 612 611
1752 678 676
1753 933 932
1754 597 595
1755 813 812
1756 897 896
1757 816 816
1758 525 523
1759 66 65
1760 624 624
1761 153 151
1762 588 587
1763 51 50
1764 450 448
1765 894 892
1766 927 927
1767 555 555
1768 405 404
1769 444 443
1770 165 165
1771 513 511
1772 756 756
1773 864 863
1774 462 460
1775 207 206
1776 114 113
1777 636 635
1778 426 424
1779 681 679
1780 789 789
1781 558 558
1782 534 532
1783 63 62
1784 345 343
1785 429 429
1786 102 102
1787 864 863
1788 300 300
1789 348 348
1790 135 134
1791 882 880
1792 327 326
1793 276 276
1794 894 894
1795 348 347
1796 642 641
1797 840 839
1798 492 491
1799 459 457
1800 921 920
1801 297 295
1802 756 754
1803 345 343
1804 438 436
1805 819 818
1806 747 747
1807 789 788
1808 438 437
1809 33 32
1810 969 969
1811 522 520
1812 888 886
1813 876 874
1814 921 920
1815 312 311
1816 981 981
1817 678 677
1818 399 397
1819 918 916
1820 690 688
1821 654 653
1822 258 257
1823 231 229
1824 696 696
1825 948 946
1826 534 534
1827 294 293
1828 27 25
1829 399 397
1830 537 535
1831 525 525
1832 522 520
1833 75 75
1834 438 436
1835 459 457
1836 813 811
1837 456 456
1838 93 91
1839 657 656
1840 462 460
1841 414 413
1842 129 128
1843 774 772
1844 750 750
1845 885 883
1846 981 981
1847 678 678
1848 678 677
1849 966 965
1850 555 554
1851 444 443
1852 675 674
1853 75 73
1854 912 910
1855 465 465
1856 807 805
1857 120 119
1858 75 75
1859 522 521
1860 993 992
1861 426 424
1862 69 69
1863 198 198
1864 435 434
1865 87 87
1866 333 331
1867 429 429
1868 153 153
1869 123 123
1870 597 596
1871 867 867
1872 150 150
1873 372 371
1874 579 579
1875 834 833
1876 606 605
1877 570 568
1878 501 499
1879 213 211
1880 858 857
1881 510 510
1882 219 219
1883 444 444
1884 942 940
1885 954 954
1886 108 107
1887 708 706
1888 717 716
1889 759 757
1890 855 853
1891 513 512
1892 567 567
1893 879 879
1894 69 68
1895 663 663
1896 633 632
1897 630 628
1898 576 575
1899 636 635
1900 255 254
1901 858 858
1902 903 902
1903 654 652
1904 228 227
1905 720 720
1906 102 100
1907 27 25
1908 309 307
1909 522 521
1910 540 539
1911 558 558
1912 747 745
1913 480 478
1914 756 754
1915 423 423
1916 876 876
1917 648 647
1918 306 306
1919 387 386
1920 912 911
1921 699 698
1922 534 532
1923 171 169
1924 957 956
1925 564 562
1926 414 412
1927 933 933
1928 441 440
1929 987 985
1930 618 617
1931 852 851
1932 546 546
1933 213 213
1934 138 138
1935 123 122
1936 990 988
1937 414 414
1938 57 57
1939 861 859
1940 186 184
1941 246 246
1942 300 300
1943 696 695
1944 924 923
1945 984 983
1946 39 38
1947 501 500
1948 870 868
1949 840 840
1950 756 754
1951 816 816
1952 159 157
1953 144 144
1954 945 944
1955 84 84
1956 441 441
1957 282 281
1958 903 901
1959 690 689
1960 918 916
1961 366 365
1962 831 831
1963 303 302
1964 879 878
1965 276 276
1966 543 542
1967 648 647
1968 279 279
1969 252 252
1970 636 636
1971 927 927
1972 900 900
1973 912 911
1974 237 237
1975 384 383
1976 33 32
1977 522 520
1978 432 431
1979 213 212
1980 171 171
1981 150 149
1982 516 515
1983 612 612
1984 294 294
1985 471 470
1986 474 474
1987 345 344
1988 399 397
1989 597 596
1990 777 776
1991 486 484
1992 939 939
1993 963 962
1994 588 587
1995 84 82
1996 810 808
1997 72 71
1998 78 76
1999 27 26
2000 96 94
2001 324 322
2002 102 100
2003 591 589
2004 471 471
2005 774 772
2006 930 928
2007 420 420
2008 507 505
2009 786 785
2010 759 758
2011 93 93
2012 18 17
2013 864 862
2014 294 293
2015 384 382
2016 636 635
2017 477 476
2018 129 128
2019 216 216
2020 417 416
2021 219 219
2022 741 739
2023 156 156
2024 519 517
2025 408 407
2026 684 684
2027 738 737
2028 858 858
2029 168 166
2030 459 458
2031 636 635
2032 186 184
2033 297 296
2034 489 489
2035 390 389
2036 954 954
2037 861 861
2038 126 124
2039 873 872
2040 438 436
2041 402 402
2042 147 145
2043 9 9
2044 969 967
2045 6 4
2046 633 632
2047 327 326
2048 978 978
2049 732 730
2050 342 340
2051 474 473
2052 99 98
2053 288 286
2054 474 472
2055 867 867
2056 243 242
2057 366 365
2058 651 650
2059 801 801
2060 387 387
2061 492 490
2062 531 530
2063 243 243
2064 366 365
2065 936 934
2066 765 763
2067 975 975
2068 228 227
2069 180 179
2070 795 793
2071 852 850
2072 444 443
2073 396 395
2074 75 74
2075 855 855
2076 597 595
2077 309 309
2078 213 213
2079 807 805
2080 837 837
2081 288 288
2082 918 917
2083 669 668
2084 699 699
2085 528 526
2086 774 773
2087 633 632
2088 531 531
2089 867 866
2090 6 5
2091 612 612
2092 852 851
2093 57 57
2094 300 299
2095 216 216
2096 663 661
2097 852 852
2098 324 323
2099 876 876
2100 918 916
2101 852 852
2102 537 535
2103 915 914
2104 357 357
2105 207 205
2106 504 503
2107 174 174
2108 207 207
2109 468 467
2110 579 578
2111 57 57
2112 516 514
2113 864 863
2114 315 314
2115 474 474
2116 747 747
2117 762 762
2118 141 140
2119 531 531
2120 255 254
2121 969 967
2122 975 973
2123 321 321
2124 675 674
2125 375 373
2126 69 69
2127 813 811
2128 489 488
2129 963 963
2130 975 975
2131 708 706
2132 348 348
2133 915 914
2134 264 263
2135 681 680
2136 372 370
2137 984 982
2138 339 338
2139 579 577
2140 162 161
2141 861 861
2142 906 905
2143 894 892
2144 915 915
2145 126 125
2146 471 469
2147 234 233
2148 570 570
2149 555 553
2150 900 900
2151 774 772
2152 750 749
2153 615 613
2154 978 978
2155 528 528
2156 273 272
2157 333 333
2158 129 129
2159 375 373
2160 216 215
2161 714 713
2162 282 281
2163 123 123
2164 597 595
2165 582 580
2166 144 143
2167 396 396
2168 738 738
2169 672 672
2170 732 730
2171 471 469
2172 357 355
2173 987 986
2174 258 257
2175 45 44
2176 504 503
2177 294 292
2178 192 190
2179 483 483
2180 33 33
2181 174 173
2182 855 853
2183 372 371
2184 975 974
2185 522 522
2186 237 237
2187 771 770
2188 48 46
2189 393 393
2190 702 701
2191 927 925
2192 282 280
2193 354 352
2194 753 752
2195 741 741
2196 315 313
2197 852 850
2198 291 289
2199 318 318
2200 159 157
2201 651 649
2202 423 423
2203 525 523
2204 372 372
2205 780 780
2206 825 825
2207 579 579
2208 174 174
2209 603 603
2210 516 515
2211 567 567
2212 888 887
2213 774 773
2214 936 935
2215 96 96
2216 348 347
2217 825 824
2218 612 612
2219 381 381
2220 987 986
2221 297 297
2222 699 698
2223 957 955
2224 174 173
2225 936 935
2226 555 555
2227 27 26
2228 903 902
2229 966 964
2230 636 636
2231 222 222
2232 348 348
2233 516 515
2234 474 473
2235 717 715
2236 492 492
2237 453 451
2238 69 67
2239 426 424
2240 450 448
2241 786 785
2242 582 581
2243 390 389
2244 333 331
2245 243 241
2246 684 682
2247 564 564
2248 429 427
2249 414 414
2250 201 201
2251 810 810
2252 846 846
2253 534 533
2254 555 553
2255 945 943
2256 429 428
2257 174 174
2258 357 356
2259 330 329
2260 228 227
2261 180 178
2262 807 807
2263 255 253
2264 549 549
2265 855 853
2266 234 232
2267 24 22
2268 315 315
2269 981 981
2270 63 63
2271 60 59
2272 813 813
2273 954 952
2274 510 509
2275 558 557
2276 600 599
2277 435 434
2278 423 423
2279 120 118
2280 222 222
2281 876 876
2282 603 603
2283 546 546
2284 456 456
2285 69 69
2286 201 201
2287 450 449
2288 432 431
2289 621 621
2290 492 491
2291 957 955
2292 192 190
2293 396 396
2294 822 820
2295 852 850
2296 282 282
2297 663 663
2298 78 77
2299 987 987
2300 297 297
2301 141 139
2302 123 123
2303 357 356
2304 744 742
2305 354 352
2306 90 89
2307 552 551
2308 987 986
2309 615 614
2310 918 916
2311 342 341
2312 54 52
2313 906 906
2314 627 626
2315 420 420
2316 834 834
2317 747 746
2318 681 681
2319 633 633
2320 534 533
2321 285 284
2322 927 926
2323 783 782
2324 747 745
2325 420 419
2326 69 67
2327 237 236
2328 258 257
2329 540 538
2330 624 622
2331 834 833
2332 201 199
2333 864 862
2334 144 144
2335 909 908
2336 561 561
2337 327 327
2338 852 851
2339 453 451
2340 261 261
2341 456 455
2342 612 611
2343 468 467
2344 30 29
2345 411 409
2346 846 846
2347 600 600
2348 675 675
2349 186 186
2350 243 243
2351 762 760
2352 438 438
2353 342 340
2354 912 910
2355 339 339
2356 939 938
2357 45 45
2358 195 194
2359 63 61
2360 486 484
2361 918 916
2362 39 37
2363 324 322
2364 444 443
2365 678 676
2366 519 519
2367 393 393
2368 648 648
2369 600 598
2370 570 570
2371 930 930
2372 816 814
2373 60 59
2374 219 219
2375 768 767
2376 99 98
2377 447 447
2378 375 375
2379 72 70
2380 171 171
2381 255 255
2382 582 582
2383 540 540
2384 738 738
2385 219 219
2386 870 868
2387 12 11
2388 285 283
2389 261 260
2390 675 674
2391 60 60
2392 594 594
2393 495 494
2394 561 560
2395 279 277
2396 393 391
2397 969 967
2398 15 14
2399 918 917
2400 420 418
2401 750 750
2402 102 102
2403 396 394
2404 654 654
2405 381 380
2406 150 148
2407 675 673
2408 282 281
2409 816 814
2410 654 653
2411 150 150
2412 852 850
2413 258 256
2414 309 307
2415 279 279
2416 531 530
2417 612 611
2418 519 518
2419 990 988
2420 795 795
2421 105 103
2422 453 452
2423 987 986
2424 309 307
2425 897 897
2426 867 865
2427 621 619
2428 228 226
2429 279 278
2430 33 31
2431 663 662
2432 48 47
2433 279 277
2434 888 887
2435 861 861
2436 30 30
2437 474 473
2438 198 198
2439 810 809
2440 957 956
2441 564 564
2442 339 337
2443 450 448
2444 105 105
2445 807 805
2446 762 760
2447 168 167
2448 477 476
2449 204 202
2450 192 190
2451 897 896
2452 834 834
2453 327 326
2454 336 334
2455 630 629
2456 513 512
2457 612 612
2458 993 991
2459 363 362
2460 756 755
2461 642 641
2462 786 785
2463 759 758
2464 993 991
2465 15 13
2466 144 142
2467 387 386
2468 543 541
2469 387 386
2470 819 817
2471 882 880
2472 276 274
2473 300 299
2474 969 969
2475 909 908
2476 855 854
2477 207 206
2478 312 310
2479 72 70
2480 435 434
2481 618 618
2482 525 523
2483 975 974
2484 618 617
2485 795 793
2486 411 410
2487 336 334
2488 384 383
2489 249 247
2490 420 418
2491 588 587
2492 69 68
2493 114 112
2494 798 796
2495 645 644
2496 474 474
2497 942 941
2498 243 241
2499 891 889
2500 642 642
2501 183 183
2502 270 269
2503 876 876
2504 852 851
2505 579 578
2506 639 639
2507 237 235
2508 660 659
2509 909 907
2510 942 942
2511 996 995
2512 156 155
2513 42 42
2514 606 605
2515 471 470
2516 879 878
2517 960 960
2518 489 487
2519 144 142
2520 348 346
2521 180 178
2522 348 347
2523 855 855
2524 453 453
2525 924 923
2526 306 304
2527 522 520
2528 888 888
2529 390 389
2530 738 738
2531 876 874
2532 936 935
2533 474 472
2534 531 531
2535 87 87
2536 831 831
2537 435 433
2538 531 530
2539 819 819
2540 855 854
2541 588 588
2542 129 127
2543 294 294
2544 438 438
2545 162 162
2546 798 796
2547 354 352
2548 858 858
2549 213 212
2550 462 461
2551 123 123
2552 72 71
2553 39 37
2554 888 888
2555 702 701
2556 45 44
2557 492 491
2558 822 822
2559 243 242
2560 459 458
2561 837 837
2562 921 919
2563 135 133
2564 492 491
2565 144 142
2566 819 817
2567 186 184
2568 936 934
2569 498 496
2570 459 458
2571 936 934
2572 81 81
2573 852 850
2574 186 185
2575 18 16
2576 549 549
2577 435 434
2578 744 744
2579 582 580
2580 903 902
2581 996 995
2582 990 988
2583 111 111
2584 504 504
2585 834 832
2586 117 115
2587 822 820
2588 162 162
2589 150 150
2590 78 76
2591 837 835
2592 408 406
2593 174 173
2594 708 706
2595 474 474
2596 912 910
2597 825 823
2598 9 9
2599 462 462
2600 696 696
2601 96 96
2602 432 431
2603 189 187
2604 357 355
2605 180 179
2606 93 92
2607 633 631
2608 249 247
2609 501 499
2610 738 737
2611 291 291
2612 210 209
2613 744 743
2614 789 788
2615 450 449
2616 444 444
2617 612 611
2618 834 834
2619 504 502
2620 81 80
2621 879 878
2622 93 91
2623 618 617
2624 855 854
2625 624 622
2626 570 570
2627 771 770
2628 939 937
2629 990 989
2630 762 762
2631 291 291
2632 864 862
2633 561 559
2634 234 233
2635 594 594
2636 420 420
2637 651 649
2638 201 200
2639 807 805
2640 438 437
2641 915 915
2642 432 432
2643 837 835
2644 909 907
2645 240 238
2646 975 974
2647 897 897
2648 99 99
2649 816 815
2650 57 55
2651 636 634
2652 237 236
2653 963 961
2654 12 12
2655 894 894
2656 513 512
2657 288 286
2658 129 127
2659 747 747
2660 228 226
2661 705 703
2662 942 940
2663 231 230
2664 222 222
2665 432 430
2666 642 640
2667 156 155
2668 237 236
2669 579 579
2670 630 629
2671 57 56
2672 615 613
2673 405 404
2674 141 139
2675 198 198
2676 333 331
2677 252 250
2678 936 936
2679 615 615
2680 381 381
2681 948 946
2682 993 993
2683 849 849
2684 834 832
2685 489 489
2686 543 542
2687 258 256
2688 648 646
2689 201 199
2690 714 713
2691 513 511
2692 549 547
2693 543 541
2694 720 719
2695 66 64
2696 300 298
2697 654 654
2698 237 237
2699 696 694
2700 972 972
2701 945 945
2702 108 107
2703 3 2
2704 42 40
2705 813 812
2706 732 732
2707 915 915
2708 630 628
2709 834 834
2710 261 260
2711 486 484
2712 396 394
2713 918 918
2714 9 8
2715 819 817
2716 276 275
2717 549 549
2718 57 57
2719 690 689
2720 648 647
2721 633 632
2722 210 208
2723 621 621
2724 723 722
2725 111 111
2726 789 787
2727 39 39
2728 354 353
2729 855 854
2730 864 862
2731 726 724
2732 852 850
2733 219 219
2734 300 299
2735 378 378
2736 375 375
2737 423 421
2738 402 402
2739 852 850
2740 204 203
2741 384 382
2742 672 672
2743 615 614
2744 204 202
2745 843 842
2746 438 436
2747 867 867
2748 837 837
2749 894 893
2750 519 517
2751 105 104
2752 525 524
2753 729 729
2754 549 549
2755 30 29
2756 195 193
2757 855 853
2758 921 920
2759 318 316
2760 843 843
2761 159 158
2762 87 85
2763 756 755
2764 321 320
2765 306 305
2766 708 707
2767 681 680
2768 315 313
2769 495 494
2770 333 333
2771 405 403
2772 393 393
2773 513 511
2774 726 726
2775 201 199
2776 792 790
2777 495 494
2778 759 757
2779 810 808
2780 984 982
2781 258 258
2782 699 698
2783 678 677
2784 651 651
2785 642 642
2786 855 854
2787 279 279
2788 303 303
2789 33 31
2790 63 63
2791 144 144
2792 369 368
2793 246 246
2794 699 697
2795 285 285
2796 540 540
2797 909 907
2798 477 477
2799 900 900
2800 798 798
2801 759 759
2802 399 397
2803 111 110
2804 855 855
2805 525 523
2806 93 93
2807 141 141
2808 414 413
2809 987 986
2810 492 492
2811 255 254
2812 495 494
2813 612 610
2814 336 336
2815 393 392
2816 30 29
2817 579 579
2818 582 581
2819 27 27
2820 981 980
2821 414 414
2822 375 374
2823 780 778
2824 480 480
2825 294 294
2826 252 250
2827 282 281
2828 618 616
2829 531 530
2830 288 288
2831 582 582
2832 384 382
2833 378 376
2834 594 594
2835 267 267
2836 699 699
2837 180 179
2838 15 13
2839 843 842
2840 567 566
2841 351 350
2842 303 303
2843 96 95
2844 687 686
2845 888 887
2846 834 832
2847 315 314
2848 213 211
2849 228 228
2850 474 473
2851 123 122
2852 738 736
2853 384 384
2854 489 487
2855 132 130
2856 219 219
2857 960 958
2858 618 616
2859 696 694
2860 555 555
2861 132 132
2862 462 460
2863 903 903
2864 18 17
2865 300 298
2866 279 277
2867 765 763
2868 360 359
2869 393 392
2870 657 655
2871 189 189
2872 333 331
2873 93 91
2874 609 608
2875 234 234
2876 54 52
2877 471 471
2878 513 512
2879 306 305
2880 789 787
2881 222 221
2882 780 778
2883 132 130
2884 342 340
2885 153 151
2886 378 377
2887 921 920
2888 507 506
2889 681 679
2890 573 571
2891 126 126
2892 381 381
2893 252 251
2894 195 193
2895 141 141
2896 183 183
2897 117 115
2898 468 468
2899 228 228
2900 603 602
2901 651 649
2902 498 497
2903 222 222
2904 813 811
2905 648 647
2906 966 965
2907 288 287
2908 195 194
2909 996 996
2910 570 570
2911 777 775
2912 144 143
2913 441 439
2914 840 840
2915 6 5
2916 582 582
2917 330 330
2918 852 852
2919 741 740
2920 627 627
2921 360 359
2922 717 715
2923 753 753
2924 918 918
2925 720 718
2926 384 383
2927 180 178
2928 618 616
2929 543 541
2930 450 449
2931 642 640
2932 222 220
2933 351 349
2934 870 868
2935 357 357
2936 894 894
2937 660 660
2938 162 160
2939 96 94
2940 408 407
2941 462 461
2942 204 204
2943 570 570
2944 360 358
2945 594 593
2946 732 731
2947 195 193
2948 423 423
2949 681 680
2950 786 784
2951 87 86
2952 978 976
2953 330 328
2954 531 529
2955 279 277
2956 783 783
2957 831 829
2958 687 686
2959 957 956
2960 855 853
2961 672 670
2962 363 362
2963 294 293
2964 813 813
2965 54 54
2966 99 97
2967 819 818
2968 927 925
2969 312 312
2970 9 8
2971 594 592
2972 75 75
2973 450 450
2974 216 216
2975 492 492
2976 840 840
2977 60 58
2978 21 19
2979 666 664
2980 936 936
2981 516 515
2982 237 237
2983 951 950
2984 9 8
2985 546 545
2986 933 931
2987 627 627
2988 231 230
2989 369 368
2990 327 327
2991 693 693
2992 429 428
2993 810 808
2994 978 977
2995 342 341
2996 711 709
2997 645 644
2998 927 927
2999 39 38
3000 936 934
3001 831 829
3002 375 373
3003 261 259
3004 384 382
3005 75 75
3006 141 141
3007 774 772
3008 462 461
3009 636 636
3010 579 577
3011 897 897
3012 33 32
3013 261 259
3014 468 467
3015 621 621
3016 396 395
3017 204 202
3018 51 51
3019 381 380
3020 735 733
3021 711 711
3022 816 816
3023 222 220
3024 63 63
3025 147 146
3026 711 709
3027 480 479
3028 276 276
3029 687 685
3030 495 494
3031 615 615
3032 546 546
3033 234 234
3034 96 96
3035 297 297
3036 993 992
3037 426 424
3038 669 668
3039 468 466
3040 255 253
3041 855 854
3042 171 171
3043 84 84
3044 120 119
3045 384 382
3046 522 522
3047 450 449
3048 570 569
3049 588 587
3050 666 664
3051 984 982
3052 300 298
3053 27 26
3054 996 995
3055 426 425
3056 222 221
3057 6 4
3058 558 558
3059 69 68
3060 612 611
3061 420 418
3062 567 566
3063 543 543
3064 924 922
3065 24 23
3066 831 831
3067 417 416
3068 474 473
3069 924 922
3070 189 187
3071 591 590
3072 777 777
3073 960 960
3074 156 155
3075 354 353
3076 63 61
3077 438 437
3078 180 179
3079 237 236
3080 699 698
3081 918 916
3082 84 82
3083 708 707
3084 873 871
3085 738 738
3086 927 927
3087 255 253
3088 471 470
3089 447 446
3090 69 68
3091 291 290
3092 27 25
3093 414 412
3094 345 343
3095 933 933
3096 951 949
3097 159 157
3098 510 508
3099 138 138
3100 507 505
3101 657 655
3102 741 739
3103 153 153
3104 936 935
3105 588 587
3106 474 472
3107 387 385
3108 714 714
3109 465 465
3110 606 605
3111 414 413
3112 702 702
3113 78 77
3114 825 825
3115 51 50
3116 180 179
3117 717 717
3118 117 116
3119 135 134
3120 978 978
3121 402 401
3122 330 328
3123 747 746
3124 207 205
3125 609 609
3126 225 225
3127 825 825
3128 957 955
3129 204 202
3130 342 341
3131 351 350
3132 186 185
3133 618 617
3134 447 445
3135 465 465
3136 873 873
3137 735 733
3138 579 577
3139 756 754
3140 246 246
3141 258 256
3142 177 175
3143 252 252
3144 351 350
3145 585 583
3146 39 37
3147 747 747
3148 606 606
3149 927 925
3150 876 874
3151 816 814
3152 642 641
3153 285 283
3154 753 752
3155 141 141
3156 345 345
3157 108 107
3158 438 436
3159 93 91
3160 78 76
3161 447 447
3162 60 60
3163 132 132
3164 351 351
3165 447 446
3166 273 271
3167 240 240
3168 375 374
3169 201 200
3170 921 920
3171 192 190
3172 612 610
3173 942 940
3174 261 259
3175 930 929
3176 264 264
3177 489 488
3178 519 518
3179 462 462
3180 921 920
3181 963 961
3182 714 713
3183 843 843
3184 51 51
3185 702 702
3186 375 374
3187 402 401
3188 12 12
3189 546 545
3190 618 617
3191 660 659
3192 849 848
3193 573 573
3194 801 800
3195 252 252
3196 69 69
3197 498 496
3198 531 531
3199 486 484
3200 63 62
3201 396 394
3202 39 37
3203 333 331
3204 684 684
3205 309 308
3206 969 968
3207 909 908
3208 678 678
3209 522 522
3210 429 429
3211 924 923
3212 210 210
3213 939 937
3214 537 537
3215 345 343
3216 153 153
3217 315 313
3218 339 337
3219 840 840
3220 48 46
3221 189 187
3222 270 270
3223 651 649
3224 288 287
3225 588 587
3226 858 857
3227 705 703
3228 483 482
3229 510 510
3230 993 992
3231 369 367
3232 90 89
3233 885 885
3234 207 206
3235 813 811
3236 630 630
3237 633 632
3238 657 655
3239 126 126
3240 672 671
3241 126 124
3242 792 792
3243 381 379
3244 195 194
3245 261 261
3246 915 915
3247 915 913
3248 738 737
3249 939 939
3250 360 360
3251 42 41
3252 423 423
3253 603 601
3254 534 533
3255 720 718
3256 771 769
3257 378 377
3258 57 55
3259 669 667
3260 120 118
3261 456 456
3262 87 86
3263 48 48
3264 567 567
3265 144 144
3266 726 724
3267 543 541
3268 744 743
3269 225 224
3270 894 894
3271 903 901
3272 507 507
3273 807 806
3274 27 25
3275 21 20
3276 396 394
3277 279 277
3278 390 389
3279 627 625
3280 927 925
3281 606 606
3282 471 469
3283 309 308
3284 273 272
3285 915 915
3286 855 853
3287 72 72
3288 936 935
3289 120 119
3290 618 618
3291 402 402
3292 162 161
3293 33 31
3294 495 493
3295 960 959
3296 618 616
3297 924 923
3298 330 328
3299 618 617
3300 687 687
3301 966 965
3302 864 862
3303 651 651
3304 588 586
3305 666 664
3306 912 911
3307 210 208
3308 747 745
3309 171 169
3310 225 225
3311 465 463
3312 78 76
3313 129 129
3314 930 928
3315 321 321
3316 153 151
3317 507 505
3318 822 822
3319 345 345
3320 336 335
3321 654 653
3322 123 123
3323 858 858
3324 750 748
3325 666 665
3326 933 933
3327 108 108
3328 381 381
3329 711 710
3330 345 344
3331 138 136
3332 582 582
3333 93 93
3334 384 384
3335 510 510
3336 660 660
3337 915 914
3338 12 10
3339 366 365
3340 111 110
3341 540 538
3342 303 302
3343 381 379
3344 264 262
3345 735 733
3346 441 439
3347 114 112
3348 654 654
3349 300 300
3350 681 680
3351 969 968
3352 516 515
3353 717 715
3354 138 136
3355 447 445
3356 597 597
3357 858 856
3358 279 279
3359 648 648
3360 900 900
3361 42 41
3362 999 998
3363 216 216
3364 708 708
3365 858 858
3366 483 483
3367 393 392
3368 609 609
3369 525 524
3370 162 162
3371 438 437
3372 669 667
3373 774 774
3374 630 628
3375 264 262
3376 837 835
3377 114 112
3378 315 315
3379 138 138
3380 510 508
3381 531 530
3382 435 435
3383 684 684
3384 891 890
3385 138 137
3386 996 995
3387 882 882
3388 189 189
3389 402 402
3390 705 705
3391 891 889
3392 249 247
3393 135 133
3394 978 977
3395 996 994
3396 657 657
3397 594 594
3398 366 366
3399 969 968
3400 186 186
3401 984 982
3402 609 607
3403 552 551
3404 537 535
3405 759 759
3406 468 467
3407 222 222
3408 540 539
3409 525 523
3410 93 93
3411 837 837
3412 648 648
3413 159 157
3414 786 784
3415 399 399
3416 300 300
3417 312 312
3418 435 434
3419 729 729
3420 279 277
3421 507 505
3422 390 389
3423 402 401
3424 279 277
3425 312 312
3426 618 617
3427 879 879
3428 678 678
3429 735 735
3430 396 395
3431 960 958
3432 615 613
3433 753 753
3434 426 425
3435 708 707
3436 804 803
3437 765 764
3438 564 563
3439 39 37
3440 201 199
3441 672 671
3442 228 227
3443 237 235
3444 501 500
3445 204 204
3446 405 405
3447 810 809
3448 657 657
3449 510 510
3450 615 615
3451 771 770
3452 180 180
3453 477 476
3454 891 890
3455 960 958
3456 942 941
3457 477 476
3458 942 942
3459 903 902
3460 651 649
3461 417 416
3462 243 241
3463 645 643
3464 156 156
3465 813 812
3466 834 833
3467 564 562
3468 813 813
3469 678 677
3470 558 557
3471 555 554
3472 951 949
3473 972 971
3474 591 591
3475 915 915
3476 576 576
3477 951 951
3478 60 60
3479 129 128
3480 378 377
3481 471 469
3482 393 393
3483 366 366
3484 123 122
3485 420 419
3486 912 912
3487 651 650
3488 219 217
3489 105 104
3490 729 729
3491 615 614
3492 84 84
3493 69 69
3494 33 33
3495 510 509
3496 192 190
3497 336 334
3498 39 37
3499 291 290
3500 126 126
3501 324 322
3502 33 31
3503 366 364
3504 159 159
3505 672 670
3506 642 640
3507 501 501
3508 522 522
3509 504 502
3510 357 356
3511 846 845
3512 966 965
3513 996 996
3514 930 928
3515 660 659
3516 705 703
3517 711 710
3518 216 215
3519 414 412
3520 483 481
3521 780 779
3522 666 664
3523 267 265
3524 855 854
3525 447 446
3526 339 337
3527 759 757
3528 651 651
3529 705 705
3530 768 767
3531 900 900
3532 336 335
3533 621 619
3534 645 643
3535 981 981
3536 132 131
3537 828 826
3538 384 382
3539 402 401
3540 957 955
3541 99 97
3542 726 724
3543 978 977
3544 396 395
3545 324 323
3546 261 261
3547 756 755
3548 411 411
3549 558 557
3550 201 199
3551 12 12
3552 21 19
3553 735 735
3554 237 237
3555 408 407
3556 198 198
3557 741 739
3558 540 538
3559 420 420
3560 933 931
3561 438 436
3562 303 302
3563 219 217
3564 441 439
3565 729 728
3566 159 159
3567 741 741
3568 852 851
3569 711 710
3570 369 369
3571 576 575
3572 684 684
3573 210 209
3574 312 310
3575 996 995
3576 45 45
3577 780 778
3578 558 558
3579 156 156
3580 918 918
3581 306 305
3582 696 696
3583 300 298
3584 288 288
3585 606 604
3586 831 830
3587 303 302
3588 927 927
3589 429 429
3590 534 533
3591 282 281
3592 798 798
3593 888 888
3594 420 418
3595 720 720
3596 189 189
3597 570 570
3598 303 301
3599 747 746
3600 567 566
3601 555 555
3602 954 953
3603 48 47
3604 603 603
3605 972 972
3606 531 529
3607 963 962
3608 546 546
3609 483 481
3610 462 461
3611 360 360
3612 825 824
3613 762 760
3614 675 674
3615 471 471
3616 843 841
3617 81 80
3618 975 973
3619 471 471
3620 768 766
3621 930 930
3622 336 336
3623 174 172
3624 822 820
3625 771 771
3626 357 355
3627 3 1
3628 699 699
3629 663 663
3630 717 716
3631 6 5
3632 300 300
3633 135 135
3634 639 638
3635 444 442
3636 507 506
3637 165 164
3638 672 670
3639 474 472
3640 723 721
3641 435 433
3642 210 208
3643 174 174
3644 315 314
3645 732 732
3646 558 558
3647 747 745
3648 54 52
3649 93 92
3650 18 17
3651 459 459
3652 222 220
3653 564 564
3654 309 309
3655 885 884
3656 111 110
3657 342 342
3658 882 881
3659 540 540
3660 498 496
3661 9 9
3662 237 236
3663 849 847
3664 966 965
3665 987 987
3666 513 513
3667 783 782
3668 210 208
3669 456 455
3670 333 331
3671 420 420
3672 549 548
3673 33 32
3674 810 809
3675 486 486
3676 189 187
3677 237 235
3678 405 403
3679 156 154
3680 339 339
3681 459 457
3682 210 210
3683 552 552
3684 801 801
3685 435 434
3686 588 587
3687 420 420
3688 924 922
3689 435 434
3690 732 732
3691 171 169
3692 69 69
3693 807 807
3694 30 29
3695 822 822
3696 402 402
3697 873 872
3698 186 184
3699 798 797
3700 366 365
3701 513 511
3702 258 258
3703 471 470
3704 747 747
3705 696 696
3706 288 287
3707 57 56
3708 636 634
3709 96 95
3710 96 96
3711 384 384
3712 6 5
3713 462 461
3714 498 496
3715 840 840
3716 120 118
3717 813 812
3718 780 778
3719 186 185
3720 579 578
3721 471 470
3722 909 909
3723 786 784
3724 744 744
3725 219 217
3726 90 88
3727 468 468
3728 258 257
3729 519 517
3730 687 685
3731 189 189
3732 834 833
3733 885 883
3734 546 545
3735 489 487
3736 510 508
3737 792 791
3738 435 434
3739 462 460
3740 801 801
3741 327 327
3742 657 655
3743 54 53
3744 819 818
3745 996 994
3746 468 467
3747 939 938
3748 522 522
3749 900 898
3750 516 514
3751 774 772
3752 831 829
3753 618 617
3754 531 530
3755 633 633
3756 651 650
3757 495 495
3758 795 795
3759 513 512
3760 612 612
3761 147 146
3762 528 527
3763 177 176
3764 69 68
3765 411 411
3766 651 650
3767 693 693
3768 786 784
3769 600 599
3770 771 770
3771 3 3
3772 327 327
3773 972 971
3774 249 247
3775 777 776
3776 258 258
3777 360 359
3778 45 44
3779 336 334
3780 78 76
3781 438 436
3782 84 84
3783 519 518
3784 660 659
3785 39 37
3786 69 69
3787 798 797
3788 180 180
3789 282 281
3790 648 648
3791 516 514
3792 978 978
3793 807 807
3794 486 486
3795 231 229
3796 552 550
3797 705 703
3798 420 420
3799 819 818
3800 81 80
3801 609 607
3802 231 231
3803 948 947
3804 141 140
3805 300 300
3806 18 16
3807 210 209
3808 159 158
3809 174 172
3810 489 489
3811 588 588
3812 735 734
3813 834 834
3814 456 454
3815 918 917
3816 534 532
3817 507 505
3818 270 269
3819 819 819
3820 774 773
3821 615 615
3822 942 941
3823 12 10
3824 396 394
3825 372 372
3826 483 482
3827 438 437
3828 9 8
3829 825 824
3830 984 983
3831 429 428
3832 564 562
3833 591 591
3834 306 306
3835 846 846
3836 531 529
3837 120 120
3838 339 339
3839 945 944
3840 309 308
3841 762 761
3842 918 916
3843 444 444
3844 720 719
3845 717 716
3846 27 26
3847 957 955
3848 960 960
3849 135 133
3850 963 962
3851 84 82
3852 204 204
3853 996 994
3854 726 724
3855 921 920
3856 312 310
3857 42 41
3858 837 835
3859 720 718
3860 426 425
3861 429 428
3862 549 547
3863 366 365
3864 681 680
3865 906 904
3866 786 785
3867 891 891
3868 942 940
3869 105 104
3870 360 358
3871 432 430
3872 855 853
3873 831 830
3874 645 644
3875 615 614
3876 585 583
3877 516 515
3878 831 830
3879 48 47
3880 927 927
3881 228 226
3882 462 460
3883 492 492
3884 141 139
3885 561 560
3886 549 548
3887 165 165
3888 501 501
3889 462 462
3890 27 26
3891 123 121
3892 90 88
3893 333 333
3894 816 816
3895 381 380
3896 801 801
3897 321 320
3898 840 838
3899 180 178
3900 399 399
3901 30 29
3902 771 771
3903 42 41
3904 258 258
3905 333 332
3906 9 9
3907 12 11
3908 768 767
3909 495 494
3910 516 516
3911 843 841
3912 987 986
3913 768 766
3914 789 787
3915 618 616
3916 354 353
3917 99 99
3918 6 5
3919 249 247
3920 72 72
3921 822 820
3922 69 69
3923 105 103
3924 663 663
3925 531 530
3926 318 318
3927 561 561
3928 711 709
3929 744 744
3930 231 231
3931 828 827
3932 426 424
3933 222 222
3934 945 944
3935 477 475
3936 468 466
3937 66 65
3938 252 251
3939 354 353
3940 831 829
3941 924 924
3942 315 315
3943 690 689
3944 801 799
3945 804 803
3946 417 415
3947 840 838
3948 408 407
3949 234 234
3950 657 655
3951 402 400
3952 15 13
3953 75 73
3954 159 158
3955 351 350
3956 174 173
3957 228 226
3958 999 998
3959 93 92
3960 309 308
3961 345 345
3962 822 822
3963 774 774
3964 570 569
3965 573 571
3966 768 767
3967 939 938
3968 861 861
3969 969 967
3970 963 962
3971 636 634
3972 837 835
3973 825 823
3974 852 851
3975 567 567
3976 120 120
3977 465 463
3978 153 153
3979 384 382
3980 987 987
3981 654 653
3982 276 275
3983 345 343
3984 159 157
3985 519 519
3986 156 155
3987 240 240
3988 195 194
3989 393 391
3990 609 607
3991 744 742
3992 999 998
3993 27 26
3994 714 714
3995 69 67
3996 867 865
3997 612 612
3998 351 351
3999 777 776
4000 549 547
4001 885 885
4002 687 686
4003 846 845
4004 999 999
4005 63 62
4006 342 340
4007 75 75
4008 510 508
4009 108 108
4010 816 815
4011 585 585
4012 576 574
4013 246 244
4014 129 127
4015 195 195
4016 81 81
4017 261 261
4018 414 414
4019 189 188
4020 366 366
4021 912 912
4022 234 232
4023 318 317
4024 612 612
4025 741 739
4026 276 275
4027 780 779
4028 129 128
4029 954 953
4030 297 296
4031 189 188
4032 21 20
4033 99 99
4034 192 192
4035 915 914
4036 363 363
4037 228 226
4038 168 167
4039 942 942
4040 723 723
4041 579 577
4042 291 291
4043 798 797
4044 738 737
4045 624 623
4046 573 573
4047 822 822
4048 825 824
4049 540 539
4050 504 502
4051 876 874
4052 762 762
4053 672 670
4054 813 811
4055 867 866
4056 852 852
4057 132 132
4058 363 362
4059 828 828
4060 399 398
4061 780 778
4062 627 626
4063 918 918
4064 738 736
4065 810 809
4066 951 950
4067 609 609
4068 615 614
4069 897 897
4070 315 314
4071 384 383
4072 678 677
4073 816 814
4074 276 276
4075 429 428
4076 84 83
4077 912 910
4078 222 220
4079 864 864
4080 267 266
4081 81 81
4082 435 435
4083 123 122
4084 813 812
4085 519 519
4086 537 535
4087 960 958
4088 408 408
4089 981 981
4090 510 509
4091 72 72
4092 309 307
4093 264 263
4094 231 229
4095 558 558
4096 312 312
4097 297 295
4098 939 938
4099 708 706
4100 768 768
4101 342 340
4102 711 711
4103 783 781
4104 708 706
4105 939 939
4106 276 274
4107 783 781
4108 438 436
4109 435 434
4110 765 763
4111 903 903
4112 432 431
4113 903 903
4114 936 934
4115 357 356
4116 615 614
4117 486 484
4118 837 836
4119 57 56
4120 975 975
4121 480 478
4122 390 390
4123 951 950
4124 585 584
4125 555 553
4126 210 210
4127 414 413
4128 450 450
4129 471 469
4130 531 531
4131 717 717
4132 633 633
4133 612 612
4134 837 836
4135 339 338
4136 939 938
4137 699 697
4138 807 805
4139 864 864
4140 147 147
4141 219 217
4142 798 796
4143 30 28
4144 576 575
4145 837 837
4146 831 829
4147 195 193
4148 975 975
4149 384 382
4150 210 210
4151 33 32
4152 489 488
4153 672 671
4154 828 827
4155 399 398
4156 819 819
4157 888 887
4158 912 911
4159 513 513
4160 786 784
4161 564 563
4162 537 536
4163 123 123
4164 18 18
4165 825 823
4166 300 299
4167 870 869
4168 390 389
4169 54 54
4170 525 525
4171 999 997
4172 213 211
4173 975 973
4174 696 694
4175 474 472
4176 780 778
4177 861 860
4178 795 793
4179 480 479
4180 192 190
4181 78 76
4182 195 194
4183 312 310
4184 975 973
4185 282 281
4186 375 374
4187 378 376
4188 336 334
4189 513 512
4190 744 742
4191 126 124
4192 219 217
4193 564 562
4194 267 267
4195 330 330
4196 201 201
4197 264 263
4198 213 211
4199 519 518
4200 564 564
4201 477 476
4202 18 18
4203 909 908
4204 393 393
4205 63 61
4206 786 786
4207 699 697
4208 801 800
4209 90 90
4210 981 979
4211 714 712
4212 30 29
4213 222 222
4214 252 250
4215 204 202
4216 246 245
4217 723 722
4218 504 502
4219 198 196
4220 360 360
4221 639 638
4222 24 22
4223 879 877
4224 294 293
4225 306 305
4226 990 988
4227 789 788
4228 81 80
4229 651 651
4230 237 236
4231 495 493
4232 726 726
4233 402 401
4234 39 37
4235 813 813
4236 174 174
4237 897 897
4238 768 766
4239 867 865
4240 852 850
4241 594 593
4242 162 162
4243 252 251
4244 870 868
4245 756 756
4246 276 276
4247 636 636
4248 291 289
4249 342 340
4250 708 707
4251 282 282
4252 897 896
4253 168 168
4254 279 279
4255 747 747
4256 69 68
4257 153 151
4258 219 217
4259 66 64
4260 519 517
4261 675 675
4262 606 606
4263 309 307
4264 267 267
4265 936 935
4266 60 60
4267 282 280
4268 651 651
4269 201 201
4270 747 747
4271 744 743
4272 264 262
4273 906 904
4274 966 965
4275 153 152
4276 906 905
4277 168 166
4278 312 311
4279 558 557
4280 192 191
4281 312 310
4282 879 877
4283 324 323
4284 426 424
4285 480 478
4286 33 33
4287 72 72
4288 246 246
4289 558 558
4290 357 355
4291 78 78
4292 906 906
4293 423 423
4294 177 177
4295 576 574
4296 450 450
4297 150 149
4298 177 177
4299 192 190
4300 408 406
4301 174 173
4302 444 442
4303 645 643
4304 447 446
4305 711 711
4306 423 422
4307 321 319
4308 885 885
4309 804 804
4310 867 867
4311 531 531
4312 939 937
4313 48 48
4314 516 516
4315 855 853
4316 66 64
4317 978 977
4318 510 508
4319 291 291
4320 579 579
4321 918 917
4322 165 163
4323 120 118
4324 696 694
4325 96 96
4326 678 678
4327 138 136
4328 423 422
4329 708 707
4330 60 59
4331 423 421
4332 891 889
4333 567 565
4334 90 90
4335 621 621
4336 441 441
4337 447 446
4338 78 77
4339 456 456
4340 321 321
4341 576 574
4342 522 520
4343 330 328
4344 519 517
4345 882 882
4346 642 641
4347 234 234
4348 222 222
4349 408 407
4350 888 888
4351 495 493
4352 531 531
4353 660 660
4354 450 448
4355 840 840
4356 825 825
4357 612 612
4358 939 939
4359 384 384
4360 660 660
4361 291 289
4362 666 666
4363 48 47
4364 756 755
4365 738 738
4366 468 466
4367 774 773
4368 633 631
4369 903 901
4370 426 424
4371 99 99
4372 147 147
4373 183 181
4374 6 6
4375 699 699
4376 198 197
4377 45 44
4378 531 530
4379 705 705
4380 987 987
4381 234 233
4382 261 261
4383 390 388
4384 855 855
4385 165 164
4386 834 833
4387 111 109
4388 741 739
4389 150 148
4390 675 674
4391 501 501
4392 870 869
4393 336 335
4394 399 398
4395 732 731
4396 366 364
4397 852 850
4398 933 932
4399 612 612
4400 777 776
4401 294 292
4402 24 24
4403 633 632
4404 774 773
4405 879 879
4406 342 341
4407 429 428
4408 264 264
4409 111 111
4410 690 689
4411 651 650
4412 192 192
4413 768 768
4414 702 700
4415 978 977
4416 672 670
4417 492 491
4418 921 920
4419 876 875
4420 933 932
4421 219 217
4422 123 122
4423 27 25
4424 963 961
4425 351 350
4426 975 975
4427 801 801
4428 414 412
4429 801 799
4430 24 24
4431 297 296
4432 12 12
4433 645 644
4434 990 990
4435 552 552
4436 207 206
4437 366 366
4438 798 797
4439 588 587
4440 654 654
4441 465 465
4442 885 884
4443 366 365
4444 36 35
4445 732 731
4446 27 27
4447 591 589
4448 273 271
4449 363 363
4450 117 116
4451 789 788
4452 189 189
4453 84 82
4454 357 355
4455 147 147
4456 306 305
4457 822 820
4458 822 821
4459 234 233
4460 195 195
4461 474 472
4462 270 268
4463 780 779
4464 948 947
4465 732 731
4466 456 456
4467 714 714
4468 630 630
4469 243 241
4470 792 791
4471 465 464
4472 177 175
4473 381 380
4474 933 933
4475 498 498
4476 864 862
4477 555 554
4478 726 724
4479 240 239
4480 741 740
4481 426 426
4482 141 141
4483 6 6
4484 21 20
4485 312 311
4486 861 861
4487 213 212
4488 54 52
4489 645 643
4490 306 305
4491 435 435
4492 714 713
4493 30 29
4494 306 305
4495 861 860
4496 840 838
4497 996 995
4498 897 896
4499 663 661
4500 654 653
4501 720 720
4502 387 385
4503 51 51
4504 180 179
4505 543 542
4506 99 99
4507 51 49
4508 426 424
4509 711 709
4510 222 222
4511 30 30
4512 165 164
4513 108 106
4514 573 572
4515 525 523
4516 261 259
4517 720 720
4518 858 856
4519 138 138
4520 507 505
4521 924 922
4522 411 409
4523 114 112
4524 816 815
4525 519 518
4526 882 880
4527 861 859
4528 564 563
4529 309 307
4530 822 821
4531 699 699
4532 765 763
4533 93 91
4534 654 653
4535 981 980
4536 684 683
4537 906 905
4538 870 870
4539 228 227
4540 426 425
4541 948 948
4542 225 225
4543 342 340
4544 831 831
4545 291 290
4546 816 815
4547 564 562
4548 729 729
4549 399 397
4550 453 452
4551 390 390
4552 516 514
4553 570 569
4554 393 391
4555 576 574
4556 771 771
4557 333 331
4558 375 375
4559 498 496
4560 630 628
4561 651 651
4562 567 567
4563 156 155
4564 105 104
4565 84 82
4566 708 706
4567 246 244
4568 30 29
4569 204 204
4570 480 479
4571 384 382
4572 258 257
4573 753 751
4574 294 293
4575 858 856
4576 870 870
4577 114 114
4578 945 944
4579 75 75
4580 72 70
4581 471 470
4582 498 498
4583 987 985
4584 831 830
4585 816 816
4586 684 682
4587 432 431
4588 303 303
4589 348 348
4590 450 448
4591 36 35
4592 609 608
4593 477 475
4594 528 526
4595 222 221
4596 999 997
4597 198 197
4598 936 936
4599 420 418
4600 540 539
4601 225 223
4602 444 444
4603 636 636
4604 129 128
4605 39 38
4606 933 931
4607 477 475
4608 321 319
4609 363 362
4610 735 733
4611 207 206
4612 180 178
4613 309 308
4614 864 864
4615 171 170
4616 510 510
4617 159 159
4618 18 18
4619 18 17
4620 219 218
4621 276 274
4622 330 330
4623 45 44
4624 975 975
4625 843 843
4626 756 754
4627 339 338
4628 945 944
4629 669 669
4630 111 111
4631 39 37
4632 531 531
4633 789 787
4634 384 383
4635 285 284
4636 216 215
4637 795 794
4638 642 641
4639 813 811
4640 357 356
4641 483 482
4642 378 376
4643 372 372
4644 150 149
4645 165 165
4646 762 760
4647 426 425
4648 858 856
4649 639 638
4650 519 519
4651 615 614
4652 372 372
4653 549 547
4654 231 229
4655 660 659
4656 75 73
4657 261 259
4658 267 267
4659 672 672
4660 684 683
4661 858 856
4662 495 495
4663 705 703
4664 264 263
4665 198 198
4666 264 262
4667 6 6
4668 21 20
4669 660 658
4670 600 600
4671 33 33
4672 669 667
4673 867 867
4674 345 344
4675 252 251
4676 9 7
4677 507 507
4678 897 897
4679 150 150
4680 54 53
4681 495 494
4682 291 289
4683 759 757
4684 837 837
4685 507 505
4686 867 865
4687 579 577
4688 120 118
4689 348 348
4690 642 642
4691 867 865
4692 663 661
4693 432 432
4694 177 177
4695 393 391
4696 72 70
4697 171 169
4698 741 739
4699 339 338
4700 297 297
4701 669 669
4702 834 833
4703 198 198
4704 672 670
4705 933 931
4706 630 629
4707 639 637
4708 714 713
4709 126 125
4710 333 331
4711 249 249
4712 768 766
4713 789 789
4714 672 672
4715 222 222
4716 870 869
4717 876 875
4718 750 750
4719 84 84
4720 648 647
4721 150 148
4722 78 77
4723 387 387
4724 207 206
4725 549 548
4726 549 547
4727 624 622
4728 480 480
4729 621 621
4730 702 701
4731 168 168
4732 933 933
4733 741 741
4734 300 299
4735 795 793
4736 708 708
4737 333 332
4738 24 23
4739 249 248
4740 66 65
4741 690 690
4742 399 398
4743 642 642
4744 114 114
4745 837 837
4746 735 733
4747 867 866
4748 12 12
4749 3 1
4750 141 140
4751 231 230
4752 396 394
4753 678 677
4754 768 766
4755 168 168
4756 240 238
4757 252 252
4758 216 215
4759 594 594
4760 831 830
4761 843 841
4762 966 964
4763 624 624
4764 105 104
4765 171 169
4766 711 710
4767 66 65
4768 981 981
4769 813 813
4770 240 238
4771 816 814
4772 3 1
4773 351 349
4774 435 434
4775 969 969
4776 690 688
4777 591 589
4778 630 630
4779 81 79
4780 948 947
4781 573 571
4782 846 844
4783 87 86
4784 162 161
4785 696 694
4786 597 596
4787 369 367
4788 909 909
4789 186 184
4790 420 419
4791 942 940
4792 255 254
4793 165 165
4794 288 288
4795 693 691
4796 579 578
4797 930 929
4798 444 442
4799 633 632
4800 33 33
4801 246 245
4802 123 123
4803 6 6
4804 153 152
4805 93 91
4806 831 831
4807 96 95
4808 651 650
4809 645 645
4810 927 925
4811 513 511
4812 360 360
4813 315 313
4814 645 644
4815 630 628
4816 570 570
4817 87 87
4818 528 527
4819 585 584
4820 492 492
4821 1002 1000
4822 249 249
4823 279 277
4824 129 129
4825 147 145
4826 363 361
4827 735 735
4828 987 987
4829 831 829
4830 63 63
4831 981 981
4832 504 504
4833 360 358
4834 438 436
4835 696 696
4836 78 78
4837 525 525
4838 639 638
4839 762 762
4840 735 735
4841 822 821
4842 483 481
4843 993 992
4844 270 269
4845 252 251
4846 342 342
4847 642 640
4848 519 519
4849 168 168
4850 585 583
4851 405 403
4852 843 841
4853 414 413
4854 936 936
4855 189 187
4856 186 184
4857 279 277
4858 993 992
4859 246 246
4860 771 771
4861 519 518
4862 477 477
4863 18 17
4864 36 35
4865 249 248
4866 651 651
4867 69 69
4868 651 651
4869 723 723
4870 87 85
4871 333 332
4872 657 656
4873 573 573
4874 948 946
4875 789 788
4876 474 473
4877 876 874
4878 3 1
4879 12 10
4880 240 239
4881 531 529
4882 702 700
4883 777 776
4884 111 110
4885 30 29
4886 714 712
4887 249 248
4888 171 170
4889 882 881
4890 156 155
4891 72 71
4892 924 922
4893 402 402
4894 687 685
4895 867 866
4896 600 600
4897 282 281
4898 609 607
4899 51 51
4900 465 463
4901 576 574
4902 366 366
4903 78 76
4904 45 43
4905 447 445
4906 777 776
4907 642 642
4908 294 292
4909 918 916
4910 759 757
4911 108 107
4912 444 442
4913 162 162
4914 840 839
4915 504 504
4916 444 442
4917 570 570
4918 468 466
4919 132 131
4920 393 391
4921 597 597
4922 660 660
4923 441 441
4924 993 993
4925 3 3
4926 990 989
4927 417 417
4928 594 593
4929 435 434
4930 729 728
4931 549 547
4932 978 978
4933 45 45
4934 42 40
4935 570 570
4936 81 81
4937 672 670
4938 948 947
4939 852 850
4940 255 254
4941 300 299
4942 594 594
4943 306 305
4944 801 800
4945 549 548
4946 6 6
4947 273 273
4948 396 396
4949 531 530
4950 477 476
4951 564 564
4952 312 311
4953 906 906
4954 186 185
4955 744 743
4956 720 718
4957 288 288
4958 639 639
4959 951 951
4960 870 869
4961 78 76
4962 558 558
4963 399 398
4964 822 820
4965 360 359
4966 171 171
4967 870 870
4968 813 811
4969 87 86
4970 747 747
4971 246 244
4972 303 303
4973 495 494
4974 33 32
4975 543 542
4976 858 858
4977 543 542
4978 603 603
4979 78 77
4980 231 230
4981 279 279
4982 543 543
4983 852 851
4984 852 850
4985 390 390
4986 717 716
4987 246 246
4988 261 259
4989 147 145
4990 915 914
4991 795 795
4992 117 116
4993 717 717
4994 450 449
4995 141 139
4996 159 158
4997 846 846
4998 81 79
4999 840 840
5000 696 696
