5000 1989690 16_5000_1000_281
1 1088 846
2 904 530
3 1046 760
4 439 112
5 1050 769
6 1127 933
7 1148 985
8 1128 935
9 678 278
10 995 670
11 1141 967
12 924 559
13 1133 947
14 721 318
15 714 311
16 633 240
17 1128 934
18 1000 678
19 472 130
20 1073 813
21 1151 993
22 183 19
23 970 628
24 666 268
25 800 401
26 1025 722
27 1097 864
28 1130 939
29 904 530
30 1137 956
31 347 69
32 1106 884
33 188 20
34 551 179
35 692 291
36 1094 857
37 571 193
38 856 467
39 1141 966
40 601 215
41 817 420
42 724 321
43 835 441
44 1005 687
45 909 538
46 762 359
47 647 252
48 1015 704
49 1080 828
50 950 597
51 1141 967
52 1110 894
53 1056 779
54 835 441
55 959 612
56 630 238
57 1083 834
58 723 320
59 119 8
60 622 231
61 671 272
62 583 202
63 997 673
64 925 561
65 1094 858
66 983 649
67 471 129
68 337 65
69 1146 980
70 973 633
71 498 145
72 830 435
73 920 553
74 800 401
75 1124 926
76 1107 886
77 1088 846
78 1054 777
79 205 24
80 1091 851
81 788 387
82 377 82
83 744 341
84 1131 942
85 293 49
86 860 472
87 1123 922
88 856 467
89 597 212
90 780 378
91 1094 858
92 268 41
93 835 441
94 290 48
95 188 20
96 615 226
97 724 321
98 462 124
99 1074 816
100 534 168
101 959 612
102 42 1
103 801 402
104 891 513
105 777 375
106 332 63
107 768 366
108 1110 892
109 1000 678
110 893 516
111 173 17
112 486 138
113 672 273
114 646 251
115 845 454
116 1095 861
117 932 571
118 1082 833
119 1128 934
120 1008 691
121 845 453
122 787 386
123 929 566
124 773 371
125 201 23
126 814 416
127 1130 940
128 519 158
129 762 359
130 975 636
131 1055 778
132 981 647
133 1086 840
134 691 290
135 1148 985
136 218 27
137 844 452
138 614 225
139 1062 791
140 1011 697
141 880 498
142 1142 968
143 524 161
144 954 603
145 1151 992
146 412 98
147 1119 913
148 445 115
149 689 288
150 605 218
151 866 480
152 704 302
153 705 303
154 422 103
155 693 292
156 1080 828
157 560 185
158 835 441
159 414 99
160 281 45
161 284 46
162 716 313
163 845 454
164 917 549
165 680 280
166 677 277
167 901 527
168 936 576
169 1094 858
170 1029 729
171 359 74
172 420 102
173 926 562
174 912 542
175 907 535
176 770 368
177 111 7
178 1134 950
179 966 622
180 558 184
181 1109 891
182 151 13
183 952 601
184 744 341
185 903 529
186 897 521
187 760 357
188 1008 692
189 533 167
190 674 275
191 454 120
192 1049 767
193 1036 741
194 1048 764
195 905 532
196 978 641
197 490 140
198 1138 960
199 815 418
200 860 472
201 623 232
202 598 213
203 1015 704
204 691 290
205 589 206
206 490 140
207 766 363
208 1045 759
209 555 182
210 495 143
211 1077 821
212 939 581
213 1050 769
214 963 617
215 1118 911
216 687 286
217 734 331
218 498 145
219 813 415
220 474 131
221 1029 729
222 479 134
223 606 219
224 881 500
225 684 284
226 397 91
227 586 204
228 944 589
229 743 340
230 302 52
231 810 412
232 1068 803
233 695 294
234 1037 743
235 705 303
236 881 500
237 845 454
238 1004 684
239 281 45
240 1149 986
241 775 373
242 767 365
243 839 446
244 908 536
245 856 467
246 1005 686
247 1022 716
248 539 171
249 1052 773
250 554 181
251 575 196
252 393 89
253 602 216
254 1146 978
255 1095 860
256 965 621
257 274 43
258 290 48
259 1005 686
260 509 152
261 707 305
262 1119 914
263 321 59
264 909 537
265 727 324
266 966 622
267 903 529
268 776 374
269 1109 891
270 1103 877
271 728 325
272 1062 792
273 1127 932
274 408 96
275 1042 753
276 574 195
277 1075 818
278 1127 932
279 495 143
280 915 546
281 1114 903
282 1154 999
283 585 203
284 878 495
285 549 178
286 967 624
287 965 620
288 1148 984
289 1149 987
290 794 394
291 868 482
292 823 427
293 992 665
294 968 625
295 1112 897
296 318 58
297 1139 962
298 829 434
299 1127 933
300 590 207
301 248 35
302 579 199
303 1091 852
304 1086 841
305 551 179
306 909 537
307 883 502
308 817 420
309 1068 804
310 636 243
311 706 304
312 1052 773
313 815 418
314 1031 733
315 933 572
316 843 451
317 1142 969
318 103 6
319 653 257
320 1049 767
321 880 498
322 756 353
323 1086 841
324 1044 756
325 901 526
326 408 96
327 760 357
328 884 503
329 800 401
330 674 275
331 1098 867
332 813 415
333 792 392
334 1090 850
335 896 520
336 347 69
337 488 139
338 895 518
339 1153 998
340 530 165
341 1149 987
342 1113 900
343 833 439
344 527 163
345 1022 716
346 968 625
347 1111 895
348 1001 679
349 476 132
350 812 414
351 434 109
352 1071 809
353 1145 977
354 960 613
355 1087 842
356 1026 724
357 287 47
358 593 209
359 352 71
360 1018 710
361 762 359
362 1087 842
363 616 227
364 659 262
365 756 353
366 669 270
367 887 507
368 1027 725
369 561 186
370 1090 849
371 884 504
372 517 157
373 479 134
374 677 277
375 575 196
376 789 388
377 1100 871
378 1094 858
379 344 68
380 978 642
381 616 227
382 679 279
383 1147 982
384 1124 926
385 560 185
386 956 606
387 965 620
388 364 76
389 863 476
390 843 451
391 770 368
392 1063 793
393 1096 862
394 1140 965
395 629 237
396 658 261
397 349 70
398 836 443
399 1031 732
400 1135 951
401 1063 794
402 522 160
403 1072 811
404 789 388
405 811 413
406 908 536
407 1077 823
408 925 561
409 1142 969
410 1138 960
411 1051 771
412 692 291
413 1150 990
414 624 233
415 776 374
416 1110 894
417 958 609
418 1099 868
419 410 97
420 549 178
421 1117 909
422 976 638
423 745 342
424 1118 911
425 736 333
426 976 638
427 655 258
428 993 666
429 1081 831
430 855 466
431 1079 826
432 1018 709
433 1075 818
434 366 77
435 356 73
436 673 274
437 1138 960
438 1064 795
439 1041 752
440 982 648
441 1117 908
442 899 523
443 577 197
444 638 244
445 1004 685
446 1026 724
447 702 300
448 1050 769
449 1148 985
450 992 664
451 1093 856
452 1104 880
453 583 202
454 998 675
455 1105 882
456 715 312
457 575 196
458 1026 723
459 509 152
460 696 295
461 432 108
462 1094 858
463 769 367
464 349 70
465 1051 770
466 907 535
467 1112 897
468 827 432
469 951 599
470 1015 704
471 723 320
472 1087 842
473 590 207
474 1056 779
475 1074 816
476 554 181
477 878 496
478 914 544
479 613 224
480 520 159
481 1112 897
482 439 112
483 524 161
484 1036 741
485 585 203
486 1006 688
487 928 565
488 743 340
489 501 147
490 745 342
491 672 273
492 133 10
493 1073 813
494 133 10
495 1026 723
496 867 481
497 443 114
498 819 422
499 445 115
500 1113 900
501 458 122
502 1032 734
503 1128 934
504 509 152
505 1002 682
506 835 441
507 1077 822
508 647 252
509 632 239
510 226 29
511 765 362
512 715 312
513 456 121
514 620 230
515 1137 956
516 1050 769
517 1059 785
518 1058 783
519 883 502
520 1109 891
521 1126 930
522 678 278
523 1133 947
524 711 309
525 445 115
526 222 28
527 1013 700
528 1054 776
529 1079 826
530 822 426
531 908 536
532 1006 688
533 635 242
534 736 333
535 1119 913
536 1082 833
537 230 30
538 596 211
539 768 366
540 339 66
541 274 43
542 321 59
543 646 251
544 598 213
545 978 641
546 747 344
547 808 410
548 344 68
549 133 10
550 1107 886
551 1077 821
552 950 597
553 375 81
554 823 427
555 689 288
556 972 631
557 1099 868
558 696 295
559 969 627
560 1090 850
561 605 218
562 586 204
563 753 350
564 1008 691
565 1150 989
566 620 230
567 1083 835
568 1120 917
569 210 25
570 1008 691
571 941 584
572 847 456
573 1105 882
574 998 675
575 1075 817
576 649 253
577 937 578
578 1138 960
579 1033 737
580 520 159
581 941 584
582 1001 679
583 898 522
584 932 571
585 1105 881
586 226 29
587 590 207
588 1020 712
589 993 666
590 875 491
591 624 233
592 1024 720
593 1120 915
594 1012 698
595 111 7
596 1133 948
597 1137 957
598 611 223
599 488 139
600 1048 764
601 684 284
602 762 359
603 766 364
604 743 340
605 729 326
606 989 660
607 349 70
608 1005 687
609 1142 970
610 1106 885
611 1098 867
612 509 152
613 915 546
614 997 673
615 1110 893
616 636 243
617 967 624
618 694 293
619 800 400
620 908 536
621 1035 740
622 265 40
623 222 28
624 662 264
625 1091 851
626 1085 838
627 786 385
628 1004 685
629 1046 761
630 993 666
631 808 410
632 1049 766
633 977 640
634 1050 769
635 1030 730
636 1028 728
637 761 358
638 736 333
639 748 345
640 94 5
641 627 235
642 785 384
643 1088 846
644 828 433
645 1111 895
646 959 612
647 912 542
648 746 343
649 424 104
650 841 449
651 1084 836
652 1041 752
653 822 426
654 1111 895
655 555 182
656 299 51
657 824 428
658 966 623
659 157 14
660 883 502
661 1042 753
662 720 317
663 1040 750
664 773 371
665 1026 724
666 755 352
667 645 250
668 750 347
669 635 242
670 1115 904
671 681 281
672 1005 686
673 904 531
674 467 127
675 675 276
676 814 416
677 316 57
678 778 376
679 975 637
680 776 374
681 633 240
682 994 667
683 963 617
684 506 150
685 984 652
686 889 510
687 368 78
688 1139 962
689 1036 741
690 1013 700
691 917 549
692 554 181
693 818 421
694 1016 706
695 946 592
696 718 315
697 1074 816
698 1143 972
699 1084 836
700 857 469
701 1075 818
702 1060 788
703 827 432
704 843 451
705 1127 932
706 445 115
707 949 596
708 1074 815
709 1062 792
710 506 150
711 809 411
712 914 544
713 1089 848
714 807 409
715 633 240
716 959 612
717 937 578
718 1096 863
719 954 604
720 949 596
721 506 150
722 679 279
723 610 222
724 445 115
725 894 517
726 522 160
727 1112 897
728 859 471
729 1137 956
730 995 670
731 241 33
732 465 126
733 912 542
734 571 193
735 811 413
736 133 10
737 1140 965
738 888 509
739 940 582
740 804 405
741 1055 778
742 959 612
743 610 222
744 1080 829
745 1066 800
746 975 637
747 741 338
748 755 352
749 586 204
750 827 432
751 1108 888
752 716 313
753 1005 687
754 622 231
755 920 553
756 1105 881
757 1007 690
758 746 343
759 826 431
760 1138 958
761 1142 968
762 837 444
763 1151 992
764 981 646
765 714 311
766 509 152
767 841 449
768 666 268
769 991 662
770 183 19
771 968 626
772 898 522
773 946 592
774 618 228
775 1132 944
776 1057 781
777 884 504
778 687 286
779 805 406
780 416 100
781 1109 891
782 596 211
783 1075 818
784 807 409
785 592 208
786 1080 829
787 1121 918
788 1084 837
789 780 378
790 853 463
791 586 204
792 1045 759
793 796 396
794 706 304
795 860 472
796 420 102
797 1030 731
798 1148 983
799 942 586
800 708 306
801 1148 984
802 966 623
803 42 1
804 812 414
805 616 227
806 1117 908
807 496 144
808 814 416
809 755 352
810 751 348
811 364 76
812 1074 815
813 1031 733
814 846 455
815 916 547
816 1064 796
817 524 161
818 660 263
819 386 86
820 903 529
821 730 327
822 936 576
823 1096 863
824 145 12
825 1154 1000
826 1037 744
827 527 163
828 774 372
829 1113 900
830 962 616
831 861 473
832 932 570
833 1126 929
834 354 72
835 582 201
836 410 97
837 947 593
838 1081 830
839 1153 998
840 833 439
841 663 265
842 901 527
843 188 20
844 1006 689
845 959 612
846 1072 812
847 560 185
848 1133 946
849 218 27
850 996 671
851 651 255
852 1099 868
853 951 599
854 998 674
855 952 600
856 1064 796
857 1099 869
858 929 566
859 1037 744
860 339 66
861 1025 721
862 1016 705
863 1010 695
864 1045 758
865 1060 787
866 479 134
867 881 500
868 1130 940
869 1072 812
870 604 217
871 59 2
872 119 8
873 992 665
874 1001 680
875 976 638
876 1007 690
877 1066 799
878 133 10
879 912 542
880 414 99
881 586 204
882 1051 771
883 1079 827
884 704 302
885 727 324
886 531 166
887 481 135
888 986 655
889 1063 793
890 456 121
891 785 384
892 1045 759
893 1067 802
894 564 188
895 1026 723
896 1013 701
897 944 588
898 1126 929
899 854 465
900 281 45
901 910 539
902 790 389
903 984 652
904 1113 901
905 958 610
906 1073 813
907 645 250
908 881 499
909 819 422
910 428 106
911 942 585
912 967 624
913 1124 926
914 151 13
915 1119 913
916 1049 767
917 906 533
918 380 83
919 1036 741
920 1040 749
921 1092 854
922 764 361
923 732 329
924 734 331
925 481 135
926 613 224
927 476 132
928 1023 719
929 991 662
930 691 290
931 1125 927
932 991 662
933 479 134
934 359 74
935 1004 685
936 939 581
937 551 179
938 982 648
939 1089 848
940 318 58
941 952 601
942 1129 938
943 59 2
944 846 455
945 373 80
946 1064 796
947 1126 929
948 495 143
949 725 322
950 878 496
951 977 640
952 991 663
953 964 619
954 659 262
955 899 524
956 877 494
957 1006 688
958 736 333
959 727 324
960 933 572
961 1142 968
962 1032 735
963 1001 680
964 737 334
965 851 461
966 854 465
967 683 283
968 755 352
969 823 427
970 1001 679
971 897 521
972 1038 745
973 834 440
974 1140 964
975 873 489
976 741 338
977 472 130
978 785 384
979 974 635
980 729 326
981 674 275
982 1062 791
983 1030 730
984 218 27
985 581 200
986 1010 696
987 1030 730
988 1135 952
989 882 501
990 802 403
991 963 618
992 416 100
993 904 530
994 874 490
995 1030 731
996 1084 837
997 1105 881
998 534 168
999 1062 792
1000 918 550
1001 989 660
1002 999 676
1003 222 28
1004 506 150
1005 1102 875
1006 1107 886
1007 1134 950
1008 1001 680
1009 1102 876
1010 988 657
1011 495 143
1012 888 509
1013 841 449
1014 919 551
1015 1148 985
1016 843 451
1017 1004 685
1018 671 272
1019 717 314
1020 978 641
1021 1040 750
1022 983 650
1023 840 447
1024 698 296
1025 1133 948
1026 268 41
1027 988 657
1028 1120 915
1029 680 280
1030 834 440
1031 271 42
1032 853 463
1033 883 502
1034 669 270
1035 1151 992
1036 183 19
1037 1021 715
1038 655 258
1039 498 145
1040 963 617
1041 956 606
1042 878 495
1043 950 597
1044 773 371
1045 1119 914
1046 454 120
1047 762 359
1048 197 22
1049 717 314
1050 1088 844
1051 646 251
1052 548 177
1053 719 316
1054 665 267
1055 1145 977
1056 451 118
1057 1134 950
1058 791 390
1059 496 144
1060 680 280
1061 869 484
1062 583 202
1063 73 3
1064 849 459
1065 287 47
1066 530 165
1067 813 415
1068 1093 855
1069 493 142
1070 976 639
1071 988 658
1072 517 157
1073 524 161
1074 808 410
1075 639 245
1076 1154 999
1077 967 624
1078 717 314
1079 1051 771
1080 324 60
1081 1033 736
1082 1053 774
1083 972 631
1084 931 569
1085 870 485
1086 789 388
1087 821 425
1088 739 336
1089 1029 729
1090 723 320
1091 1075 817
1092 938 580
1093 527 163
1094 1092 853
1095 1126 930
1096 998 675
1097 1074 816
1098 1139 961
1099 972 632
1100 787 386
1101 976 638
1102 192 21
1103 1109 890
1104 1137 956
1105 823 427
1106 1043 755
1107 1132 944
1108 836 443
1109 472 130
1110 976 638
1111 463 125
1112 1065 797
1113 1048 765
1114 657 260
1115 906 533
1116 481 135
1117 1106 883
1118 966 623
1119 592 208
1120 1124 925
1121 1026 723
1122 1104 879
1123 955 605
1124 1074 816
1125 352 71
1126 807 409
1127 201 23
1128 192 21
1129 926 562
1130 636 243
1131 984 651
1132 1153 996
1133 765 362
1134 1099 869
1135 1089 847
1136 976 638
1137 543 174
1138 454 120
1139 1073 813
1140 1069 806
1141 601 215
1142 1007 690
1143 818 421
1144 1112 897
1145 321 59
1146 866 480
1147 451 118
1148 281 45
1149 804 405
1150 1113 899
1151 870 485
1152 1031 733
1153 776 374
1154 862 475
1155 788 387
1156 1109 890
1157 467 127
1158 578 198
1159 673 274
1160 750 347
1161 1095 860
1162 536 169
1163 747 344
1164 1023 718
1165 484 137
1166 990 661
1167 1064 795
1168 516 156
1169 770 368
1170 1083 835
1171 887 507
1172 391 88
1173 1090 849
1174 1093 856
1175 758 355
1176 820 424
1177 1010 696
1178 793 393
1179 602 216
1180 1075 818
1181 998 675
1182 853 463
1183 996 671
1184 1154 1000
1185 873 489
1186 1106 884
1187 562 187
1188 586 204
1189 816 419
1190 447 116
1191 911 540
1192 597 212
1193 1065 797
1194 790 389
1195 919 552
1196 368 78
1197 1081 830
1198 1045 758
1199 736 333
1200 540 172
1201 910 539
1202 1026 723
1203 302 52
1204 1151 993
1205 688 287
1206 820 423
1207 1115 904
1208 822 426
1209 1032 734
1210 806 407
1211 759 356
1212 678 278
1213 744 341
1214 1117 909
1215 1122 920
1216 1114 902
1217 1048 764
1218 809 411
1219 803 404
1220 667 269
1221 1102 875
1222 501 147
1223 887 507
1224 739 336
1225 1125 927
1226 1095 861
1227 841 449
1228 230 30
1229 1005 686
1230 861 473
1231 1124 925
1232 119 8
1233 1096 862
1234 558 184
1235 688 287
1236 59 2
1237 880 498
1238 923 558
1239 1007 690
1240 827 432
1241 959 612
1242 1136 955
1243 862 475
1244 903 529
1245 616 227
1246 694 293
1247 846 455
1248 1111 895
1249 233 31
1250 906 534
1251 1025 721
1252 629 237
1253 495 143
1254 1091 852
1255 1016 705
1256 579 199
1257 560 185
1258 636 243
1259 906 533
1260 1120 916
1261 635 242
1262 434 109
1263 274 43
1264 1089 847
1265 1071 809
1266 868 482
1267 899 524
1268 699 297
1269 581 200
1270 1089 847
1271 1095 859
1272 1093 856
1273 904 530
1274 788 387
1275 759 356
1276 916 547
1277 1150 990
1278 255 37
1279 900 525
1280 999 676
1281 645 250
1282 568 191
1283 961 615
1284 1150 988
1285 671 272
1286 326 61
1287 944 589
1288 879 497
1289 773 371
1290 1081 830
1291 1043 755
1292 615 226
1293 915 546
1294 593 209
1295 611 223
1296 410 97
1297 949 596
1298 1108 889
1299 540 172
1300 992 664
1301 983 650
1302 921 554
1303 1094 858
1304 781 380
1305 1033 737
1306 779 377
1307 258 38
1308 894 517
1309 1064 796
1310 620 230
1311 925 560
1312 1072 811
1313 619 229
1314 870 485
1315 972 631
1316 1055 778
1317 1076 820
1318 778 376
1319 197 22
1320 386 86
1321 871 486
1322 901 526
1323 788 387
1324 388 87
1325 557 183
1326 714 311
1327 1063 794
1328 1081 830
1329 1050 768
1330 659 262
1331 667 269
1332 753 350
1333 1119 913
1334 894 517
1335 1058 783
1336 1079 827
1337 1141 967
1338 683 283
1339 964 619
1340 703 301
1341 890 511
1342 983 649
1343 126 9
1344 1103 878
1345 581 200
1346 652 256
1347 561 186
1348 924 559
1349 818 421
1350 1091 852
1351 912 542
1352 1118 911
1353 878 496
1354 585 203
1355 736 333
1356 488 139
1357 996 672
1358 906 534
1359 691 290
1360 995 670
1361 856 467
1362 641 247
1363 548 177
1364 214 26
1365 938 580
1366 983 649
1367 412 98
1368 151 13
1369 720 317
1370 780 379
1371 1055 778
1372 151 13
1373 650 254
1374 938 580
1375 1142 969
1376 1068 804
1377 710 308
1378 962 616
1379 1134 950
1380 416 100
1381 339 66
1382 210 25
1383 151 13
1384 708 306
1385 836 443
1386 578 198
1387 1046 761
1388 1118 911
1389 825 429
1390 422 103
1391 1050 769
1392 1016 706
1393 388 87
1394 258 38
1395 976 638
1396 1081 830
1397 979 643
1398 762 359
1399 274 43
1400 1067 802
1401 887 508
1402 840 448
1403 1123 923
1404 1088 844
1405 1132 944
1406 779 377
1407 871 487
1408 552 180
1409 762 359
1410 975 637
1411 870 485
1412 820 423
1413 830 435
1414 1114 903
1415 337 65
1416 1145 977
1417 965 621
1418 649 253
1419 1154 999
1420 891 513
1421 857 469
1422 755 352
1423 420 102
1424 878 496
1425 1079 826
1426 891 513
1427 307 54
1428 921 554
1429 659 262
1430 434 109
1431 1129 938
1432 1083 834
1433 1102 875
1434 1083 834
1435 777 375
1436 673 274
1437 406 95
1438 1010 695
1439 1055 778
1440 952 600
1441 488 139
1442 762 359
1443 883 502
1444 605 218
1445 119 8
1446 1005 686
1447 1149 987
1448 1136 955
1449 785 384
1450 998 674
1451 688 287
1452 874 490
1453 709 307
1454 561 186
1455 42 1
1456 892 514
1457 895 518
1458 808 410
1459 992 664
1460 1068 804
1461 304 53
1462 1084 837
1463 334 64
1464 805 406
1465 1098 866
1466 800 401
1467 837 444
1468 996 671
1469 979 643
1470 1147 982
1471 949 596
1472 1001 680
1473 791 391
1474 813 415
1475 663 265
1476 743 340
1477 1145 977
1478 901 526
1479 540 172
1480 1070 808
1481 1146 979
1482 959 611
1483 1063 794
1484 274 43
1485 628 236
1486 1092 854
1487 915 546
1488 386 86
1489 915 546
1490 1128 936
1491 944 588
1492 720 317
1493 1145 976
1494 610 222
1495 780 379
1496 959 612
1497 1067 801
1498 1124 925
1499 1064 796
1500 1143 971
1501 271 42
1502 1085 838
1503 1143 972
1504 1098 866
1505 574 195
1506 514 155
1507 230 30
1508 1008 692
1509 819 422
1510 168 16
1511 1129 938
1512 866 480
1513 1103 878
1514 1149 986
1515 1134 950
1516 802 403
1517 634 241
1518 742 339
1519 786 385
1520 1088 846
1521 956 606
1522 539 171
1523 635 242
1524 1014 702
1525 1118 911
1526 1125 928
1527 281 45
1528 531 166
1529 952 600
1530 901 527
1531 629 237
1532 889 510
1533 1004 685
1534 671 272
1535 1102 875
1536 746 343
1537 907 535
1538 281 45
1539 728 325
1540 994 668
1541 890 511
1542 904 530
1543 520 159
1544 927 563
1545 1115 905
1546 912 542
1547 1153 997
1548 456 121
1549 605 218
1550 1090 849
1551 832 438
1552 582 201
1553 1067 802
1554 514 155
1555 1116 906
1556 934 573
1557 656 259
1558 430 107
1559 1117 909
1560 709 307
1561 991 663
1562 463 125
1563 821 425
1564 1078 824
1565 939 581
1566 1012 698
1567 651 255
1568 168 16
1569 503 148
1570 773 371
1571 929 566
1572 1091 852
1573 401 93
1574 912 542
1575 921 554
1576 1025 721
1577 970 629
1578 1014 703
1579 729 326
1580 784 383
1581 1015 704
1582 785 384
1583 604 217
1584 1023 719
1585 1104 879
1586 441 113
1587 588 205
1588 344 68
1589 794 394
1590 896 519
1591 880 498
1592 500 146
1593 465 126
1594 1042 753
1595 714 311
1596 1021 714
1597 866 480
1598 1117 909
1599 690 289
1600 692 291
1601 925 560
1602 438 111
1603 801 402
1604 898 522
1605 769 367
1606 380 83
1607 875 491
1608 1060 787
1609 1138 960
1610 797 397
1611 716 313
1612 857 468
1613 605 218
1614 890 512
1615 321 59
1616 354 72
1617 875 491
1618 816 419
1619 716 313
1620 926 562
1621 506 150
1622 1009 693
1623 1005 686
1624 1044 757
1625 889 510
1626 1108 889
1627 871 487
1628 802 403
1629 785 384
1630 1136 954
1631 1021 714
1632 822 426
1633 540 172
1634 853 464
1635 961 615
1636 1131 943
1637 324 60
1638 942 585
1639 801 402
1640 705 303
1641 476 132
1642 393 89
1643 567 190
1644 1054 777
1645 1101 872
1646 42 1
1647 964 619
1648 870 485
1649 592 208
1650 1133 947
1651 1066 800
1652 951 599
1653 258 38
1654 248 35
1655 1119 913
1656 743 340
1657 923 557
1658 951 599
1659 800 401
1660 635 242
1661 1137 956
1662 972 632
1663 173 17
1664 638 244
1665 764 361
1666 641 247
1667 632 239
1668 278 44
1669 610 222
1670 613 224
1671 1074 815
1672 508 151
1673 332 63
1674 471 129
1675 980 645
1676 618 228
1677 1082 833
1678 766 363
1679 613 224
1680 922 556
1681 817 420
1682 1093 856
1683 814 417
1684 1087 843
1685 583 202
1686 445 115
1687 1142 969
1688 870 485
1689 811 413
1690 741 338
1691 901 526
1692 1011 697
1693 837 444
1694 1062 791
1695 1018 709
1696 988 657
1697 1088 846
1698 572 194
1699 681 281
1700 454 120
1701 933 572
1702 1078 824
1703 1133 946
1704 963 618
1705 932 571
1706 1141 967
1707 533 167
1708 436 110
1709 534 168
1710 557 183
1711 1137 956
1712 696 295
1713 316 57
1714 1075 817
1715 1048 764
1716 865 478
1717 1126 930
1718 948 595
1719 1151 991
1720 1046 761
1721 449 117
1722 594 210
1723 844 452
1724 1045 759
1725 1122 920
1726 1045 759
1727 847 456
1728 511 153
1729 596 211
1730 1129 938
1731 767 365
1732 842 450
1733 453 119
1734 828 433
1735 881 500
1736 1062 792
1737 590 207
1738 1119 913
1739 898 522
1740 1135 952
1741 1051 770
1742 773 371
1743 812 414
1744 811 413
1745 995 670
1746 680 280
1747 920 553
1748 972 632
1749 197 22
1750 744 341
1751 905 532
1752 963 617
1753 864 477
1754 1020 712
1755 1080 829
1756 933 572
1757 1058 784
1758 807 408
1759 983 649
1760 1113 901
1761 509 152
1762 1058 784
1763 974 635
1764 462 124
1765 790 389
1766 1044 756
1767 488 139
1768 604 217
1769 551 179
1770 1129 937
1771 1006 688
1772 914 545
1773 1145 976
1774 1119 913
1775 1144 974
1776 1022 717
1777 1030 731
1778 1073 813
1779 509 152
1780 1021 714
1781 1053 774
1782 1104 880
1783 996 671
1784 780 379
1785 1147 981
1786 1042 754
1787 791 391
1788 663 265
1789 767 365
1790 1047 762
1791 1078 825
1792 984 651
1793 449 117
1794 1067 802
1795 606 219
1796 463 125
1797 438 111
1798 495 143
1799 316 57
1800 1013 701
1801 696 295
1802 956 606
1803 679 279
1804 977 640
1805 377 82
1806 534 168
1807 1088 845
1808 1011 697
1809 483 136
1810 103 6
1811 1119 913
1812 915 546
1813 1126 931
1814 1004 684
1815 1093 855
1816 1148 985
1817 491 141
1818 625 234
1819 1117 908
1820 416 100
1821 1018 709
1822 945 590
1823 1018 710
1824 774 372
1825 377 82
1826 1087 842
1827 649 253
1828 736 333
1829 783 382
1830 657 260
1831 782 381
1832 1091 852
1833 474 131
1834 1132 944
1835 1078 825
1836 1093 855
1837 867 481
1838 671 272
1839 968 625
1840 1089 848
1841 783 382
1842 905 532
1843 324 60
1844 625 234
1845 1060 788
1846 749 346
1847 1134 950
1848 1094 858
1849 1128 934
1850 976 638
1851 585 203
1852 871 487
1853 988 658
1854 472 130
1855 854 465
1856 732 329
1857 1024 720
1858 1037 743
1859 937 578
1860 1088 845
1861 853 464
1862 1112 898
1863 1096 863
1864 332 63
1865 592 208
1866 1138 959
1867 775 373
1868 478 133
1869 1110 892
1870 1142 969
1871 984 651
1872 1095 859
1873 562 187
1874 1101 872
1875 725 322
1876 624 233
1877 662 264
1878 652 256
1879 1087 843
1880 436 110
1881 197 22
1882 1001 680
1883 607 220
1884 952 600
1885 1043 755
1886 602 216
1887 1140 963
1888 909 537
1889 629 237
1890 1101 873
1891 941 584
1892 836 443
1893 1058 783
1894 854 465
1895 1045 759
1896 1072 812
1897 837 444
1898 222 28
1899 1051 771
1900 551 179
1901 780 378
1902 701 299
1903 382 84
1904 613 224
1905 1115 905
1906 952 600
1907 849 458
1908 935 575
1909 699 297
1910 388 87
1911 995 670
1912 950 597
1913 1141 967
1914 481 135
1915 438 111
1916 672 273
1917 919 551
1918 543 174
1919 1034 739
1920 824 428
1921 910 539
1922 534 168
1923 786 385
1924 740 337
1925 708 306
1926 968 625
1927 281 45
1928 1131 941
1929 748 345
1930 1084 837
1931 965 620
1932 406 95
1933 894 517
1934 386 86
1935 718 315
1936 1138 960
1937 660 263
1938 945 590
1939 766 363
1940 1076 820
1941 966 622
1942 982 648
1943 952 600
1944 946 591
1945 1144 975
1946 636 243
1947 980 645
1948 1002 681
1949 689 288
1950 1053 774
1951 593 209
1952 717 314
1953 1054 776
1954 491 141
1955 476 132
1956 598 213
1957 1112 897
1958 1139 962
1959 1051 770
1960 992 665
1961 258 38
1962 702 300
1963 659 262
1964 1152 994
1965 817 420
1966 927 563
1967 1128 936
1968 1008 692
1969 638 244
1970 1078 825
1971 714 311
1972 1097 864
1973 287 47
1974 983 650
1975 1128 935
1976 818 421
1977 1128 936
1978 476 132
1979 984 652
1980 1101 872
1981 1057 782
1982 951 599
1983 399 92
1984 974 635
1985 737 334
1986 1065 798
1987 456 121
1988 1067 801
1989 1127 932
1990 1064 796
1991 881 500
1992 777 375
1993 683 283
1994 777 375
1995 665 267
1996 434 109
1997 570 192
1998 785 384
1999 780 379
2000 562 187
2001 861 474
2002 356 73
2003 418 101
2004 647 252
2005 447 116
2006 736 333
2007 960 613
2008 882 501
2009 1151 993
2010 741 338
2011 721 318
2012 934 574
2013 533 167
2014 1126 930
2015 799 399
2016 705 303
2017 994 668
2018 1080 829
2019 902 528
2020 1039 748
2021 1106 884
2022 722 319
2023 401 93
2024 635 242
2025 972 632
2026 1041 752
2027 42 1
2028 611 223
2029 352 71
2030 996 671
2031 1133 948
2032 1120 917
2033 290 48
2034 1077 822
2035 990 661
2036 600 214
2037 1065 798
2038 42 1
2039 633 240
2040 663 265
2041 849 458
2042 307 54
2043 841 449
2044 830 435
2045 774 372
2046 818 421
2047 1058 783
2048 769 367
2049 757 354
2050 689 288
2051 740 337
2052 1018 710
2053 310 55
2054 1130 940
2055 773 371
2056 162 15
2057 995 669
2058 918 550
2059 458 122
2060 714 311
2061 765 362
2062 651 255
2063 1149 987
2064 458 122
2065 1118 911
2066 1108 888
2067 723 320
2068 930 568
2069 780 379
2070 620 230
2071 458 122
2072 162 15
2073 1068 804
2074 543 174
2075 981 647
2076 546 176
2077 1147 982
2078 1002 681
2079 760 357
2080 942 585
2081 800 401
2082 1139 961
2083 990 661
2084 981 647
2085 620 230
2086 635 242
2087 1024 720
2088 1144 975
2089 1152 994
2090 861 473
2091 831 437
2092 508 151
2093 428 106
2094 483 136
2095 878 496
2096 645 250
2097 1095 861
2098 453 119
2099 278 44
2100 441 113
2101 970 629
2102 1127 932
2103 708 306
2104 1122 921
2105 1095 861
2106 1026 724
2107 1010 695
2108 636 243
2109 904 531
2110 352 71
2111 854 465
2112 890 511
2113 940 583
2114 1148 983
2115 1030 730
2116 496 144
2117 1042 754
2118 884 504
2119 1106 883
2120 886 506
2121 1104 880
2122 1006 689
2123 1123 922
2124 826 431
2125 555 182
2126 772 370
2127 710 308
2128 491 141
2129 692 291
2130 1080 828
2131 868 483
2132 807 408
2133 892 514
2134 674 275
2135 952 600
2136 1069 806
2137 901 526
2138 721 318
2139 1090 849
2140 832 438
2141 711 309
2142 1150 989
2143 188 20
2144 982 648
2145 543 174
2146 1119 914
2147 842 450
2148 622 231
2149 635 242
2150 872 488
2151 831 436
2152 800 401
2153 1110 893
2154 890 511
2155 699 297
2156 629 237
2157 1095 861
2158 944 589
2159 745 342
2160 943 587
2161 868 482
2162 1027 725
2163 998 675
2164 806 407
2165 911 540
2166 251 36
2167 1035 740
2168 721 318
2169 570 192
2170 1103 878
2171 1099 869
2172 1066 799
2173 989 659
2174 1140 965
2175 888 509
2176 1017 707
2177 796 396
2178 635 242
2179 927 563
2180 465 126
2181 1057 782
2182 1054 777
2183 324 60
2184 1083 835
2185 1143 971
2186 268 41
2187 1123 922
2188 625 234
2189 968 625
2190 126 9
2191 955 605
2192 418 101
2193 848 457
2194 1052 772
2195 966 622
2196 694 293
2197 1152 994
2198 1127 933
2199 901 527
2200 1059 786
2201 673 274
2202 887 507
2203 994 668
2204 755 352
2205 347 69
2206 451 118
2207 1039 748
2208 562 187
2209 881 499
2210 679 279
2211 1144 975
2212 1149 987
2213 976 638
2214 399 92
2215 909 537
2216 233 31
2217 1071 809
2218 1033 737
2219 649 253
2220 386 86
2221 947 593
2222 1131 943
2223 1072 811
2224 1132 945
2225 890 511
2226 747 344
2227 899 523
2228 750 347
2229 302 52
2230 522 160
2231 935 575
2232 1142 968
2233 1048 764
2234 782 381
2235 1123 924
2236 1101 872
2237 948 595
2238 1024 720
2239 860 472
2240 882 501
2241 892 514
2242 1087 842
2243 504 149
2244 354 72
2245 525 162
2246 799 399
2247 586 204
2248 332 63
2249 935 575
2250 619 229
2251 927 563
2252 428 106
2253 678 278
2254 1073 813
2255 769 367
2256 375 81
2257 479 134
2258 920 553
2259 855 466
2260 714 311
2261 959 611
2262 84 4
2263 609 221
2264 1034 738
2265 1009 694
2266 1095 861
2267 589 206
2268 799 399
2269 818 421
2270 1026 723
2271 597 212
2272 1034 738
2273 1119 913
2274 779 377
2275 649 253
2276 719 316
2277 1142 970
2278 849 459
2279 157 14
2280 842 450
2281 347 69
2282 762 359
2283 1072 811
2284 504 149
2285 776 374
2286 649 253
2287 1075 817
2288 959 612
2289 326 61
2290 632 239
2291 488 139
2292 726 323
2293 888 509
2294 1002 681
2295 412 98
2296 1134 950
2297 847 456
2298 835 441
2299 321 59
2300 555 182
2301 607 220
2302 714 311
2303 980 645
2304 963 618
2305 1111 896
2306 704 302
2307 1144 975
2308 1023 719
2309 1062 791
2310 854 465
2311 966 622
2312 210 25
2313 1116 907
2314 901 526
2315 949 596
2316 878 495
2317 271 42
2318 753 350
2319 1087 842
2320 993 666
2321 825 429
2322 855 466
2323 845 454
2324 598 213
2325 1083 835
2326 641 247
2327 598 213
2328 1018 710
2329 1034 738
2330 1039 747
2331 59 2
2332 460 123
2333 349 70
2334 917 549
2335 1048 764
2336 819 422
2337 533 167
2338 860 472
2339 710 308
2340 1042 753
2341 1045 759
2342 1154 1000
2343 933 572
2344 1016 706
2345 1119 913
2346 874 490
2347 1142 968
2348 1070 808
2349 742 339
2350 1010 696
2351 1006 688
2352 183 19
2353 949 596
2354 274 43
2355 999 676
2356 1093 855
2357 230 30
2358 956 606
2359 852 462
2360 707 305
2361 774 372
2362 1020 713
2363 836 443
2364 391 88
2365 434 109
2366 1152 995
2367 756 353
2368 1022 716
2369 422 103
2370 688 287
2371 472 130
2372 605 218
2373 1035 740
2374 924 559
2375 884 504
2376 704 302
2377 770 368
2378 989 659
2379 1144 974
2380 643 248
2381 840 448
2382 734 331
2383 1153 997
2384 262 39
2385 551 179
2386 872 488
2387 1123 923
2388 290 48
2389 990 661
2390 568 191
2391 347 69
2392 1014 703
2393 840 447
2394 1153 997
2395 506 150
2396 1126 931
2397 1097 864
2398 750 347
2399 965 621
2400 934 574
2401 630 238
2402 974 635
2403 321 59
2404 460 123
2405 1092 853
2406 972 632
2407 892 514
2408 1153 998
2409 1005 686
2410 988 658
2411 436 110
2412 1138 959
2413 290 48
2414 1118 911
2415 981 647
2416 640 246
2417 692 291
2418 998 675
2419 818 421
2420 972 632
2421 807 408
2422 1089 848
2423 968 626
2424 168 16
2425 241 33
2426 1147 982
2427 274 43
2428 971 630
2429 825 430
2430 857 468
2431 1093 855
2432 1021 715
2433 479 134
2434 938 580
2435 775 373
2436 861 474
2437 593 209
2438 842 450
2439 1133 946
2440 732 329
2441 491 141
2442 1031 733
2443 424 104
2444 985 653
2445 478 133
2446 463 125
2447 439 112
2448 210 25
2449 1095 859
2450 829 434
2451 1105 881
2452 919 551
2453 1138 958
2454 1152 995
2455 857 469
2456 810 412
2457 145 12
2458 817 420
2459 1059 786
2460 373 80
2461 268 41
2462 506 150
2463 940 583
2464 574 195
2465 934 574
2466 717 314
2467 1149 986
2468 614 225
2469 998 675
2470 950 598
2471 1074 816
2472 1138 958
2473 1113 900
2474 1141 966
2475 366 77
2476 893 515
2477 783 382
2478 248 35
2479 1081 831
2480 761 358
2481 683 283
2482 924 559
2483 611 223
2484 917 549
2485 1075 818
2486 784 383
2487 371 79
2488 432 108
2489 1032 735
2490 924 559
2491 803 404
2492 891 513
2493 1135 952
2494 1029 729
2495 304 53
2496 871 486
2497 1088 846
2498 567 190
2499 779 377
2500 1107 887
2501 820 424
2502 1051 770
2503 478 133
2504 769 367
2505 836 443
2506 788 387
2507 1091 851
2508 1053 775
2509 666 268
2510 1143 971
2511 837 444
2512 352 71
2513 1126 931
2514 942 585
2515 826 431
2516 1109 890
2517 779 377
2518 773 371
2519 258 38
2520 889 510
2521 998 674
2522 714 311
2523 846 455
2524 1020 713
2525 1133 948
2526 720 317
2527 1097 865
2528 939 581
2529 1150 990
2530 1061 790
2531 958 610
2532 1048 764
2533 903 529
2534 777 375
2535 919 551
2536 514 155
2537 178 18
2538 1023 718
2539 1130 940
2540 734 331
2541 1088 845
2542 843 451
2543 1104 879
2544 248 35
2545 964 619
2546 373 80
2547 925 561
2548 287 47
2549 710 308
2550 1075 817
2551 959 612
2552 970 628
2553 504 149
2554 588 205
2555 347 69
2556 652 256
2557 979 643
2558 948 594
2559 1146 979
2560 950 598
2561 1061 790
2562 727 324
2563 258 38
2564 972 632
2565 745 342
2566 1049 766
2567 1046 760
2568 1116 907
2569 1105 881
2570 991 662
2571 1062 791
2572 578 198
2573 1034 738
2574 876 493
2575 439 112
2576 1129 938
2577 742 339
2578 1060 788
2579 955 605
2580 635 242
2581 1013 700
2582 739 336
2583 454 120
2584 399 92
2585 723 320
2586 777 375
2587 980 645
2588 651 255
2589 1100 871
2590 890 512
2591 899 523
2592 766 363
2593 1061 790
2594 791 391
2595 218 27
2596 881 499
2597 919 552
2598 1113 901
2599 162 15
2600 192 21
2601 1125 928
2602 539 171
2603 476 132
2604 1135 952
2605 1072 812
2606 334 64
2607 1111 896
2608 719 316
2609 1095 859
2610 506 150
2611 380 83
2612 923 557
2613 930 567
2614 920 553
2615 412 98
2616 792 392
2617 1123 924
2618 746 343
2619 813 415
2620 1052 772
2621 600 214
2622 1142 968
2623 1123 922
2624 1133 946
2625 1100 870
2626 1061 790
2627 708 306
2628 851 461
2629 506 150
2630 1100 870
2631 1044 756
2632 749 346
2633 1014 703
2634 598 213
2635 414 99
2636 126 9
2637 892 514
2638 928 564
2639 1077 821
2640 498 145
2641 1123 924
2642 999 676
2643 382 84
2644 696 295
2645 1148 983
2646 909 538
2647 880 498
2648 991 663
2649 878 495
2650 1106 883
2651 596 211
2652 268 41
2653 801 402
2654 931 569
2655 620 230
2656 955 605
2657 495 143
2658 809 411
2659 1099 868
2660 940 583
2661 1138 959
2662 996 672
2663 590 207
2664 636 243
2665 201 23
2666 1095 861
2667 893 516
2668 699 297
2669 562 187
2670 848 457
2671 1148 985
2672 749 346
2673 1031 732
2674 866 480
2675 1144 975
2676 1028 728
2677 758 355
2678 980 645
2679 1142 968
2680 1119 913
2681 683 283
2682 934 573
2683 992 665
2684 1044 757
2685 868 482
2686 1133 946
2687 1063 793
2688 585 203
2689 1131 943
2690 966 622
2691 778 376
2692 1148 983
2693 995 669
2694 1120 915
2695 896 520
2696 1005 687
2697 287 47
2698 903 529
2699 1001 679
2700 643 248
2701 560 185
2702 1101 872
2703 682 282
2704 1113 901
2705 960 613
2706 624 233
2707 998 675
2708 902 528
2709 998 675
2710 1020 712
2711 938 580
2712 545 175
2713 1131 943
2714 564 188
2715 841 449
2716 1049 767
2717 737 334
2718 694 293
2719 296 50
2720 1031 732
2721 1115 904
2722 677 277
2723 639 245
2724 568 191
2725 1154 999
2726 1023 719
2727 1115 904
2728 1069 805
2729 197 22
2730 701 299
2731 1123 924
2732 1014 703
2733 73 3
2734 1045 759
2735 1030 730
2736 1133 948
2737 783 382
2738 678 278
2739 1059 786
2740 972 631
2741 1144 975
2742 1027 725
2743 976 638
2744 1114 903
2745 733 330
2746 866 480
2747 869 484
2748 1059 785
2749 721 318
2750 393 89
2751 992 665
2752 840 448
2753 861 473
2754 1129 937
2755 975 637
2756 805 406
2757 588 205
2758 1153 997
2759 944 589
2760 930 567
2761 945 590
2762 241 33
2763 1106 884
2764 476 132
2765 673 274
2766 205 24
2767 800 400
2768 649 253
2769 371 79
2770 707 305
2771 1034 739
2772 650 254
2773 846 455
2774 916 547
2775 545 175
2776 339 66
2777 1141 966
2778 1152 994
2779 613 224
2780 816 419
2781 717 314
2782 737 334
2783 1121 918
2784 966 623
2785 849 458
2786 802 403
2787 1020 712
2788 1143 972
2789 715 312
2790 1051 771
2791 1059 785
2792 781 380
2793 307 54
2794 760 357
2795 542 173
2796 958 609
2797 188 20
2798 885 505
2799 597 212
2800 868 482
2801 962 616
2802 1149 986
2803 1069 806
2804 1126 931
2805 809 411
2806 428 106
2807 687 286
2808 1115 905
2809 757 354
2810 1138 960
2811 688 287
2812 1133 947
2813 574 195
2814 1127 933
2815 914 545
2816 594 210
2817 361 75
2818 1042 753
2819 1146 980
2820 897 521
2821 578 198
2822 974 635
2823 1075 818
2824 711 309
2825 1070 807
2826 812 414
2827 690 289
2828 923 557
2829 549 178
2830 618 228
2831 1151 991
2832 1139 962
2833 973 633
2834 859 471
2835 188 20
2836 119 8
2837 911 540
2838 645 250
2839 1094 858
2840 1136 955
2841 966 623
2842 850 460
2843 884 504
2844 1051 770
2845 1037 743
2846 1068 804
2847 1021 714
2848 986 655
2849 995 669
2850 326 61
2851 1090 850
2852 728 325
2853 337 65
2854 758 355
2855 1119 914
2856 957 608
2857 820 423
2858 994 668
2859 951 599
2860 643 248
2861 999 677
2862 925 560
2863 1085 839
2864 1022 717
2865 1142 970
2866 963 617
2867 984 651
2868 836 443
2869 739 336
2870 1043 755
2871 728 325
2872 680 280
2873 183 19
2874 1143 972
2875 1056 779
2876 903 529
2877 914 544
2878 504 149
2879 1038 746
2880 1093 856
2881 1103 878
2882 918 550
2883 414 99
2884 884 504
2885 1104 879
2886 1009 693
2887 1070 808
2888 1134 950
2889 660 263
2890 371 79
2891 901 527
2892 780 378
2893 476 132
2894 744 341
2895 1141 966
2896 758 355
2897 693 292
2898 914 545
2899 767 365
2900 630 238
2901 681 281
2902 760 357
2903 600 214
2904 723 320
2905 1028 728
2906 1051 770
2907 723 320
2908 961 614
2909 1056 780
2910 1000 678
2911 840 447
2912 789 388
2913 907 535
2914 1110 892
2915 944 589
2916 921 554
2917 772 370
2918 558 184
2919 850 460
2920 914 544
2921 1066 800
2922 1086 840
2923 821 425
2924 248 35
2925 798 398
2926 1098 867
2927 549 178
2928 1147 981
2929 1088 845
2930 1036 741
2931 1101 872
2932 763 360
2933 329 62
2934 293 49
2935 479 134
2936 701 299
2937 1056 780
2938 804 405
2939 996 671
2940 445 115
2941 985 653
2942 441 113
2943 816 419
2944 1126 931
2945 1020 713
2946 481 135
2947 1146 978
2948 490 140
2949 441 113
2950 911 540
2951 230 30
2952 1106 885
2953 680 280
2954 995 669
2955 811 413
2956 1068 803
2957 1065 797
2958 1087 843
2959 1153 997
2960 653 257
2961 924 559
2962 508 151
2963 923 558
2964 978 641
2965 545 175
2966 1018 710
2967 881 499
2968 1112 897
2969 1071 809
2970 804 405
2971 763 360
2972 590 207
2973 948 594
2974 463 125
2975 667 269
2976 1088 845
2977 836 443
2978 1078 824
2979 1063 793
2980 838 445
2981 552 180
2982 1090 849
2983 901 527
2984 980 644
2985 624 233
2986 778 376
2987 949 596
2988 656 259
2989 570 192
2990 1056 779
2991 966 622
2992 1063 793
2993 931 569
2994 1150 990
2995 1114 902
2996 978 642
2997 831 436
2998 274 43
2999 940 582
3000 1083 834
3001 1027 726
3002 1012 698
3003 893 516
3004 932 570
3005 665 267
3006 1051 770
3007 970 629
3008 1112 898
3009 554 181
3010 517 157
3011 1025 722
3012 727 324
3013 1072 811
3014 925 560
3015 1113 901
3016 986 655
3017 815 418
3018 1001 679
3019 719 316
3020 1059 785
3021 680 280
3022 1131 941
3023 851 461
3024 380 83
3025 574 195
3026 904 530
3027 792 392
3028 653 257
3029 304 53
3030 500 146
3031 546 176
3032 1023 719
3033 73 3
3034 911 540
3035 1148 985
3036 1137 956
3037 1139 961
3038 652 256
3039 709 307
3040 1025 722
3041 853 463
3042 623 232
3043 934 573
3044 73 3
3045 1107 886
3046 406 95
3047 937 578
3048 1095 861
3049 274 43
3050 564 188
3051 919 551
3052 332 63
3053 646 251
3054 522 160
3055 968 626
3056 958 609
3057 1131 941
3058 1123 923
3059 1022 716
3060 438 111
3061 1116 907
3062 271 42
3063 806 407
3064 799 399
3065 1104 880
3066 984 652
3067 471 129
3068 366 77
3069 700 298
3070 495 143
3071 865 479
3072 1052 773
3073 873 489
3074 201 23
3075 673 274
3076 978 641
3077 819 422
3078 1024 720
3079 1140 965
3080 630 238
3081 1110 892
3082 1096 862
3083 743 340
3084 984 652
3085 655 258
3086 574 195
3087 797 397
3088 458 122
3089 1014 703
3090 891 513
3091 500 146
3092 797 397
3093 1064 796
3094 910 539
3095 685 285
3096 1038 745
3097 326 61
3098 996 672
3099 809 411
3100 805 406
3101 1122 920
3102 290 48
3103 1090 849
3104 922 556
3105 646 251
3106 844 452
3107 456 121
3108 1093 855
3109 1122 921
3110 241 33
3111 598 213
3112 606 219
3113 465 126
3114 804 405
3115 983 650
3116 643 248
3117 1114 902
3118 952 600
3119 371 79
3120 1069 806
3121 909 537
3122 564 188
3123 994 667
3124 1034 738
3125 988 658
3126 980 645
3127 1006 689
3128 467 127
3129 886 506
3130 625 234
3131 769 367
3132 554 181
3133 716 313
3134 920 553
3135 561 186
3136 531 166
3137 1045 758
3138 986 654
3139 1113 899
3140 1072 811
3141 978 641
3142 490 140
3143 959 612
3144 829 434
3145 859 471
3146 582 201
3147 274 43
3148 585 203
3149 1073 814
3150 1000 678
3151 1009 694
3152 1005 686
3153 796 396
3154 609 221
3155 1022 717
3156 506 150
3157 1102 875
3158 571 193
3159 1146 979
3160 1138 960
3161 643 248
3162 469 128
3163 366 77
3164 1004 684
3165 201 23
3166 586 204
3167 706 304
3168 1126 930
3169 439 112
3170 304 53
3171 1110 894
3172 610 222
3173 857 469
3174 643 248
3175 59 2
3176 720 317
3177 1115 905
3178 979 643
3179 986 654
3180 577 197
3181 963 617
3182 976 638
3183 364 76
3184 1024 720
3185 157 14
3186 836 442
3187 1116 906
3188 375 81
3189 724 321
3190 366 77
3191 969 627
3192 540 172
3193 326 61
3194 922 556
3195 649 253
3196 458 122
3197 644 249
3198 1082 832
3199 960 613
3200 359 74
3201 218 27
3202 524 161
3203 1137 956
3204 210 25
3205 990 661
3206 577 197
3207 598 213
3208 958 610
3209 1025 722
3210 821 425
3211 735 332
3212 745 342
3213 511 153
3214 825 430
3215 1122 920
3216 1004 685
3217 624 233
3218 838 445
3219 973 633
3220 954 603
3221 1136 955
3222 856 467
3223 635 242
3224 809 411
3225 750 347
3226 619 229
3227 907 535
3228 1058 783
3229 688 287
3230 774 372
3231 834 440
3232 1013 701
3233 1057 781
3234 625 234
3235 675 276
3236 214 26
3237 952 601
3238 1079 827
3239 1088 846
3240 656 259
3241 684 284
3242 1073 813
3243 501 147
3244 730 327
3245 1092 853
3246 1141 967
3247 426 105
3248 791 390
3249 759 356
3250 1069 805
3251 1098 866
3252 607 220
3253 936 577
3254 801 402
3255 197 22
3256 1036 742
3257 393 89
3258 1003 683
3259 1044 756
3260 683 283
3261 707 305
3262 474 131
3263 1151 993
3264 445 115
3265 509 152
3266 1112 897
3267 1000 678
3268 683 283
3269 337 65
3270 836 442
3271 945 590
3272 1148 983
3273 995 670
3274 851 461
3275 1048 765
3276 1103 878
3277 1032 734
3278 486 138
3279 973 633
3280 377 82
3281 1107 887
3282 1012 698
3283 1153 997
3284 1130 940
3285 954 603
3286 1129 938
3287 173 17
3288 488 139
3289 590 207
3290 924 559
3291 855 466
3292 704 302
3293 1089 847
3294 708 306
3295 1070 808
3296 401 93
3297 574 195
3298 597 212
3299 443 114
3300 527 163
3301 1009 693
3302 758 355
3303 539 171
3304 798 398
3305 643 248
3306 274 43
3307 992 664
3308 151 13
3309 808 410
3310 650 254
3311 814 416
3312 570 192
3313 1079 826
3314 564 188
3315 787 386
3316 1117 908
3317 296 50
3318 1123 922
3319 1151 993
3320 875 492
3321 1127 933
3322 1062 791
3323 1120 915
3324 334 64
3325 915 546
3326 486 138
3327 752 349
3328 1142 969
3329 1045 758
3330 478 133
3331 946 592
3332 1087 842
3333 912 542
3334 857 468
3335 840 447
3336 1020 712
3337 1038 746
3338 1018 710
3339 403 94
3340 843 451
3341 1067 802
3342 1109 890
3343 735 332
3344 1098 866
3345 1103 877
3346 868 483
3347 410 97
3348 909 538
3349 1056 780
3350 1117 909
3351 972 632
3352 237 32
3353 1039 747
3354 347 69
3355 519 158
3356 484 137
3357 1066 800
3358 183 19
3359 1074 816
3360 1033 737
3361 1002 682
3362 596 211
3363 1062 792
3364 952 600
3365 1142 970
3366 696 295
3367 978 641
3368 197 22
3369 851 461
3370 1085 838
3371 858 470
3372 792 392
3373 1001 679
3374 800 400
3375 918 550
3376 1128 936
3377 1122 920
3378 747 344
3379 780 378
3380 496 144
3381 994 667
3382 1070 808
3383 530 165
3384 520 159
3385 615 226
3386 833 439
3387 927 563
3388 836 442
3389 656 259
3390 753 350
3391 733 330
3392 1021 715
3393 1084 837
3394 852 462
3395 321 59
3396 1061 790
3397 1026 723
3398 1051 771
3399 498 145
3400 630 238
3401 791 391
3402 656 259
3403 792 392
3404 1123 924
3405 982 648
3406 792 392
3407 1045 759
3408 522 160
3409 743 340
3410 1071 809
3411 753 350
3412 565 189
3413 650 254
3414 1146 980
3415 739 336
3416 1011 697
3417 1093 856
3418 754 351
3419 741 338
3420 898 522
3421 724 321
3422 861 473
3423 925 561
3424 764 361
3425 1119 913
3426 877 494
3427 111 7
3428 765 362
3429 1041 751
3430 792 392
3431 1151 991
3432 1038 746
3433 673 274
3434 945 590
3435 1146 980
3436 287 47
3437 984 652
3438 119 8
3439 151 13
3440 875 491
3441 996 671
3442 872 488
3443 462 124
3444 732 329
3445 586 204
3446 988 658
3447 1002 681
3448 950 598
3449 1135 951
3450 382 84
3451 927 563
3452 1086 840
3453 881 500
3454 858 470
3455 738 335
3456 1101 874
3457 432 108
3458 1021 715
3459 687 286
3460 918 550
3461 952 600
3462 659 262
3463 1079 827
3464 1142 968
3465 702 300
3466 975 637
3467 339 66
3468 1054 777
3469 955 605
3470 903 529
3471 395 90
3472 486 138
3473 893 515
3474 802 403
3475 1140 963
3476 647 252
3477 388 87
3478 1118 912
3479 1138 960
3480 961 614
3481 284 46
3482 883 502
3483 912 542
3484 329 62
3485 414 99
3486 1120 916
3487 1113 899
3488 465 126
3489 1118 912
3490 1077 821
3491 951 599
3492 967 624
3493 894 517
3494 1131 941
3495 517 157
3496 500 146
3497 670 271
3498 1090 850
3499 948 595
3500 979 643
3501 808 410
3502 943 587
3503 517 157
3504 636 243
3505 641 247
3506 1072 812
3507 1103 877
3508 567 190
3509 1131 942
3510 652 256
3511 1065 798
3512 1105 881
3513 975 636
3514 906 533
3515 816 419
3516 938 579
3517 284 46
3518 1034 739
3519 629 237
3520 838 445
3521 597 212
3522 554 181
3523 849 458
3524 428 106
3525 991 663
3526 478 133
3527 578 198
3528 201 23
3529 1059 786
3530 875 491
3531 1040 749
3532 501 147
3533 989 659
3534 1107 887
3535 1018 710
3536 866 480
3537 849 459
3538 1101 874
3539 337 65
3540 689 288
3541 983 650
3542 828 433
3543 426 105
3544 1050 768
3545 299 51
3546 1126 929
3547 1133 947
3548 201 23
3549 1040 750
3550 596 211
3551 934 573
3552 162 15
3553 643 248
3554 958 609
3555 670 271
3556 1152 995
3557 278 44
3558 705 303
3559 693 292
3560 1093 855
3561 1124 925
3562 829 434
3563 458 122
3564 1140 963
3565 1108 889
3566 1084 836
3567 955 605
3568 992 664
3569 579 199
3570 1153 997
3571 1074 815
3572 1104 880
3573 963 617
3574 574 195
3575 574 195
3576 681 281
3577 1021 715
3578 1123 923
3579 934 573
3580 596 211
3581 293 49
3582 255 37
3583 887 507
3584 639 245
3585 710 308
3586 856 467
3587 929 566
3588 514 155
3589 955 605
3590 1054 777
3591 1132 945
3592 605 218
3593 1142 968
3594 745 342
3595 168 16
3596 849 458
3597 794 394
3598 1116 906
3599 682 282
3600 321 59
3601 627 235
3602 1147 981
3603 1108 888
3604 408 96
3605 666 268
3606 1096 862
3607 665 267
3608 791 390
3609 486 138
3610 1122 921
3611 498 145
3612 1080 829
3613 126 9
3614 754 351
3615 746 343
3616 619 229
3617 1037 744
3618 655 258
3619 1024 720
3620 717 314
3621 539 171
3622 326 61
3623 84 4
3624 1112 897
3625 574 195
3626 1010 695
3627 1090 849
3628 763 360
3629 168 16
3630 786 385
3631 1144 974
3632 1075 817
3633 454 120
3634 474 131
3635 978 642
3636 1138 958
3637 994 668
3638 1002 682
3639 1071 809
3640 1138 958
3641 337 65
3642 1103 877
3643 329 62
3644 1117 910
3645 684 284
3646 842 450
3647 801 402
3648 983 649
3649 876 493
3650 1137 957
3651 562 187
3652 785 384
3653 618 228
3654 948 594
3655 609 221
3656 849 458
3657 481 135
3658 504 149
3659 1099 868
3660 1099 869
3661 909 537
3662 511 153
3663 688 287
3664 932 570
3665 675 276
3666 1004 685
3667 481 135
3668 432 108
3669 1054 776
3670 1097 864
3671 923 557
3672 947 593
3673 978 641
3674 1095 861
3675 600 214
3676 746 343
3677 1035 740
3678 660 263
3679 855 466
3680 853 464
3681 997 673
3682 1088 846
3683 854 465
3684 940 582
3685 691 290
3686 698 296
3687 774 372
3688 777 375
3689 1083 834
3690 1002 681
3691 828 433
3692 786 385
3693 865 479
3694 359 74
3695 310 55
3696 687 286
3697 947 593
3698 851 461
3699 554 181
3700 484 137
3701 914 544
3702 852 462
3703 991 663
3704 754 351
3705 996 672
3706 1140 963
3707 707 305
3708 853 463
3709 1041 752
3710 876 493
3711 732 329
3712 937 578
3713 940 582
3714 491 141
3715 581 200
3716 932 570
3717 399 92
3718 884 503
3719 861 473
3720 819 422
3721 976 638
3722 548 177
3723 885 505
3724 922 556
3725 210 25
3726 869 484
3727 255 37
3728 1005 686
3729 970 629
3730 625 234
3731 895 518
3732 825 429
3733 432 108
3734 465 126
3735 907 535
3736 853 464
3737 731 328
3738 258 38
3739 1117 909
3740 1092 854
3741 908 536
3742 781 380
3743 761 358
3744 1019 711
3745 1047 763
3746 853 464
3747 1123 922
3748 307 54
3749 983 650
3750 1005 687
3751 478 133
3752 604 217
3753 682 282
3754 1014 703
3755 1094 858
3756 865 479
3757 520 159
3758 853 464
3759 633 240
3760 671 272
3761 836 442
3762 1026 723
3763 1038 745
3764 1142 969
3765 702 300
3766 669 270
3767 906 534
3768 1099 869
3769 936 576
3770 197 22
3771 969 627
3772 84 4
3773 1004 684
3774 959 612
3775 968 625
3776 1107 887
3777 902 528
3778 119 8
3779 1144 974
3780 1094 857
3781 447 116
3782 602 216
3783 307 54
3784 1114 903
3785 578 198
3786 925 561
3787 281 45
3788 890 512
3789 1112 897
3790 586 204
3791 886 506
3792 678 278
3793 924 559
3794 513 154
3795 349 70
3796 445 115
3797 168 16
3798 1015 704
3799 973 634
3800 803 404
3801 982 648
3802 1120 916
3803 774 372
3804 1126 929
3805 719 316
3806 588 205
3807 561 186
3808 909 538
3809 504 149
3810 768 366
3811 863 476
3812 1126 931
3813 342 67
3814 1087 843
3815 1040 750
3816 1070 808
3817 214 26
3818 1063 793
3819 780 379
3820 764 361
3821 952 600
3822 1012 698
3823 701 299
3824 1100 871
3825 1004 684
3826 951 599
3827 1140 965
3828 1080 828
3829 1115 904
3830 849 459
3831 911 541
3832 935 575
3833 1050 768
3834 1121 918
3835 1151 991
3836 760 357
3837 834 440
3838 754 351
3839 393 89
3840 313 56
3841 958 610
3842 732 329
3843 382 84
3844 922 556
3845 554 181
3846 284 46
3847 606 219
3848 647 252
3849 883 502
3850 812 414
3851 1051 771
3852 1050 769
3853 1087 842
3854 740 337
3855 854 465
3856 932 571
3857 879 497
3858 902 528
3859 832 438
3860 1144 973
3861 658 261
3862 1014 703
3863 687 286
3864 530 165
3865 1001 680
3866 630 238
3867 726 323
3868 942 585
3869 681 281
3870 1051 771
3871 1107 886
3872 1083 834
3873 1121 919
3874 483 136
3875 769 367
3876 743 340
3877 809 411
3878 750 347
3879 913 543
3880 382 84
3881 836 442
3882 731 328
3883 911 541
3884 1024 720
3885 1063 793
3886 771 369
3887 882 501
3888 937 578
3889 1081 831
3890 1124 926
3891 1098 866
3892 151 13
3893 1084 837
3894 418 101
3895 1073 813
3896 619 229
3897 919 552
3898 428 106
3899 1047 762
3900 361 75
3901 852 462
3902 1144 975
3903 1016 706
3904 622 231
3905 789 388
3906 517 157
3907 501 147
3908 823 427
3909 368 78
3910 456 121
3911 1033 737
3912 713 310
3913 520 159
3914 508 151
3915 828 433
3916 650 254
3917 959 611
3918 377 82
3919 914 544
3920 817 420
3921 1013 700
3922 655 258
3923 878 495
3924 575 196
3925 963 618
3926 1060 787
3927 1012 698
3928 560 185
3929 1033 737
3930 759 356
3931 361 75
3932 876 493
3933 889 510
3934 588 205
3935 979 643
3936 877 494
3937 458 122
3938 1138 959
3939 1016 706
3940 1059 786
3941 965 621
3942 391 88
3943 854 465
3944 528 164
3945 596 211
3946 564 188
3947 1135 951
3948 646 251
3949 948 594
3950 781 380
3951 290 48
3952 1071 809
3953 915 546
3954 605 218
3955 1151 991
3956 359 74
3957 795 395
3958 958 610
3959 720 317
3960 1145 977
3961 836 442
3962 1116 907
3963 1089 847
3964 864 477
3965 932 571
3966 606 219
3967 1021 715
3968 1115 905
3969 332 63
3970 1045 758
3971 948 594
3972 467 127
3973 1074 816
3974 643 248
3975 1054 776
3976 881 500
3977 755 352
3978 911 541
3979 495 143
3980 1023 719
3981 888 509
3982 833 439
3983 769 367
3984 808 410
3985 495 143
3986 1078 824
3987 1101 873
3988 422 103
3989 820 424
3990 974 635
3991 971 630
3992 742 339
3993 178 18
3994 679 279
3995 344 68
3996 923 557
3997 1143 972
3998 701 299
3999 173 17
4000 438 111
4001 1022 717
4002 1026 723
4003 990 661
4004 1056 780
4005 981 647
4006 988 657
4007 938 580
4008 408 96
4009 1069 805
4010 928 564
4011 854 465
4012 1012 699
4013 928 564
4014 528 164
4015 916 548
4016 852 462
4017 1057 781
4018 938 579
4019 905 532
4020 514 155
4021 624 233
4022 588 205
4023 975 637
4024 391 88
4025 430 107
4026 919 552
4027 849 459
4028 743 340
4029 614 225
4030 1120 916
4031 882 501
4032 662 264
4033 994 667
4034 984 652
4035 1038 746
4036 483 136
4037 525 162
4038 1056 779
4039 966 622
4040 1100 871
4041 244 34
4042 784 383
4043 403 94
4044 1057 782
4045 846 455
4046 1139 961
4047 233 31
4048 869 484
4049 551 179
4050 1091 851
4051 836 443
4052 865 478
4053 687 286
4054 602 216
4055 899 523
4056 663 265
4057 516 156
4058 1153 998
4059 944 589
4060 988 658
4061 342 67
4062 961 615
4063 769 367
4064 767 365
4065 1078 825
4066 1152 995
4067 548 177
4068 627 235
4069 316 57
4070 783 382
4071 1058 783
4072 644 249
4073 1089 847
4074 941 584
4075 922 556
4076 1085 839
4077 966 623
4078 483 136
4079 391 88
4080 368 78
4081 914 545
4082 522 160
4083 1043 755
4084 393 89
4085 1028 727
4086 1048 764
4087 799 399
4088 638 244
4089 736 333
4090 1098 866
4091 1139 961
4092 941 584
4093 896 520
4094 513 154
4095 1138 959
4096 970 628
4097 352 71
4098 1153 998
4099 692 291
4100 1092 853
4101 326 61
4102 862 475
4103 531 166
4104 776 374
4105 684 284
4106 1117 910
4107 736 333
4108 992 664
4109 861 474
4110 1028 728
4111 901 527
4112 274 43
4113 371 79
4114 998 674
4115 1147 981
4116 958 610
4117 934 573
4118 634 241
4119 1122 920
4120 321 59
4121 610 222
4122 948 594
4123 1138 958
4124 1008 692
4125 1126 929
4126 1069 806
4127 1147 981
4128 762 359
4129 230 30
4130 820 423
4131 1069 806
4132 883 502
4133 1008 692
4134 997 673
4135 683 283
4136 632 239
4137 126 9
4138 456 121
4139 1089 848
4140 613 224
4141 318 58
4142 779 377
4143 347 69
4144 1017 707
4145 839 446
4146 375 81
4147 861 473
4148 780 379
4149 611 223
4150 422 103
4151 840 448
4152 1147 981
4153 1142 968
4154 770 368
4155 1100 870
4156 992 664
4157 1032 735
4158 1060 788
4159 968 626
4160 831 436
4161 628 236
4162 752 349
4163 1047 763
4164 1150 990
4165 454 120
4166 168 16
4167 721 318
4168 178 18
4169 660 263
4170 854 465
4171 1134 949
4172 557 183
4173 851 461
4174 414 99
4175 896 520
4176 934 574
4177 416 100
4178 1092 854
4179 439 112
4180 674 275
4181 1080 828
4182 877 494
4183 950 598
4184 178 18
4185 1002 681
4186 886 506
4187 643 248
4188 958 610
4189 1033 737
4190 780 378
4191 586 204
4192 990 661
4193 733 330
4194 334 64
4195 1056 779
4196 761 358
4197 509 152
4198 799 399
4199 826 431
4200 375 81
4201 774 372
4202 762 359
4203 1056 780
4204 934 573
4205 767 365
4206 1144 974
4207 968 626
4208 554 181
4209 979 643
4210 1131 943
4211 1054 776
4212 635 242
4213 737 334
4214 1058 783
4215 1102 875
4216 998 674
4217 899 523
4218 1087 842
4219 1044 756
4220 657 260
4221 1151 991
4222 1021 714
4223 1069 805
4224 1105 881
4225 524 161
4226 522 160
4227 928 565
4228 586 204
4229 1120 916
4230 671 272
4231 1088 846
4232 880 498
4233 296 50
4234 879 497
4235 384 85
4236 488 139
4237 663 265
4238 1007 690
4239 1051 770
4240 845 454
4241 724 321
4242 1147 982
4243 927 563
4244 1108 888
4245 719 316
4246 546 176
4247 281 45
4248 965 621
4249 685 285
4250 976 639
4251 809 411
4252 304 53
4253 1136 953
4254 1113 899
4255 516 156
4256 747 344
4257 792 392
4258 870 485
4259 570 192
4260 1038 746
4261 666 268
4262 948 595
4263 1034 739
4264 859 471
4265 962 616
4266 952 601
4267 582 201
4268 754 351
4269 1115 905
4270 807 408
4271 1015 704
4272 887 507
4273 509 152
4274 271 42
4275 662 264
4276 1131 941
4277 1088 846
4278 1143 971
4279 1110 893
4280 938 580
4281 555 182
4282 1090 849
4283 1113 899
4284 1117 909
4285 579 199
4286 667 269
4287 748 345
4288 1016 706
4289 1085 839
4290 814 416
4291 578 198
4292 1058 783
4293 755 352
4294 1018 710
4295 1037 743
4296 1081 831
4297 811 413
4298 980 645
4299 555 182
4300 758 355
4301 598 213
4302 1081 830
4303 994 668
4304 537 170
4305 986 655
4306 989 659
4307 853 463
4308 780 378
4309 666 268
4310 976 639
4311 552 180
4312 934 573
4313 1028 728
4314 1006 689
4315 307 54
4316 1064 796
4317 1148 985
4318 671 272
4319 1120 916
4320 722 319
4321 578 198
4322 1005 687
4323 776 374
4324 1075 818
4325 1108 888
4326 822 426
4327 334 64
4328 549 178
4329 998 675
4330 913 543
4331 1000 678
4332 667 269
4333 659 262
4334 950 598
4335 1131 942
4336 923 557
4337 403 94
4338 548 177
4339 987 656
4340 944 589
4341 352 71
4342 989 660
4343 890 512
4344 615 226
4345 979 643
4346 1131 941
4347 904 530
4348 594 210
4349 1138 959
4350 1117 908
4351 1048 765
4352 914 544
4353 588 205
4354 1060 788
4355 690 289
4356 504 149
4357 881 500
4358 1020 712
4359 807 408
4360 592 208
4361 59 2
4362 1061 790
4363 941 584
4364 991 663
4365 486 138
4366 467 127
4367 1114 902
4368 862 475
4369 401 93
4370 638 244
4371 84 4
4372 265 40
4373 1110 893
4374 1030 730
4375 868 483
4376 1086 841
4377 649 253
4378 1111 895
4379 1122 921
4380 785 384
4381 377 82
4382 1087 842
4383 984 652
4384 1030 731
4385 702 300
4386 961 614
4387 151 13
4388 1122 920
4389 1106 885
4390 762 359
4391 1000 678
4392 828 433
4393 1010 696
4394 780 378
4395 248 35
4396 1122 920
4397 780 379
4398 548 177
4399 743 340
4400 432 108
4401 1153 997
4402 677 277
4403 786 385
4404 771 369
4405 739 336
4406 1078 825
4407 344 68
4408 1008 692
4409 545 175
4410 900 525
4411 583 202
4412 1130 940
4413 931 569
4414 715 312
4415 1002 682
4416 953 602
4417 837 444
4418 401 93
4419 809 411
4420 1002 681
4421 717 314
4422 791 390
4423 359 74
4424 934 574
4425 630 238
4426 964 619
4427 560 185
4428 982 648
4429 919 551
4430 675 276
4431 748 345
4432 992 665
4433 145 12
4434 472 130
4435 968 625
4436 443 114
4437 729 326
4438 1079 826
4439 904 531
4440 296 50
4441 948 594
4442 1139 961
4443 720 317
4444 1101 872
4445 1149 987
4446 992 664
4447 975 637
4448 751 348
4449 1051 771
4450 992 665
4451 743 340
4452 968 625
4453 525 162
4454 991 663
4455 1068 804
4456 928 565
4457 1147 981
4458 458 122
4459 822 426
4460 853 463
4461 967 624
4462 755 352
4463 1064 795
4464 902 528
4465 796 396
4466 504 149
4467 717 314
4468 741 338
4469 426 105
4470 802 403
4471 1154 1000
4472 1047 763
4473 1076 820
4474 1030 730
4475 926 562
4476 994 667
4477 1142 970
4478 1112 897
4479 1128 935
4480 983 649
4481 904 531
4482 963 618
4483 533 167
4484 663 265
4485 853 463
4486 841 449
4487 1102 876
4488 168 16
4489 399 92
4490 1088 845
4491 1008 692
4492 737 334
4493 825 429
4494 1005 686
4495 817 420
4496 780 378
4497 1052 772
4498 1113 900
4499 230 30
4500 903 529
4501 902 528
4502 1103 878
4503 1137 956
4504 439 112
4505 688 287
4506 1097 864
4507 625 234
4508 893 516
4509 911 541
4510 718 315
4511 1058 783
4512 1086 841
4513 1094 858
4514 925 560
4515 503 148
4516 1086 840
4517 878 496
4518 1009 693
4519 1126 931
4520 403 94
4521 1109 890
4522 991 662
4523 1070 808
4524 773 371
4525 258 38
4526 817 420
4527 856 467
4528 534 168
4529 875 491
4530 426 105
4531 893 516
4532 807 408
4533 856 467
4534 973 634
4535 934 573
4536 590 207
4537 271 42
4538 927 563
4539 910 539
4540 667 269
4541 702 300
4542 493 142
4543 767 365
4544 432 108
4545 1133 946
4546 618 228
4547 1021 715
4548 619 229
4549 1044 757
4550 748 345
4551 1037 743
4552 1070 807
4553 593 209
4554 342 67
4555 1118 911
4556 896 520
4557 606 219
4558 684 284
4559 941 584
4560 1078 825
4561 773 371
4562 1113 899
4563 824 428
4564 694 293
4565 1130 939
4566 791 390
4567 255 37
4568 725 322
4569 598 213
4570 862 475
4571 1053 775
4572 436 110
4573 680 280
4574 849 458
4575 337 65
4576 625 234
4577 1105 882
4578 1140 964
4579 999 676
4580 822 426
4581 913 543
4582 1147 982
4583 749 346
4584 342 67
4585 581 200
4586 1032 734
4587 201 23
4588 809 411
4589 1127 933
4590 970 628
4591 1140 963
4592 751 348
4593 742 339
4594 1079 826
4595 798 398
4596 393 89
4597 832 438
4598 1064 796
4599 808 410
4600 533 167
4601 731 328
4602 909 537
4603 1017 708
4604 790 389
4605 641 247
4606 688 287
4607 943 587
4608 1068 804
4609 525 162
4610 937 578
4611 388 87
4612 230 30
4613 970 628
4614 658 261
4615 318 58
4616 836 442
4617 680 280
4618 687 286
4619 765 362
4620 901 526
4621 1090 850
4622 230 30
4623 844 452
4624 683 283
4625 980 644
4626 262 39
4627 645 250
4628 1080 829
4629 366 77
4630 616 227
4631 349 70
4632 1010 696
4633 954 603
4634 773 371
4635 684 284
4636 1026 723
4637 1034 738
4638 760 357
4639 701 299
4640 1108 888
4641 1109 891
4642 906 533
4643 675 276
4644 914 545
4645 832 438
4646 1076 820
4647 963 617
4648 1039 748
4649 754 351
4650 380 83
4651 1144 975
4652 1006 688
4653 875 492
4654 793 393
4655 447 116
4656 1040 750
4657 1120 916
4658 853 464
4659 560 185
4660 469 128
4661 1119 913
4662 1117 908
4663 522 160
4664 1091 852
4665 877 494
4666 342 67
4667 465 126
4668 807 409
4669 948 594
4670 151 13
4671 861 474
4672 866 480
4673 809 411
4674 735 332
4675 1056 780
4676 751 348
4677 875 491
4678 888 509
4679 877 494
4680 733 330
4681 678 278
4682 857 469
4683 1100 870
4684 903 529
4685 604 217
4686 870 485
4687 614 225
4688 248 35
4689 959 612
4690 349 70
4691 936 577
4692 1139 962
4693 879 497
4694 1080 829
4695 496 144
4696 709 307
4697 1012 698
4698 746 343
4699 458 122
4700 744 341
4701 805 406
4702 403 94
4703 1121 918
4704 1109 890
4705 586 204
4706 1108 889
4707 1134 949
4708 1069 805
4709 418 101
4710 853 463
4711 1115 905
4712 765 362
4713 745 342
4714 728 325
4715 696 295
4716 1002 681
4717 1056 779
4718 1071 810
4719 1013 701
4720 843 451
4721 1137 957
4722 664 266
4723 975 636
4724 636 243
4725 728 325
4726 1010 696
4727 386 86
4728 934 573
4729 1128 934
4730 1067 801
4731 424 104
4732 920 553
4733 940 582
4734 1085 839
4735 614 225
4736 1020 712
4737 899 524
4738 222 28
4739 337 65
4740 819 422
4741 1152 995
4742 513 154
4743 874 490
4744 465 126
4745 1052 773
4746 988 657
4747 937 578
4748 1136 953
4749 1112 897
4750 997 673
4751 896 519
4752 422 103
4753 839 446
4754 1008 691
4755 1142 969
4756 342 67
4757 222 28
4758 1026 723
4759 998 674
4760 214 26
4761 1105 881
4762 1142 968
4763 498 145
4764 710 308
4765 1142 970
4766 822 426
4767 1038 746
4768 793 393
4769 864 477
4770 1060 787
4771 1049 767
4772 870 485
4773 870 485
4774 1153 998
4775 1116 906
4776 1027 725
4777 1065 797
4778 1072 811
4779 1128 936
4780 976 639
4781 974 635
4782 1101 872
4783 1144 975
4784 667 269
4785 995 670
4786 1033 736
4787 545 175
4788 537 170
4789 1108 889
4790 807 408
4791 782 381
4792 1059 786
4793 965 621
4794 1026 724
4795 1126 931
4796 895 518
4797 842 450
4798 1040 750
4799 1090 849
4800 825 430
4801 1107 886
4802 688 287
4803 940 583
4804 789 388
4805 1143 971
4806 899 524
4807 730 327
4808 557 183
4809 1103 877
4810 690 289
4811 481 135
4812 1040 749
4813 1038 745
4814 634 241
4815 226 29
4816 981 647
4817 1154 999
4818 893 515
4819 558 184
4820 982 648
4821 879 497
4822 839 446
4823 767 365
4824 929 566
4825 1067 801
4826 858 470
4827 1054 776
4828 714 311
4829 1144 974
4830 954 603
4831 865 478
4832 760 357
4833 568 191
4834 963 617
4835 699 297
4836 1007 690
4837 619 229
4838 1094 858
4839 1098 867
4840 743 340
4841 1040 749
4842 876 493
4843 1082 833
4844 1119 913
4845 970 628
4846 968 626
4847 740 337
4848 1091 852
4849 1125 928
4850 1091 852
4851 774 372
4852 695 294
4853 1092 853
4854 999 677
4855 302 52
4856 1057 781
4857 1137 957
4858 1026 724
4859 436 110
4860 601 215
4861 1036 742
4862 808 410
4863 942 585
4864 813 415
4865 834 440
4866 936 576
4867 985 653
4868 996 671
4869 1035 740
4870 772 370
4871 649 253
4872 462 124
4873 491 141
4874 991 662
4875 810 412
4876 917 549
4877 1063 794
4878 384 85
4879 1051 771
4880 949 596
4881 549 178
4882 1082 833
4883 1025 721
4884 829 434
4885 1092 854
4886 694 293
4887 885 505
4888 1073 814
4889 885 505
4890 902 528
4891 1058 783
4892 769 367
4893 342 67
4894 1148 985
4895 849 458
4896 1080 829
4897 764 361
4898 734 331
4899 830 435
4900 674 275
4901 589 206
4902 733 330
4903 1022 716
4904 1001 679
4905 852 462
4906 490 140
4907 836 442
4908 698 296
4909 760 357
4910 841 449
4911 674 275
4912 956 607
4913 674 275
4914 932 571
4915 334 64
4916 403 94
4917 886 506
4918 1061 790
4919 1130 940
4920 139 11
4921 1081 830
4922 1070 808
4923 998 674
4924 434 109
4925 1140 963
4926 594 210
4927 244 34
4928 1106 885
4929 627 235
4930 1127 932
4931 850 460
4932 777 375
4933 760 357
4934 382 84
4935 921 554
4936 753 350
4937 600 214
4938 1062 791
4939 741 338
4940 1133 946
4941 959 611
4942 798 398
4943 513 154
4944 255 37
4945 863 476
4946 938 579
4947 1079 826
4948 1020 713
4949 948 595
4950 1154 1000
4951 677 277
4952 1076 819
4953 886 506
4954 956 606
4955 438 111
4956 726 323
4957 1135 952
4958 1091 851
4959 799 399
4960 1038 745
4961 831 436
4962 1112 898
4963 465 126
4964 699 297
4965 1104 880
4966 1081 831
4967 1085 839
4968 738 335
4969 890 511
4970 496 144
4971 1044 756
4972 445 115
4973 307 54
4974 503 148
4975 966 622
4976 883 502
4977 543 174
4978 310 55
4979 1031 733
4980 474 131
4981 820 424
4982 1035 740
4983 1137 956
4984 1088 846
4985 890 511
4986 963 617
4987 1023 718
4988 652 256
4989 456 121
4990 761 358
4991 1126 931
4992 977 640
4993 1057 782
4994 960 613
4995 551 179
4996 665 267
4997 930 567
4998 964 619
4999 410 97
5000 657 260
