5000 737372 15_5000_1000_1130
1 648 648
2 147 145
3 660 658
4 918 918
5 924 924
6 780 779
7 318 316
8 279 278
9 891 889
10 429 429
11 177 177
12 879 877
13 639 637
14 156 156
15 258 257
16 879 878
17 345 344
18 492 492
19 6 5
20 276 276
21 21 20
22 801 801
23 336 334
24 276 274
25 924 923
26 435 433
27 444 442
28 579 578
29 948 948
30 405 403
31 447 447
32 276 274
33 216 214
34 522 521
35 279 278
36 72 71
37 117 115
38 258 257
39 786 785
40 312 310
41 231 230
42 696 696
43 870 868
44 405 405
45 606 605
46 591 589
47 657 655
48 696 695
49 984 983
50 918 916
51 642 641
52 717 717
53 429 429
54 48 47
55 735 734
56 486 484
57 807 805
58 600 598
59 468 466
60 894 893
61 156 154
62 888 888
63 933 932
64 930 928
65 789 789
66 327 327
67 147 147
68 930 928
69 345 343
70 768 768
71 621 619
72 705 705
73 987 987
74 816 816
75 651 649
76 165 164
77 360 360
78 201 199
79 684 682
80 708 706
81 135 133
82 258 256
83 24 24
84 21 20
85 843 843
86 864 863
87 885 884
88 963 961
89 543 542
90 675 673
91 117 116
92 585 584
93 990 988
94 264 263
95 144 142
96 891 889
97 549 547
98 498 498
99 549 547
100 552 551
101 639 639
102 912 912
103 774 773
104 114 112
105 747 745
106 255 253
107 465 464
108 492 491
109 234 232
110 171 171
111 366 364
112 897 896
113 558 556
114 210 210
115 912 912
116 660 659
117 54 53
118 177 175
119 354 352
120 234 233
121 66 64
122 282 281
123 777 776
124 426 425
125 780 778
126 921 919
127 720 719
128 492 492
129 123 122
130 765 763
131 342 341
132 165 165
133 12 10
134 795 793
135 156 156
136 723 722
137 201 199
138 240 240
139 345 345
140 681 680
141 501 500
142 192 191
143 261 260
144 594 594
145 204 202
146 345 345
147 531 531
148 315 313
149 435 435
150 186 185
151 165 163
152 543 541
153 474 474
154 672 670
155 81 79
156 156 154
157 333 332
158 705 703
159 135 134
160 540 539
161 858 857
162 705 704
163 57 56
164 861 859
165 333 331
166 165 163
167 177 177
168 102 102
169 12 12
170 576 575
171 870 869
172 837 836
173 237 236
174 966 964
175 81 81
176 798 798
177 339 337
178 510 508
179 696 696
180 975 975
181 405 405
182 486 484
183 309 307
184 771 771
185 900 899
186 321 320
187 519 519
188 474 474
189 882 882
190 594 593
191 117 115
192 318 318
193 681 680
194 924 922
195 471 470
196 738 736
197 9 7
198 408 406
199 246 245
200 648 646
201 12 10
202 213 212
203 171 170
204 744 744
205 240 240
206 579 579
207 687 685
208 774 774
209 921 920
210 615 613
211 561 559
212 723 723
213 435 435
214 624 623
215 243 242
216 549 549
217 957 957
218 873 871
219 282 282
220 387 385
221 828 828
222 870 869
223 390 390
224 60 59
225 408 407
226 627 626
227 567 566
228 909 908
229 216 215
230 564 563
231 183 182
232 57 57
233 96 96
234 231 230
235 876 874
236 948 947
237 411 409
238 309 307
239 456 456
240 315 313
241 255 255
242 924 923
243 672 672
244 6 6
245 798 798
246 468 468
247 462 462
248 402 401
249 663 663
250 21 20
251 918 918
252 960 960
253 858 858
254 963 961
255 528 527
256 900 899
257 384 382
258 966 966
259 594 593
260 768 767
261 285 283
262 378 376
263 912 910
264 978 976
265 87 87
266 189 189
267 342 340
268 390 389
269 438 437
270 741 739
271 768 768
272 39 39
273 792 790
274 495 495
275 558 556
276 129 129
277 756 756
278 588 587
279 402 401
280 81 81
281 483 482
282 918 917
283 462 461
284 198 197
285 165 165
286 102 102
287 912 910
288 807 807
289 789 789
290 48 48
291 198 197
292 153 153
293 750 748
294 255 255
295 684 684
296 459 457
297 159 157
298 690 689
299 768 767
300 966 965
301 15 14
302 6 5
303 903 902
304 609 608
305 648 646
306 696 695
307 882 881
308 876 875
309 672 671
310 372 370
311 954 954
312 93 92
313 468 468
314 540 540
315 870 870
316 36 34
317 93 91
318 999 997
319 108 108
320 15 13
321 342 340
322 552 551
323 363 363
324 804 802
325 618 617
326 144 143
327 657 656
328 957 957
329 684 683
330 138 138
331 567 565
332 399 398
333 810 810
334 192 192
335 36 35
336 780 780
337 645 645
338 639 637
339 864 864
340 60 60
341 183 181
342 954 954
343 315 313
344 891 890
345 33 31
346 912 911
347 618 617
348 318 317
349 879 878
350 54 52
351 561 559
352 120 119
353 708 708
354 507 507
355 612 612
356 285 283
357 954 953
358 249 248
359 531 530
360 990 989
361 570 570
362 192 192
363 927 925
364 903 901
365 36 35
366 39 37
367 327 325
368 795 795
369 909 909
370 351 351
371 387 386
372 924 924
373 786 784
374 573 572
375 672 670
376 699 699
377 954 953
378 57 56
379 720 718
380 936 936
381 318 317
382 765 765
383 585 585
384 348 348
385 924 924
386 102 100
387 168 167
388 435 434
389 264 262
390 444 442
391 651 650
392 984 984
393 81 81
394 348 348
395 426 424
396 939 939
397 306 304
398 114 114
399 975 974
400 327 326
401 708 708
402 696 695
403 150 150
404 27 27
405 729 727
406 591 590
407 114 114
408 720 719
409 333 332
410 288 286
411 384 382
412 675 674
413 897 896
414 240 239
415 138 137
416 885 884
417 396 395
418 267 267
419 684 684
420 963 961
421 192 191
422 222 221
423 186 184
424 126 125
425 471 471
426 558 556
427 774 772
428 723 721
429 426 425
430 465 464
431 951 949
432 915 915
433 348 348
434 165 164
435 573 572
436 3 1
437 579 578
438 282 282
439 324 323
440 174 174
441 129 127
442 681 681
443 681 679
444 219 219
445 465 463
446 339 338
447 336 335
448 897 895
449 189 187
450 672 670
451 540 538
452 105 103
453 501 500
454 171 169
455 39 37
456 336 334
457 54 54
458 642 642
459 540 539
460 717 717
461 687 686
462 552 552
463 459 458
464 276 276
465 84 84
466 270 270
467 876 876
468 975 974
469 540 538
470 504 503
471 531 530
472 345 345
473 867 866
474 963 962
475 909 907
476 84 83
477 546 546
478 327 326
479 804 803
480 342 342
481 156 155
482 129 127
483 381 380
484 462 460
485 942 942
486 447 447
487 561 560
488 570 570
489 357 357
490 93 93
491 372 371
492 393 393
493 114 112
494 9 9
495 798 797
496 384 384
497 534 532
498 126 125
499 750 750
500 852 851
501 126 125
502 582 581
503 690 688
504 441 439
505 78 77
506 327 327
507 378 376
508 546 546
509 954 954
510 603 603
511 213 213
512 288 287
513 996 995
514 405 404
515 648 647
516 729 728
517 996 995
518 486 485
519 882 880
520 108 106
521 12 12
522 951 949
523 600 598
524 198 196
525 93 93
526 237 235
527 111 110
528 657 655
529 117 117
530 993 993
531 27 26
532 912 910
533 132 132
534 117 116
535 660 660
536 207 207
537 465 464
538 267 266
539 825 824
540 642 641
541 807 805
542 819 818
543 261 261
544 774 772
545 669 668
546 231 231
547 189 188
548 405 403
549 573 573
550 246 245
551 849 847
552 894 892
553 390 388
554 123 122
555 387 387
556 519 518
557 600 599
558 207 206
559 711 710
560 273 273
561 246 245
562 402 402
563 51 49
564 858 857
565 24 24
566 396 396
567 567 566
568 531 531
569 516 515
570 513 513
571 858 858
572 327 326
573 717 717
574 483 481
575 630 628
576 597 595
577 861 860
578 807 807
579 717 716
580 399 397
581 339 338
582 87 86
583 828 828
584 363 361
585 651 651
586 462 460
587 300 298
588 753 751
589 390 388
590 546 546
591 549 547
592 783 782
593 990 989
594 225 225
595 291 289
596 948 947
597 768 768
598 375 374
599 390 390
600 915 914
601 207 207
602 390 390
603 894 894
604 357 355
605 954 953
606 444 442
607 480 480
608 126 126
609 942 941
610 45 44
611 189 189
612 159 159
613 180 180
614 906 904
615 537 535
616 618 618
617 987 987
618 189 187
619 27 27
620 129 127
621 510 510
622 273 271
623 528 527
624 351 350
625 735 734
626 261 260
627 837 836
628 972 972
629 60 59
630 960 960
631 966 964
632 894 892
633 732 731
634 936 936
635 780 780
636 807 807
637 435 433
638 492 492
639 315 315
640 204 204
641 597 597
642 903 902
643 801 801
644 465 463
645 708 706
646 420 419
647 594 592
648 414 414
649 315 314
650 849 848
651 246 246
652 303 302
653 468 468
654 630 629
655 393 393
656 780 778
657 681 679
658 735 733
659 129 129
660 396 396
661 981 979
662 717 716
663 936 936
664 114 114
665 78 78
666 15 15
667 261 261
668 243 241
669 765 765
670 903 903
671 876 876
672 126 125
673 264 262
674 453 453
675 537 535
676 120 119
677 246 244
678 897 895
679 240 240
680 222 220
681 795 794
682 867 865
683 60 59
684 966 965
685 654 654
686 318 317
687 867 865
688 882 881
689 663 663
690 165 163
691 792 791
692 219 219
693 450 448
694 81 80
695 579 579
696 810 810
697 594 594
698 333 331
699 777 775
700 357 355
701 429 429
702 564 563
703 525 523
704 666 665
705 927 927
706 450 450
707 921 919
708 822 822
709 459 458
710 846 844
711 429 429
712 918 918
713 780 778
714 72 72
715 963 963
716 354 354
717 396 396
718 903 901
719 759 759
720 492 490
721 849 848
722 390 390
723 618 616
724 348 346
725 594 592
726 183 182
727 804 803
728 351 349
729 624 622
730 414 412
731 693 692
732 309 309
733 579 577
734 744 744
735 330 328
736 945 944
737 96 96
738 396 395
739 873 873
740 444 443
741 582 580
742 333 331
743 537 537
744 804 803
745 675 674
746 36 36
747 591 589
748 231 231
749 864 863
750 513 511
751 540 539
752 201 199
753 66 65
754 456 454
755 741 740
756 567 567
757 492 492
758 597 597
759 219 218
760 348 348
761 402 402
762 45 43
763 339 338
764 909 909
765 393 393
766 951 950
767 675 675
768 627 627
769 777 777
770 459 458
771 525 525
772 9 9
773 795 795
774 147 146
775 507 507
776 804 804
777 723 722
778 711 709
779 138 136
780 684 683
781 879 877
782 27 26
783 21 21
784 240 239
785 564 563
786 204 203
787 450 449
788 462 460
789 966 965
790 981 981
791 729 727
792 288 286
793 486 486
794 72 70
795 3 3
796 654 652
797 126 126
798 624 622
799 717 716
800 552 552
801 795 794
802 960 958
803 885 883
804 807 805
805 294 293
806 885 883
807 978 978
808 201 199
809 852 851
810 693 691
811 240 238
812 918 918
813 705 704
814 351 350
815 45 45
816 108 106
817 294 292
818 54 54
819 777 776
820 783 783
821 834 833
822 303 303
823 522 522
824 795 795
825 645 643
826 777 775
827 198 198
828 252 251
829 567 566
830 399 398
831 261 260
832 873 873
833 180 180
834 399 399
835 885 884
836 888 888
837 597 596
838 102 101
839 144 144
840 423 421
841 867 867
842 351 350
843 567 566
844 432 432
845 39 38
846 372 371
847 654 652
848 858 856
849 477 477
850 717 717
851 834 834
852 315 314
853 243 242
854 354 353
855 45 43
856 804 803
857 24 23
858 444 444
859 132 131
860 90 88
861 261 259
862 408 408
863 345 345
864 750 749
865 789 789
866 951 949
867 240 238
868 666 666
869 24 23
870 354 352
871 924 924
872 951 951
873 381 380
874 504 502
875 522 520
876 849 849
877 321 321
878 762 761
879 984 984
880 963 962
881 321 319
882 786 786
883 639 637
884 366 364
885 399 399
886 453 452
887 498 498
888 648 646
889 780 780
890 921 919
891 795 794
892 165 165
893 102 100
894 651 650
895 255 253
896 69 68
897 279 279
898 777 776
899 900 899
900 636 636
901 486 486
902 990 988
903 831 831
904 180 179
905 981 980
906 174 172
907 126 125
908 747 745
909 498 496
910 168 168
911 588 587
912 726 726
913 498 497
914 636 635
915 213 211
916 87 85
917 66 64
918 786 785
919 759 759
920 390 388
921 354 353
922 288 287
923 261 259
924 195 193
925 129 129
926 462 462
927 663 663
928 558 558
929 249 249
930 114 112
931 843 842
932 381 381
933 249 249
934 66 65
935 321 319
936 651 651
937 582 581
938 687 686
939 21 19
940 723 721
941 852 851
942 729 729
943 486 484
944 318 318
945 642 642
946 540 538
947 885 883
948 222 222
949 63 61
950 279 279
951 948 946
952 702 701
953 318 317
954 660 660
955 351 351
956 660 660
957 603 602
958 723 723
959 489 487
960 93 91
961 930 930
962 528 526
963 948 947
964 837 836
965 81 80
966 513 511
967 645 645
968 582 582
969 126 126
970 207 206
971 996 995
972 105 103
973 252 250
974 492 490
975 708 707
976 66 64
977 372 372
978 984 982
979 30 29
980 885 885
981 54 54
982 822 822
983 798 796
984 771 770
985 852 850
986 399 399
987 6 4
988 48 46
989 552 551
990 147 145
991 150 149
992 915 915
993 678 676
994 993 992
995 606 606
996 819 819
997 597 595
998 912 910
999 171 170
1000 36 36
1001 105 103
1002 459 459
1003 111 110
1004 789 789
1005 207 206
1006 750 749
1007 738 736
1008 960 958
1009 936 935
1010 72 71
1011 27 25
1012 483 483
1013 828 827
1014 207 206
1015 534 532
1016 993 993
1017 696 696
1018 600 598
1019 414 412
1020 768 767
1021 795 793
1022 714 713
1023 243 241
1024 78 78
1025 303 303
1026 48 48
1027 189 187
1028 465 465
1029 237 235
1030 552 551
1031 150 149
1032 270 269
1033 24 24
1034 741 741
1035 396 395
1036 474 474
1037 933 933
1038 651 649
1039 963 963
1040 72 71
1041 9 9
1042 261 261
1043 576 576
1044 915 913
1045 885 885
1046 984 983
1047 297 297
1048 12 12
1049 159 157
1050 900 899
1051 726 726
1052 864 864
1053 552 550
1054 681 681
1055 36 35
1056 303 301
1057 867 865
1058 93 92
1059 114 114
1060 177 175
1061 726 726
1062 33 33
1063 918 918
1064 675 674
1065 522 521
1066 717 716
1067 147 146
1068 264 262
1069 843 841
1070 48 46
1071 309 309
1072 291 291
1073 291 291
1074 291 289
1075 546 544
1076 423 422
1077 906 906
1078 771 769
1079 615 613
1080 234 234
1081 243 242
1082 501 500
1083 210 210
1084 177 175
1085 753 752
1086 957 955
1087 558 556
1088 465 463
1089 123 123
1090 960 958
1091 156 156
1092 285 283
1093 999 998
1094 789 787
1095 102 101
1096 705 705
1097 243 243
1098 297 296
1099 51 51
1100 537 537
1101 522 520
1102 876 876
1103 156 156
1104 213 211
1105 414 413
1106 81 81
1107 51 50
1108 627 626
1109 822 820
1110 630 628
1111 519 519
1112 795 795
1113 129 128
1114 741 739
1115 474 472
1116 447 446
1117 366 366
1118 966 965
1119 378 378
1120 243 243
1121 846 846
1122 93 93
1123 921 919
1124 888 886
1125 354 353
1126 513 511
1127 324 322
1128 597 596
1129 885 884
1130 729 729
1131 471 470
1132 285 283
1133 300 300
1134 843 843
1135 444 442
1136 687 685
1137 594 592
1138 105 103
1139 129 127
1140 846 845
1141 195 194
1142 666 665
1143 321 320
1144 504 503
1145 831 829
1146 927 927
1147 144 144
1148 678 676
1149 576 576
1150 354 353
1151 768 767
1152 603 603
1153 393 392
1154 306 306
1155 429 429
1156 873 873
1157 618 617
1158 564 564
1159 885 885
1160 513 513
1161 855 854
1162 786 784
1163 924 923
1164 486 484
1165 174 172
1166 372 371
1167 63 62
1168 603 602
1169 891 891
1170 906 906
1171 696 694
1172 297 295
1173 372 372
1174 120 118
1175 198 198
1176 918 918
1177 435 435
1178 513 512
1179 291 290
1180 459 457
1181 702 702
1182 192 190
1183 948 946
1184 543 542
1185 195 195
1186 420 419
1187 798 797
1188 387 386
1189 135 133
1190 819 819
1191 774 774
1192 747 746
1193 777 776
1194 477 475
1195 954 954
1196 327 325
1197 465 464
1198 765 765
1199 954 952
1200 213 211
1201 639 638
1202 243 241
1203 39 39
1204 192 192
1205 690 690
1206 783 781
1207 378 378
1208 234 233
1209 66 65
1210 687 686
1211 207 207
1212 93 93
1213 681 680
1214 780 780
1215 525 523
1216 942 940
1217 576 574
1218 843 841
1219 864 863
1220 276 275
1221 735 734
1222 348 346
1223 696 694
1224 279 278
1225 387 386
1226 372 372
1227 93 92
1228 357 356
1229 240 240
1230 927 927
1231 504 504
1232 63 63
1233 459 457
1234 30 30
1235 564 562
1236 234 232
1237 846 844
1238 678 677
1239 381 381
1240 822 822
1241 168 167
1242 75 73
1243 63 61
1244 816 816
1245 975 974
1246 3 3
1247 234 234
1248 15 14
1249 930 929
1250 399 397
1251 45 43
1252 789 787
1253 618 618
1254 684 682
1255 597 595
1256 615 613
1257 804 804
1258 444 442
1259 129 127
1260 228 227
1261 558 557
1262 459 459
1263 174 174
1264 927 925
1265 918 916
1266 114 112
1267 897 895
1268 465 464
1269 636 635
1270 303 302
1271 543 541
1272 951 951
1273 6 5
1274 459 458
1275 816 814
1276 732 730
1277 936 936
1278 996 995
1279 81 79
1280 570 570
1281 198 196
1282 774 773
1283 555 553
1284 786 786
1285 90 90
1286 342 340
1287 249 247
1288 471 471
1289 366 366
1290 294 293
1291 69 69
1292 378 377
1293 927 925
1294 792 792
1295 483 482
1296 144 143
1297 384 383
1298 690 688
1299 654 654
1300 240 238
1301 399 397
1302 18 16
1303 852 852
1304 444 443
1305 483 483
1306 351 351
1307 330 329
1308 795 795
1309 375 375
1310 669 669
1311 651 650
1312 588 586
1313 159 159
1314 771 771
1315 732 730
1316 273 272
1317 264 263
1318 951 951
1319 939 937
1320 327 325
1321 312 312
1322 141 141
1323 837 837
1324 888 886
1325 99 98
1326 111 110
1327 684 684
1328 669 669
1329 147 146
1330 780 780
1331 498 496
1332 318 316
1333 276 276
1334 573 571
1335 657 657
1336 972 970
1337 51 49
1338 900 898
1339 528 526
1340 6 4
1341 498 497
1342 864 863
1343 852 852
1344 693 692
1345 621 619
1346 687 686
1347 78 76
1348 888 886
1349 24 23
1350 603 602
1351 570 569
1352 141 141
1353 444 443
1354 522 522
1355 687 687
1356 348 346
1357 762 762
1358 126 125
1359 6 5
1360 414 413
1361 447 446
1362 318 318
1363 693 691
1364 939 937
1365 534 534
1366 33 32
1367 261 260
1368 492 492
1369 162 160
1370 561 561
1371 966 965
1372 597 596
1373 360 360
1374 987 987
1375 588 587
1376 579 578
1377 342 342
1378 975 974
1379 705 705
1380 435 434
1381 270 268
1382 159 159
1383 81 79
1384 282 281
1385 981 981
1386 381 380
1387 492 491
1388 237 237
1389 447 447
1390 654 653
1391 429 428
1392 345 344
1393 177 177
1394 12 12
1395 249 249
1396 102 101
1397 6 5
1398 15 13
1399 855 853
1400 723 721
1401 249 247
1402 558 558
1403 879 878
1404 891 890
1405 579 579
1406 810 808
1407 363 361
1408 948 947
1409 411 410
1410 108 107
1411 912 911
1412 336 334
1413 582 581
1414 15 13
1415 819 819
1416 63 63
1417 114 112
1418 126 124
1419 873 873
1420 327 327
1421 690 688
1422 975 975
1423 456 456
1424 960 959
1425 285 285
1426 672 672
1427 186 185
1428 465 464
1429 168 168
1430 189 188
1431 246 245
1432 147 145
1433 654 653
1434 720 720
1435 762 761
1436 144 144
1437 660 658
1438 807 806
1439 549 549
1440 447 447
1441 936 934
1442 879 878
1443 849 848
1444 960 960
1445 348 346
1446 693 692
1447 96 94
1448 897 897
1449 21 19
1450 369 368
1451 75 74
1452 411 409
1453 813 813
1454 585 585
1455 789 787
1456 312 312
1457 51 49
1458 906 905
1459 300 298
1460 498 498
1461 423 423
1462 291 291
1463 612 610
1464 852 852
1465 540 540
1466 399 399
1467 105 103
1468 855 853
1469 822 821
1470 141 141
1471 9 7
1472 750 750
1473 876 874
1474 966 965
1475 165 163
1476 210 210
1477 309 307
1478 30 29
1479 72 70
1480 318 318
1481 840 838
1482 579 578
1483 669 668
1484 690 689
1485 936 934
1486 30 29
1487 132 132
1488 966 965
1489 303 301
1490 495 495
1491 975 974
1492 510 508
1493 459 458
1494 213 212
1495 159 158
1496 141 139
1497 588 587
1498 861 860
1499 744 742
1500 81 81
1501 870 868
1502 885 885
1503 927 927
1504 417 416
1505 639 638
1506 771 770
1507 609 608
1508 381 379
1509 153 153
1510 648 646
1511 381 381
1512 942 942
1513 225 225
1514 987 985
1515 387 385
1516 297 297
1517 204 204
1518 531 529
1519 771 771
1520 135 133
1521 186 185
1522 747 746
1523 246 245
1524 966 964
1525 882 882
1526 822 822
1527 240 239
1528 861 860
1529 75 74
1530 6 5
1531 18 16
1532 294 293
1533 186 184
1534 462 462
1535 381 381
1536 390 390
1537 780 778
1538 507 507
1539 96 95
1540 900 899
1541 603 602
1542 954 953
1543 27 25
1544 33 33
1545 894 892
1546 645 645
1547 465 464
1548 792 792
1549 333 333
1550 591 591
1551 258 257
1552 162 160
1553 606 605
1554 570 570
1555 951 949
1556 348 348
1557 174 173
1558 777 777
1559 249 247
1560 753 753
1561 762 761
1562 246 244
1563 54 52
1564 153 151
1565 417 415
1566 57 56
1567 483 481
1568 984 982
1569 711 710
1570 516 514
1571 129 129
1572 42 42
1573 408 407
1574 750 748
1575 36 36
1576 576 576
1577 240 239
1578 942 942
1579 1002 1000
1580 312 310
1581 324 323
1582 456 454
1583 84 84
1584 198 198
1585 51 49
1586 120 119
1587 327 327
1588 12 10
1589 789 789
1590 990 990
1591 606 605
1592 129 129
1593 147 145
1594 96 95
1595 684 682
1596 882 880
1597 957 955
1598 582 580
1599 861 860
1600 660 658
1601 828 826
1602 816 814
1603 150 148
1604 480 480
1605 321 321
1606 450 449
1607 207 205
1608 426 425
1609 69 67
1610 468 468
1611 372 371
1612 732 731
1613 564 564
1614 984 982
1615 870 869
1616 801 799
1617 624 622
1618 996 994
1619 468 468
1620 192 192
1621 291 289
1622 252 251
1623 435 433
1624 852 852
1625 810 808
1626 177 176
1627 618 618
1628 537 537
1629 852 851
1630 498 497
1631 708 708
1632 786 785
1633 207 207
1634 360 359
1635 324 322
1636 168 166
1637 33 31
1638 816 815
1639 333 332
1640 96 94
1641 438 438
1642 999 999
1643 162 161
1644 408 407
1645 930 930
1646 831 831
1647 549 549
1648 771 771
1649 396 394
1650 939 937
1651 204 202
1652 6 5
1653 561 560
1654 420 418
1655 660 659
1656 324 322
1657 153 152
1658 39 38
1659 894 892
1660 249 249
1661 351 350
1662 726 726
1663 27 27
1664 597 595
1665 798 796
1666 15 13
1667 474 474
1668 66 66
1669 435 433
1670 702 702
1671 372 370
1672 486 485
1673 867 866
1674 201 200
1675 354 352
1676 915 914
1677 813 812
1678 867 866
1679 492 491
1680 357 355
1681 801 799
1682 39 38
1683 549 547
1684 273 273
1685 885 884
1686 618 617
1687 675 675
1688 924 923
1689 681 680
1690 921 921
1691 450 448
1692 258 256
1693 750 750
1694 885 885
1695 432 432
1696 408 408
1697 642 640
1698 912 912
1699 348 347
1700 870 870
1701 855 855
1702 318 318
1703 198 197
1704 210 208
1705 942 942
1706 477 477
1707 843 841
1708 141 141
1709 36 34
1710 207 205
1711 999 999
1712 87 85
1713 918 916
1714 489 488
1715 366 366
1716 750 749
1717 573 572
1718 315 314
1719 810 810
1720 426 424
1721 849 847
1722 771 769
1723 705 703
1724 30 30
1725 411 411
1726 717 717
1727 693 691
1728 474 472
1729 246 245
1730 738 737
1731 9 7
1732 897 897
1733 210 209
1734 42 40
1735 591 590
1736 24 22
1737 810 809
1738 810 808
1739 45 45
1740 567 566
1741 12 12
1742 60 58
1743 9 9
1744 261 259
1745 747 745
1746 312 311
1747 933 931
1748 129 127
1749 507 505
1750 990 988
1751 510 510
1752 417 415
1753 768 767
1754 216 214
1755 183 183
1756 141 139
1757 372 371
1758 567 566
1759 708 708
1760 363 363
1761 228 226
1762 543 542
1763 687 685
1764 924 923
1765 225 223
1766 252 250
1767 582 582
1768 792 791
1769 216 214
1770 474 472
1771 588 586
1772 288 287
1773 900 898
1774 999 999
1775 531 529
1776 621 620
1777 855 854
1778 3 3
1779 579 578
1780 624 624
1781 411 409
1782 912 911
1783 753 753
1784 723 722
1785 993 992
1786 306 305
1787 99 98
1788 543 543
1789 9 7
1790 522 521
1791 477 475
1792 243 241
1793 360 359
1794 450 449
1795 600 598
1796 972 972
1797 234 234
1798 687 686
1799 141 140
1800 348 347
1801 90 90
1802 645 645
1803 138 138
1804 360 359
1805 159 157
1806 336 334
1807 399 399
1808 594 592
1809 588 587
1810 678 676
1811 573 571
1812 987 985
1813 405 405
1814 819 819
1815 180 178
1816 480 480
1817 42 40
1818 426 424
1819 744 743
1820 933 931
1821 954 952
1822 468 468
1823 177 176
1824 483 483
1825 189 189
1826 705 705
1827 321 320
1828 669 668
1829 888 888
1830 987 986
1831 705 704
1832 915 915
1833 606 606
1834 369 367
1835 876 876
1836 999 998
1837 645 643
1838 144 142
1839 204 203
1840 849 847
1841 240 240
1842 579 579
1843 696 695
1844 531 529
1845 519 518
1846 456 456
1847 195 193
1848 906 904
1849 954 952
1850 549 549
1851 471 470
1852 189 189
1853 93 92
1854 417 417
1855 132 132
1856 114 112
1857 363 362
1858 552 550
1859 429 428
1860 795 795
1861 60 59
1862 33 32
1863 450 449
1864 261 261
1865 468 466
1866 960 958
1867 201 200
1868 453 452
1869 894 894
1870 759 759
1871 207 206
1872 66 65
1873 630 630
1874 414 414
1875 348 348
1876 225 224
1877 453 451
1878 423 422
1879 936 934
1880 957 956
1881 51 49
1882 174 174
1883 696 695
1884 273 271
1885 909 909
1886 318 318
1887 318 317
1888 609 607
1889 714 712
1890 48 48
1891 756 755
1892 474 474
1893 372 370
1894 504 503
1895 3 2
1896 540 539
1897 129 127
1898 756 754
1899 312 310
1900 27 25
1901 495 493
1902 819 817
1903 903 903
1904 270 270
1905 555 555
1906 984 983
1907 798 796
1908 318 318
1909 813 812
1910 543 542
1911 81 81
1912 990 988
1913 954 953
1914 567 565
1915 99 98
1916 783 783
1917 651 650
1918 918 917
1919 78 77
1920 402 402
1921 63 61
1922 888 887
1923 501 500
1924 9 7
1925 693 693
1926 153 151
1927 57 56
1928 555 555
1929 276 276
1930 405 404
1931 102 102
1932 477 477
1933 480 480
1934 87 85
1935 615 613
1936 768 767
1937 195 193
1938 84 84
1939 552 550
1940 588 587
1941 474 473
1942 831 831
1943 699 698
1944 471 470
1945 531 530
1946 450 449
1947 624 623
1948 735 735
1949 195 195
1950 750 749
1951 636 635
1952 273 272
1953 189 187
1954 627 627
1955 609 607
1956 69 68
1957 150 148
1958 186 184
1959 732 732
1960 201 199
1961 576 576
1962 186 186
1963 330 329
1964 873 873
1965 489 487
1966 738 737
1967 972 970
1968 60 58
1969 327 327
1970 873 871
1971 852 850
1972 441 439
1973 267 266
1974 858 856
1975 579 578
1976 819 819
1977 84 83
1978 90 90
1979 633 631
1980 600 598
1981 354 352
1982 519 518
1983 168 167
1984 714 713
1985 747 745
1986 30 29
1987 405 403
1988 834 832
1989 15 15
1990 660 659
1991 615 615
1992 534 534
1993 975 973
1994 318 318
1995 855 853
1996 45 43
1997 732 730
1998 375 375
1999 630 629
2000 849 849
2001 327 325
2002 393 391
2003 57 56
2004 339 338
2005 519 519
2006 363 363
2007 609 607
2008 708 708
2009 414 412
2010 513 513
2011 426 424
2012 228 228
2013 897 897
2014 921 920
2015 843 841
2016 750 750
2017 168 167
2018 828 827
2019 213 211
2020 933 931
2021 672 670
2022 744 742
2023 633 631
2024 48 48
2025 555 554
2026 504 503
2027 396 396
2028 726 725
2029 969 969
2030 711 709
2031 231 230
2032 843 843
2033 84 83
2034 6 4
2035 9 8
2036 30 29
2037 576 576
2038 864 863
2039 939 939
2040 657 655
2041 543 541
2042 693 692
2043 45 44
2044 402 402
2045 105 103
2046 84 83
2047 771 769
2048 837 837
2049 246 245
2050 129 127
2051 750 748
2052 63 61
2053 969 969
2054 579 579
2055 327 326
2056 519 517
2057 441 440
2058 822 821
2059 966 964
2060 903 902
2061 621 621
2062 813 813
2063 102 102
2064 570 568
2065 345 345
2066 750 750
2067 651 650
2068 840 838
2069 456 454
2070 438 436
2071 366 365
2072 168 166
2073 654 654
2074 717 717
2075 564 562
2076 966 966
2077 840 840
2078 330 328
2079 522 520
2080 441 440
2081 21 19
2082 465 464
2083 216 215
2084 576 574
2085 306 305
2086 729 728
2087 804 803
2088 192 190
2089 765 765
2090 288 288
2091 369 367
2092 600 598
2093 948 948
2094 687 686
2095 819 819
2096 354 352
2097 303 303
2098 54 54
2099 864 863
2100 840 839
2101 351 351
2102 852 850
2103 237 237
2104 906 904
2105 240 240
2106 690 690
2107 642 641
2108 147 146
2109 696 694
2110 486 485
2111 246 244
2112 927 925
2113 132 130
2114 21 21
2115 285 285
2116 96 94
2117 222 221
2118 207 207
2119 174 174
2120 474 473
2121 987 986
2122 738 736
2123 933 932
2124 807 805
2125 945 944
2126 273 272
2127 255 254
2128 972 971
2129 504 502
2130 99 98
2131 909 909
2132 753 751
2133 966 965
2134 483 482
2135 852 851
2136 894 893
2137 258 257
2138 126 125
2139 12 12
2140 573 572
2141 537 536
2142 726 724
2143 312 311
2144 504 502
2145 177 176
2146 762 760
2147 948 948
2148 342 341
2149 588 588
2150 399 399
2151 735 735
2152 480 480
2153 210 208
2154 87 85
2155 381 379
2156 564 563
2157 696 696
2158 150 148
2159 258 256
2160 99 98
2161 669 668
2162 525 524
2163 390 390
2164 744 742
2165 528 527
2166 906 906
2167 192 191
2168 870 869
2169 108 107
2170 318 317
2171 960 960
2172 360 358
2173 759 757
2174 693 692
2175 15 15
2176 996 994
2177 9 7
2178 219 217
2179 687 686
2180 630 628
2181 753 752
2182 624 624
2183 888 886
2184 57 57
2185 549 549
2186 753 752
2187 423 421
2188 489 489
2189 501 500
2190 474 472
2191 114 112
2192 885 883
2193 276 275
2194 165 163
2195 273 272
2196 213 212
2197 54 53
2198 405 404
2199 954 953
2200 66 64
2201 918 916
2202 618 618
2203 927 926
2204 360 359
2205 783 783
2206 573 572
2207 336 334
2208 954 953
2209 792 790
2210 456 454
2211 546 546
2212 747 746
2213 528 528
2214 930 930
2215 132 131
2216 750 750
2217 597 595
2218 207 207
2219 864 864
2220 549 549
2221 348 348
2222 150 149
2223 222 222
2224 120 120
2225 714 714
2226 966 966
2227 318 317
2228 306 305
2229 504 503
2230 24 23
2231 594 593
2232 681 679
2233 39 38
2234 933 932
2235 63 62
2236 423 423
2237 366 366
2238 759 758
2239 108 107
2240 555 555
2241 828 828
2242 984 984
2243 24 24
2244 696 694
2245 174 172
2246 966 965
2247 528 527
2248 303 302
2249 345 345
2250 45 44
2251 279 277
2252 363 361
2253 513 512
2254 549 548
2255 924 922
2256 705 703
2257 921 921
2258 921 919
2259 525 524
2260 984 982
2261 150 149
2262 204 202
2263 696 696
2264 138 136
2265 216 216
2266 459 459
2267 114 113
2268 423 422
2269 330 328
2270 324 322
2271 672 670
2272 297 296
2273 573 571
2274 9 8
2275 81 80
2276 450 450
2277 207 205
2278 876 874
2279 393 393
2280 906 905
2281 489 487
2282 414 414
2283 678 677
2284 27 27
2285 210 208
2286 597 596
2287 390 388
2288 324 322
2289 81 80
2290 87 86
2291 198 198
2292 594 593
2293 561 559
2294 720 719
2295 87 85
2296 438 437
2297 498 498
2298 186 184
2299 504 502
2300 732 732
2301 984 982
2302 510 510
2303 159 159
2304 9 9
2305 492 491
2306 990 988
2307 195 194
2308 405 405
2309 258 257
2310 177 175
2311 810 808
2312 711 711
2313 174 173
2314 327 325
2315 663 663
2316 135 133
2317 765 765
2318 918 916
2319 636 636
2320 690 688
2321 129 127
2322 459 457
2323 513 513
2324 132 132
2325 903 902
2326 135 134
2327 369 367
2328 828 828
2329 639 637
2330 219 217
2331 222 220
2332 684 682
2333 105 105
2334 861 859
2335 729 727
2336 324 324
2337 210 210
2338 183 182
2339 390 390
2340 369 368
2341 723 722
2342 486 486
2343 336 334
2344 666 664
2345 708 708
2346 258 257
2347 933 931
2348 648 646
2349 351 349
2350 456 454
2351 195 195
2352 810 809
2353 519 519
2354 714 713
2355 648 646
2356 741 741
2357 696 696
2358 855 853
2359 282 280
2360 801 799
2361 471 471
2362 282 280
2363 207 205
2364 615 614
2365 768 767
2366 699 698
2367 261 260
2368 627 627
2369 729 729
2370 741 741
2371 639 637
2372 531 529
2373 15 14
2374 630 630
2375 978 978
2376 543 541
2377 315 314
2378 522 522
2379 585 585
2380 30 30
2381 18 18
2382 786 785
2383 336 335
2384 342 341
2385 318 318
2386 600 599
2387 984 982
2388 384 382
2389 240 239
2390 519 517
2391 945 943
2392 813 813
2393 153 153
2394 516 515
2395 402 400
2396 162 162
2397 195 194
2398 489 489
2399 129 128
2400 45 45
2401 915 913
2402 249 249
2403 45 45
2404 291 289
2405 513 511
2406 480 479
2407 612 612
2408 198 196
2409 537 537
2410 114 112
2411 417 417
2412 678 677
2413 564 563
2414 216 214
2415 219 218
2416 333 333
2417 87 86
2418 915 913
2419 360 359
2420 462 462
2421 642 642
2422 480 479
2423 846 845
2424 774 774
2425 414 412
2426 444 444
2427 552 550
2428 783 781
2429 123 121
2430 162 162
2431 75 73
2432 354 354
2433 537 536
2434 819 818
2435 282 280
2436 993 993
2437 876 876
2438 945 945
2439 246 244
2440 840 839
2441 183 183
2442 885 884
2443 213 211
2444 957 956
2445 498 496
2446 315 315
2447 651 650
2448 456 455
2449 198 197
2450 9 9
2451 699 699
2452 438 437
2453 618 617
2454 363 361
2455 513 512
2456 51 51
2457 192 191
2458 660 658
2459 846 845
2460 144 142
2461 420 420
2462 981 980
2463 435 433
2464 75 74
2465 9 8
2466 393 393
2467 639 637
2468 633 632
2469 879 877
2470 942 940
2471 315 315
2472 807 805
2473 663 662
2474 228 228
2475 384 383
2476 3 1
2477 963 961
2478 801 801
2479 705 705
2480 927 925
2481 501 501
2482 255 254
2483 891 889
2484 270 268
2485 102 100
2486 69 69
2487 675 673
2488 354 354
2489 852 850
2490 837 837
2491 486 486
2492 609 607
2493 45 43
2494 48 47
2495 912 911
2496 381 381
2497 945 944
2498 78 76
2499 444 444
2500 813 813
2501 300 298
2502 897 896
2503 495 495
2504 894 894
2505 285 285
2506 843 842
2507 111 110
2508 999 998
2509 600 598
2510 594 593
2511 951 950
2512 150 150
2513 111 109
2514 762 760
2515 825 825
2516 786 785
2517 915 915
2518 171 170
2519 459 457
2520 591 589
2521 222 221
2522 438 438
2523 858 858
2524 90 88
2525 711 710
2526 243 243
2527 267 267
2528 381 379
2529 954 952
2530 447 445
2531 798 797
2532 828 826
2533 60 59
2534 846 846
2535 219 218
2536 27 26
2537 189 188
2538 759 757
2539 960 958
2540 147 145
2541 633 631
2542 804 802
2543 3 1
2544 585 585
2545 693 693
2546 969 967
2547 477 475
2548 327 325
2549 759 759
2550 729 728
2551 966 966
2552 612 610
2553 690 688
2554 717 715
2555 969 968
2556 585 583
2557 735 734
2558 18 17
2559 567 565
2560 597 597
2561 90 88
2562 516 514
2563 138 136
2564 192 190
2565 123 121
2566 525 524
2567 837 835
2568 162 161
2569 108 107
2570 639 637
2571 321 321
2572 708 708
2573 150 149
2574 390 388
2575 765 763
2576 858 856
2577 639 637
2578 843 843
2579 801 799
2580 627 625
2581 798 798
2582 159 159
2583 474 474
2584 843 843
2585 69 67
2586 702 702
2587 687 687
2588 39 37
2589 585 585
2590 441 439
2591 390 390
2592 618 617
2593 522 520
2594 879 877
2595 621 621
2596 249 249
2597 426 426
2598 924 924
2599 378 377
2600 315 315
2601 180 179
2602 99 98
2603 630 630
2604 270 270
2605 831 830
2606 912 911
2607 972 970
2608 378 378
2609 510 510
2610 108 108
2611 528 526
2612 981 980
2613 483 482
2614 648 647
2615 357 356
2616 273 271
2617 807 806
2618 999 997
2619 426 425
2620 939 939
2621 489 489
2622 120 118
2623 324 324
2624 219 217
2625 459 457
2626 789 789
2627 69 69
2628 846 844
2629 168 168
2630 462 461
2631 951 950
2632 363 361
2633 483 482
2634 69 68
2635 726 725
2636 201 199
2637 645 644
2638 717 715
2639 849 848
2640 714 712
2641 798 798
2642 93 91
2643 360 358
2644 264 262
2645 258 257
2646 771 769
2647 462 460
2648 936 934
2649 804 802
2650 219 218
2651 894 893
2652 351 351
2653 870 868
2654 840 839
2655 234 233
2656 117 115
2657 225 225
2658 834 834
2659 207 206
2660 375 373
2661 75 74
2662 519 519
2663 201 201
2664 978 977
2665 315 313
2666 579 579
2667 726 726
2668 672 671
2669 399 398
2670 210 208
2671 123 123
2672 66 64
2673 855 855
2674 183 182
2675 930 929
2676 606 606
2677 318 317
2678 84 83
2679 978 978
2680 930 928
2681 15 13
2682 726 724
2683 198 196
2684 396 395
2685 708 708
2686 945 945
2687 915 915
2688 234 233
2689 138 138
2690 429 428
2691 786 786
2692 702 702
2693 441 440
2694 36 34
2695 300 299
2696 165 165
2697 75 73
2698 66 64
2699 633 633
2700 423 423
2701 261 260
2702 759 758
2703 327 325
2704 300 299
2705 456 455
2706 279 279
2707 72 70
2708 201 199
2709 327 325
2710 231 231
2711 231 231
2712 837 837
2713 459 457
2714 837 835
2715 180 180
2716 696 694
2717 585 584
2718 750 748
2719 621 620
2720 324 322
2721 99 99
2722 180 179
2723 18 16
2724 45 45
2725 540 538
2726 807 806
2727 876 874
2728 372 372
2729 195 193
2730 267 265
2731 432 431
2732 303 301
2733 246 246
2734 966 966
2735 453 453
2736 138 138
2737 162 160
2738 951 949
2739 645 645
2740 192 190
2741 99 97
2742 108 107
2743 363 361
2744 909 909
2745 999 997
2746 33 31
2747 294 294
2748 144 144
2749 498 496
2750 201 200
2751 468 467
2752 48 47
2753 180 180
2754 696 696
2755 498 496
2756 645 644
2757 528 528
2758 780 779
2759 825 823
2760 534 534
2761 849 849
2762 954 952
2763 102 102
2764 675 675
2765 453 452
2766 975 974
2767 507 507
2768 285 284
2769 162 161
2770 753 752
2771 702 702
2772 366 364
2773 210 210
2774 729 729
2775 651 650
2776 963 961
2777 867 865
2778 48 48
2779 171 171
2780 75 73
2781 966 965
2782 366 365
2783 192 192
2784 438 438
2785 462 461
2786 177 177
2787 420 418
2788 882 882
2789 987 986
2790 12 10
2791 132 131
2792 435 435
2793 531 529
2794 117 116
2795 321 320
2796 273 271
2797 720 718
2798 921 920
2799 96 95
2800 282 281
2801 468 466
2802 936 936
2803 75 73
2804 123 122
2805 390 390
2806 234 232
2807 738 736
2808 81 80
2809 927 925
2810 609 607
2811 603 601
2812 594 593
2813 558 557
2814 915 915
2815 693 691
2816 858 856
2817 432 430
2818 105 104
2819 87 86
2820 783 783
2821 402 401
2822 771 769
2823 141 141
2824 459 459
2825 513 513
2826 861 861
2827 525 524
2828 117 115
2829 501 501
2830 717 715
2831 969 969
2832 99 97
2833 516 515
2834 231 229
2835 54 54
2836 672 670
2837 63 62
2838 618 616
2839 54 53
2840 594 593
2841 666 665
2842 219 218
2843 891 890
2844 234 233
2845 348 346
2846 891 891
2847 942 941
2848 510 510
2849 57 55
2850 246 244
2851 999 997
2852 309 307
2853 525 523
2854 156 154
2855 798 797
2856 831 830
2857 210 209
2858 963 963
2859 138 137
2860 135 134
2861 840 839
2862 24 23
2863 219 218
2864 933 932
2865 543 541
2866 360 360
2867 183 182
2868 834 834
2869 804 803
2870 867 866
2871 225 224
2872 120 118
2873 399 398
2874 204 203
2875 174 173
2876 57 55
2877 555 554
2878 261 259
2879 12 12
2880 351 350
2881 249 248
2882 927 925
2883 366 365
2884 615 615
2885 228 226
2886 309 308
2887 555 555
2888 597 597
2889 867 866
2890 696 694
2891 234 233
2892 273 272
2893 870 870
2894 630 628
2895 330 328
2896 36 34
2897 711 710
2898 375 375
2899 384 383
2900 831 829
2901 822 820
2902 276 276
2903 729 729
2904 888 886
2905 612 610
2906 672 672
2907 132 130
2908 285 285
2909 63 63
2910 501 501
2911 228 226
2912 714 714
2913 468 466
2914 867 867
2915 792 792
2916 594 593
2917 495 493
2918 96 95
2919 96 95
2920 582 582
2921 786 786
2922 558 558
2923 165 164
2924 627 625
2925 267 265
2926 771 770
2927 447 445
2928 741 739
2929 369 368
2930 285 284
2931 987 987
2932 840 839
2933 528 528
2934 936 935
2935 18 16
2936 969 969
2937 753 751
2938 261 259
2939 834 833
2940 84 82
2941 360 360
2942 399 399
2943 990 989
2944 393 393
2945 405 404
2946 168 166
2947 372 372
2948 594 594
2949 99 99
2950 909 907
2951 297 297
2952 12 11
2953 108 107
2954 588 588
2955 105 104
2956 378 378
2957 513 512
2958 393 393
2959 369 367
2960 297 296
2961 537 537
2962 606 605
2963 234 232
2964 912 912
2965 507 505
2966 990 988
2967 45 45
2968 546 544
2969 108 107
2970 684 683
2971 636 635
2972 807 806
2973 573 573
2974 804 803
2975 312 311
2976 453 451
2977 663 661
2978 768 766
2979 723 723
2980 492 491
2981 726 726
2982 570 568
2983 891 889
2984 525 523
2985 894 892
2986 903 902
2987 456 454
2988 705 705
2989 237 235
2990 306 306
2991 930 928
2992 543 543
2993 156 155
2994 132 132
2995 273 272
2996 768 768
2997 999 999
2998 642 642
2999 987 985
3000 825 825
3001 657 656
3002 9 8
3003 192 190
3004 210 209
3005 654 654
3006 480 480
3007 393 391
3008 417 416
3009 375 375
3010 621 620
3011 621 620
3012 237 235
3013 168 166
3014 504 502
3015 546 544
3016 918 918
3017 438 437
3018 183 182
3019 264 263
3020 648 648
3021 354 354
3022 12 11
3023 168 167
3024 210 210
3025 639 637
3026 360 360
3027 804 802
3028 576 575
3029 594 592
3030 147 145
3031 171 170
3032 567 565
3033 525 525
3034 627 627
3035 525 524
3036 525 523
3037 885 883
3038 111 111
3039 87 85
3040 681 680
3041 945 945
3042 168 166
3043 960 959
3044 387 386
3045 555 553
3046 519 517
3047 702 700
3048 516 516
3049 432 430
3050 51 51
3051 153 153
3052 837 837
3053 525 525
3054 990 990
3055 180 180
3056 768 768
3057 288 287
3058 315 313
3059 777 775
3060 768 766
3061 894 893
3062 729 729
3063 978 978
3064 165 165
3065 372 370
3066 396 394
3067 468 467
3068 588 588
3069 879 877
3070 672 670
3071 729 729
3072 108 108
3073 252 251
3074 486 486
3075 813 812
3076 144 144
3077 456 456
3078 855 854
3079 192 191
3080 615 613
3081 249 247
3082 78 77
3083 870 870
3084 435 434
3085 69 69
3086 891 890
3087 528 528
3088 795 793
3089 450 449
3090 561 559
3091 78 77
3092 804 804
3093 135 135
3094 60 58
3095 258 256
3096 288 288
3097 552 552
3098 144 143
3099 366 365
3100 6 4
3101 267 266
3102 543 542
3103 189 188
3104 315 314
3105 558 558
3106 900 899
3107 156 156
3108 519 517
3109 636 636
3110 144 144
3111 537 536
3112 315 313
3113 528 528
3114 630 628
3115 30 29
3116 792 790
3117 48 48
3118 561 559
3119 498 497
3120 111 109
3121 276 276
3122 267 267
3123 606 605
3124 474 472
3125 981 980
3126 645 644
3127 132 132
3128 798 798
3129 741 741
3130 585 584
3131 930 929
3132 438 436
3133 180 180
3134 786 784
3135 684 684
3136 102 100
3137 792 792
3138 237 236
3139 270 269
3140 363 361
3141 252 251
3142 228 226
3143 744 743
3144 219 217
3145 891 890
3146 402 400
3147 246 246
3148 507 505
3149 912 912
3150 894 893
3151 747 745
3152 972 972
3153 168 166
3154 228 227
3155 714 712
3156 6 4
3157 543 542
3158 879 879
3159 510 510
3160 312 311
3161 330 330
3162 351 351
3163 417 415
3164 996 994
3165 507 505
3166 651 650
3167 141 139
3168 201 201
3169 684 683
3170 972 971
3171 474 473
3172 783 781
3173 393 391
3174 936 934
3175 726 724
3176 780 779
3177 843 843
3178 393 393
3179 954 953
3180 621 619
3181 156 156
3182 396 396
3183 384 382
3184 927 926
3185 657 657
3186 498 497
3187 972 972
3188 63 63
3189 126 124
3190 813 812
3191 408 406
3192 549 547
3193 456 456
3194 132 131
3195 9 7
3196 666 664
3197 84 83
3198 96 94
3199 471 471
3200 657 657
3201 567 565
3202 72 72
3203 408 406
3204 48 47
3205 273 271
3206 492 491
3207 975 975
3208 417 417
3209 870 869
3210 672 672
3211 351 350
3212 141 141
3213 381 380
3214 261 260
3215 90 90
3216 333 332
3217 684 684
3218 597 596
3219 996 995
3220 939 937
3221 63 62
3222 114 113
3223 972 972
3224 3 2
3225 231 230
3226 420 420
3227 228 226
3228 159 157
3229 201 201
3230 525 523
3231 762 762
3232 573 572
3233 642 640
3234 489 489
3235 351 350
3236 66 65
3237 828 827
3238 66 66
3239 873 873
3240 42 42
3241 864 863
3242 459 459
3243 864 862
3244 711 709
3245 537 536
3246 342 342
3247 732 732
3248 582 580
3249 648 646
3250 972 971
3251 717 716
3252 642 642
3253 885 884
3254 384 384
3255 306 305
3256 588 588
3257 645 644
3258 594 594
3259 78 78
3260 921 921
3261 669 667
3262 954 953
3263 732 731
3264 420 418
3265 660 659
3266 543 543
3267 216 216
3268 228 226
3269 387 387
3270 699 697
3271 768 768
3272 750 750
3273 441 441
3274 21 20
3275 153 151
3276 414 413
3277 810 808
3278 474 472
3279 588 588
3280 801 800
3281 849 849
3282 672 672
3283 735 735
3284 108 107
3285 792 790
3286 834 832
3287 348 347
3288 426 426
3289 330 330
3290 429 429
3291 591 589
3292 765 764
3293 723 722
3294 408 408
3295 18 18
3296 972 971
3297 951 950
3298 405 403
3299 750 748
3300 291 290
3301 201 200
3302 321 321
3303 816 814
3304 423 421
3305 804 803
3306 396 394
3307 405 403
3308 462 460
3309 924 924
3310 558 556
3311 204 202
3312 417 415
3313 93 92
3314 693 691
3315 381 380
3316 282 282
3317 174 172
3318 513 513
3319 60 60
3320 252 250
3321 882 880
3322 999 998
3323 237 237
3324 336 335
3325 285 284
3326 897 896
3327 249 247
3328 33 32
3329 633 633
3330 69 67
3331 987 987
3332 771 769
3333 168 168
3334 579 579
3335 585 585
3336 345 343
3337 918 917
3338 990 989
3339 162 160
3340 282 281
3341 678 677
3342 762 761
3343 438 438
3344 747 745
3345 825 824
3346 459 458
3347 333 331
3348 507 505
3349 327 327
3350 837 835
3351 372 371
3352 87 86
3353 783 782
3354 477 475
3355 552 552
3356 681 680
3357 99 99
3358 522 522
3359 75 75
3360 648 647
3361 174 172
3362 489 489
3363 405 403
3364 39 39
3365 615 613
3366 312 310
3367 324 323
3368 228 228
3369 561 559
3370 198 197
3371 546 544
3372 327 326
3373 297 297
3374 735 735
3375 393 393
3376 558 558
3377 723 723
3378 606 606
3379 693 693
3380 303 303
3381 798 797
3382 567 566
3383 351 351
3384 885 885
3385 30 28
3386 399 398
3387 78 77
3388 144 144
3389 102 101
3390 510 508
3391 78 76
3392 252 250
3393 714 712
3394 381 380
3395 783 781
3396 141 140
3397 183 181
3398 129 129
3399 843 843
3400 663 661
3401 321 321
3402 810 810
3403 156 154
3404 636 634
3405 858 858
3406 678 678
3407 441 441
3408 552 550
3409 624 622
3410 105 104
3411 552 552
3412 300 299
3413 618 616
3414 867 867
3415 996 994
3416 615 615
3417 411 411
3418 999 997
3419 549 548
3420 456 456
3421 684 684
3422 618 616
3423 381 380
3424 354 352
3425 213 211
3426 804 804
3427 474 474
3428 363 361
3429 27 26
3430 918 918
3431 195 193
3432 48 48
3433 420 420
3434 108 108
3435 462 462
3436 864 862
3437 825 823
3438 327 326
3439 921 920
3440 906 906
3441 507 506
3442 432 430
3443 936 934
3444 72 71
3445 120 119
3446 234 232
3447 732 732
3448 726 724
3449 657 657
3450 690 690
3451 519 517
3452 153 151
3453 57 55
3454 693 693
3455 675 673
3456 264 264
3457 849 847
3458 162 161
3459 219 217
3460 30 28
3461 948 947
3462 756 756
3463 96 94
3464 432 431
3465 936 935
3466 861 860
3467 654 653
3468 624 624
3469 273 272
3470 258 256
3471 885 885
3472 66 64
3473 720 718
3474 186 186
3475 720 718
3476 819 819
3477 660 658
3478 183 183
3479 165 163
3480 462 460
3481 960 960
3482 885 884
3483 522 521
3484 21 21
3485 807 806
3486 84 83
3487 255 253
3488 564 564
3489 675 675
3490 252 252
3491 507 505
3492 753 751
3493 96 96
3494 942 940
3495 417 416
3496 426 425
3497 498 497
3498 474 472
3499 318 317
3500 51 49
3501 573 573
3502 690 690
3503 840 839
3504 108 106
3505 138 137
3506 501 499
3507 177 176
3508 990 989
3509 651 649
3510 144 143
3511 513 512
3512 810 808
3513 528 527
3514 237 235
3515 174 174
3516 939 938
3517 858 857
3518 186 186
3519 969 967
3520 45 44
3521 558 558
3522 843 843
3523 237 236
3524 441 441
3525 891 889
3526 150 148
3527 96 96
3528 96 94
3529 948 948
3530 579 578
3531 993 991
3532 651 650
3533 135 134
3534 576 574
3535 210 208
3536 639 638
3537 750 749
3538 459 457
3539 366 364
3540 591 590
3541 405 404
3542 9 7
3543 885 884
3544 279 278
3545 48 46
3546 690 688
3547 54 54
3548 663 662
3549 609 608
3550 987 986
3551 495 495
3552 942 942
3553 363 362
3554 450 448
3555 612 610
3556 138 137
3557 888 886
3558 231 229
3559 903 903
3560 15 14
3561 552 551
3562 306 305
3563 621 620
3564 699 698
3565 309 307
3566 963 962
3567 186 184
3568 360 358
3569 753 753
3570 990 988
3571 243 242
3572 528 527
3573 357 356
3574 738 737
3575 135 134
3576 729 728
3577 654 653
3578 963 961
3579 840 839
3580 435 433
3581 246 244
3582 660 659
3583 894 893
3584 723 723
3585 648 647
3586 177 177
3587 594 593
3588 42 42
3589 585 584
3590 840 840
3591 654 652
3592 786 785
3593 771 771
3594 981 981
3595 861 859
3596 513 512
3597 909 909
3598 570 568
3599 837 837
3600 114 113
3601 366 366
3602 468 468
3603 780 778
3604 792 790
3605 63 63
3606 804 804
3607 711 709
3608 270 269
3609 516 516
3610 897 896
3611 501 499
3612 771 771
3613 765 763
3614 111 109
3615 276 274
3616 948 948
3617 684 683
3618 585 584
3619 594 594
3620 330 329
3621 117 117
3622 516 515
3623 969 967
3624 159 159
3625 423 422
3626 399 398
3627 774 772
3628 126 126
3629 594 594
3630 624 623
3631 330 328
3632 345 343
3633 882 882
3634 777 777
3635 303 301
3636 918 917
3637 264 263
3638 18 17
3639 291 291
3640 966 964
3641 150 148
3642 285 283
3643 315 313
3644 783 781
3645 519 519
3646 51 49
3647 414 412
3648 351 351
3649 384 383
3650 396 396
3651 216 214
3652 543 543
3653 120 119
3654 378 376
3655 321 319
3656 729 729
3657 219 217
3658 876 876
3659 960 959
3660 339 339
3661 261 260
3662 951 951
3663 603 602
3664 210 208
3665 879 878
3666 732 732
3667 777 777
3668 468 467
3669 699 698
3670 735 734
3671 159 159
3672 567 567
3673 645 643
3674 684 684
3675 993 993
3676 183 182
3677 366 366
3678 528 526
3679 549 549
3680 654 654
3681 141 140
3682 237 237
3683 684 683
3684 996 996
3685 63 61
3686 375 374
3687 153 151
3688 933 933
3689 93 93
3690 999 999
3691 780 780
3692 858 856
3693 300 298
3694 9 8
3695 123 121
3696 966 965
3697 987 987
3698 315 315
3699 234 232
3700 192 192
3701 51 50
3702 222 221
3703 363 361
3704 630 630
3705 228 227
3706 324 322
3707 771 771
3708 87 85
3709 972 970
3710 12 11
3711 987 987
3712 168 168
3713 873 872
3714 780 779
3715 741 739
3716 339 337
3717 936 935
3718 879 877
3719 900 900
3720 573 573
3721 579 577
3722 321 320
3723 900 899
3724 627 627
3725 708 708
3726 723 723
3727 279 279
3728 213 212
3729 921 920
3730 936 936
3731 72 72
3732 693 692
3733 534 534
3734 630 628
3735 204 202
3736 879 879
3737 75 74
3738 837 837
3739 696 695
3740 204 204
3741 243 242
3742 516 514
3743 201 200
3744 21 21
3745 45 45
3746 990 990
3747 351 349
3748 717 717
3749 606 605
3750 333 333
3751 897 895
3752 936 936
3753 942 940
3754 213 213
3755 93 92
3756 351 349
3757 939 938
3758 822 822
3759 717 715
3760 744 743
3761 477 477
3762 483 482
3763 459 459
3764 519 519
3765 360 358
3766 582 581
3767 585 584
3768 99 99
3769 516 514
3770 6 5
3771 600 598
3772 804 802
3773 63 62
3774 492 490
3775 69 67
3776 999 997
3777 594 594
3778 816 815
3779 945 945
3780 591 591
3781 831 831
3782 495 495
3783 210 209
3784 486 486
3785 450 448
3786 297 296
3787 912 912
3788 336 335
3789 822 820
3790 387 387
3791 903 901
3792 21 21
3793 987 986
3794 105 105
3795 513 512
3796 897 897
3797 852 850
3798 393 391
3799 678 677
3800 627 627
3801 492 490
3802 963 962
3803 510 510
3804 375 375
3805 543 543
3806 723 723
3807 102 100
3808 939 937
3809 63 63
3810 246 244
3811 87 87
3812 9 9
3813 93 93
3814 441 441
3815 720 720
3816 873 871
3817 981 980
3818 570 568
3819 672 670
3820 297 296
3821 234 234
3822 705 704
3823 933 933
3824 798 797
3825 600 599
3826 102 101
3827 969 968
3828 651 651
3829 387 387
3830 948 946
3831 432 431
3832 111 109
3833 234 234
3834 750 749
3835 810 809
3836 429 428
3837 684 683
3838 528 526
3839 156 155
3840 345 343
3841 414 412
3842 120 119
3843 816 815
3844 588 586
3845 975 975
3846 39 37
3847 855 854
3848 435 435
3849 105 104
3850 63 61
3851 630 629
3852 873 871
3853 573 573
3854 408 407
3855 939 939
3856 825 825
3857 444 444
3858 168 166
3859 747 745
3860 510 508
3861 345 343
3862 270 270
3863 72 72
3864 180 179
3865 555 555
3866 357 356
3867 510 510
3868 384 383
3869 699 699
3870 681 681
3871 594 593
3872 960 960
3873 570 569
3874 432 431
3875 843 841
3876 675 674
3877 630 630
3878 483 481
3879 60 58
3880 996 994
3881 879 877
3882 288 287
3883 465 463
3884 702 702
3885 468 467
3886 393 391
3887 105 104
3888 888 888
3889 801 801
3890 159 157
3891 189 188
3892 852 851
3893 201 200
3894 885 883
3895 792 791
3896 390 388
3897 627 627
3898 153 153
3899 534 533
3900 483 482
3901 561 560
3902 174 174
3903 996 996
3904 966 965
3905 825 823
3906 246 244
3907 726 726
3908 108 106
3909 690 689
3910 831 831
3911 69 68
3912 582 581
3913 738 737
3914 174 174
3915 915 915
3916 132 132
3917 246 246
3918 186 184
3919 138 138
3920 804 803
3921 432 431
3922 816 816
3923 108 106
3924 90 90
3925 669 669
3926 75 73
3927 708 708
3928 1002 1000
3929 165 163
3930 108 106
3931 471 470
3932 867 867
3933 81 81
3934 12 11
3935 624 622
3936 957 957
3937 846 844
3938 528 526
3939 837 836
3940 186 184
3941 87 87
3942 135 134
3943 918 916
3944 747 746
3945 840 838
3946 690 690
3947 489 489
3948 291 290
3949 375 373
3950 636 634
3951 189 187
3952 162 160
3953 573 572
3954 363 361
3955 777 777
3956 993 992
3957 975 973
3958 249 249
3959 393 391
3960 456 455
3961 732 732
3962 978 977
3963 81 81
3964 309 308
3965 399 398
3966 18 18
3967 237 237
3968 33 32
3969 906 906
3970 894 893
3971 813 813
3972 72 70
3973 564 562
3974 126 126
3975 372 370
3976 372 371
3977 411 410
3978 252 252
3979 939 937
3980 840 838
3981 432 432
3982 159 158
3983 531 530
3984 210 208
3985 156 154
3986 384 382
3987 285 283
3988 231 229
3989 99 98
3990 330 330
3991 51 49
3992 282 281
3993 45 45
3994 423 421
3995 888 886
3996 405 404
3997 183 183
3998 300 298
3999 453 451
4000 543 542
4001 81 80
4002 267 265
4003 945 944
4004 723 722
4005 651 649
4006 840 839
4007 768 766
4008 849 847
4009 273 271
4010 171 170
4011 366 364
4012 417 417
4013 96 95
4014 306 306
4015 198 198
4016 774 772
4017 210 208
4018 258 257
4019 633 631
4020 537 537
4021 948 947
4022 459 459
4023 522 520
4024 495 495
4025 807 806
4026 6 6
4027 78 78
4028 948 947
4029 588 588
4030 387 387
4031 672 671
4032 753 751
4033 279 278
4034 789 787
4035 159 157
4036 984 982
4037 303 301
4038 771 770
4039 162 161
4040 471 470
4041 366 364
4042 888 886
4043 297 296
4044 276 276
4045 579 578
4046 81 80
4047 618 617
4048 957 955
4049 552 550
4050 633 633
4051 207 205
4052 735 733
4053 771 769
4054 447 446
4055 942 941
4056 984 983
4057 120 119
4058 789 789
4059 105 103
4060 195 193
4061 990 989
4062 303 301
4063 555 553
4064 717 715
4065 981 980
4066 9 9
4067 870 868
4068 873 873
4069 117 116
4070 717 717
4071 564 562
4072 633 632
4073 33 33
4074 999 999
4075 615 615
4076 888 886
4077 138 137
4078 375 375
4079 636 635
4080 294 293
4081 894 892
4082 198 198
4083 774 773
4084 993 991
4085 84 82
4086 891 890
4087 267 265
4088 915 915
4089 216 216
4090 858 856
4091 291 291
4092 48 46
4093 108 106
4094 513 512
4095 249 249
4096 60 59
4097 42 42
4098 231 229
4099 855 853
4100 564 563
4101 729 727
4102 372 370
4103 738 736
4104 855 853
4105 207 206
4106 861 861
4107 450 448
4108 993 991
4109 999 997
4110 174 174
4111 99 98
4112 468 466
4113 828 826
4114 402 401
4115 759 759
4116 507 505
4117 336 335
4118 687 687
4119 693 691
4120 522 522
4121 690 689
4122 435 433
4123 201 201
4124 804 803
4125 222 220
4126 471 469
4127 921 920
4128 198 197
4129 360 360
4130 255 254
4131 570 568
4132 606 604
4133 207 207
4134 375 375
4135 270 269
4136 741 741
4137 381 380
4138 192 192
4139 924 923
4140 216 214
4141 669 668
4142 711 711
4143 303 303
4144 738 738
4145 816 816
4146 96 96
4147 78 76
4148 828 826
4149 306 305
4150 501 501
4151 477 475
4152 867 867
4153 42 42
4154 543 542
4155 297 297
4156 327 326
4157 819 818
4158 99 98
4159 918 916
4160 717 715
4161 744 742
4162 564 563
4163 495 494
4164 846 845
4165 684 682
4166 102 102
4167 66 64
4168 498 496
4169 330 329
4170 258 256
4171 888 888
4172 471 470
4173 762 760
4174 945 945
4175 396 395
4176 198 197
4177 768 767
4178 36 36
4179 924 922
4180 699 697
4181 576 575
4182 279 277
4183 483 481
4184 162 160
4185 453 452
4186 939 937
4187 309 307
4188 153 153
4189 285 283
4190 450 449
4191 657 655
4192 228 228
4193 453 453
4194 198 198
4195 687 685
4196 366 364
4197 162 162
4198 126 126
4199 651 649
4200 807 807
4201 624 623
4202 783 781
4203 192 191
4204 93 92
4205 768 768
4206 903 901
4207 396 396
4208 612 611
4209 726 725
4210 399 398
4211 741 739
4212 930 928
4213 114 113
4214 645 645
4215 702 701
4216 402 400
4217 735 733
4218 993 993
4219 720 719
4220 141 139
4221 75 73
4222 483 481
4223 384 384
4224 936 936
4225 261 260
4226 801 799
4227 240 239
4228 804 803
4229 678 678
4230 279 279
4231 969 968
4232 66 65
4233 102 100
4234 72 72
4235 522 520
4236 834 833
4237 357 356
4238 858 857
4239 30 28
4240 846 845
4241 390 388
4242 687 685
4243 888 886
4244 345 343
4245 279 279
4246 615 615
4247 504 503
4248 405 404
4249 393 391
4250 408 406
4251 783 781
4252 204 203
4253 228 227
4254 12 10
4255 288 286
4256 201 199
4257 156 154
4258 261 260
4259 372 371
4260 768 768
4261 990 990
4262 201 201
4263 918 918
4264 846 846
4265 324 322
4266 864 863
4267 267 267
4268 360 358
4269 381 380
4270 567 566
4271 618 618
4272 243 241
4273 867 867
4274 192 192
4275 717 715
4276 885 884
4277 873 873
4278 690 690
4279 864 864
4280 90 90
4281 3 1
4282 264 264
4283 303 302
4284 45 43
4285 666 665
4286 846 844
4287 261 259
4288 435 433
4289 522 521
4290 360 358
4291 651 649
4292 750 749
4293 498 498
4294 564 564
4295 201 201
4296 951 949
4297 168 168
4298 93 92
4299 138 137
4300 522 521
4301 288 288
4302 30 29
4303 96 94
4304 219 217
4305 132 130
4306 387 385
4307 483 482
4308 393 392
4309 615 615
4310 846 846
4311 438 438
4312 276 276
4313 789 787
4314 975 975
4315 642 640
4316 405 403
4317 342 340
4318 849 847
4319 303 302
4320 48 46
4321 33 32
4322 231 230
4323 9 9
4324 291 289
4325 477 475
4326 561 561
4327 45 43
4328 3 1
4329 702 702
4330 630 630
4331 834 832
4332 342 340
4333 969 968
4334 126 125
4335 666 664
4336 468 468
4337 594 593
4338 129 128
4339 189 187
4340 126 124
4341 777 777
4342 771 771
4343 732 731
4344 432 432
4345 831 829
4346 756 756
4347 981 981
4348 906 905
4349 834 834
4350 492 491
4351 120 120
4352 159 158
4353 696 695
4354 411 411
4355 108 107
4356 372 372
4357 801 799
4358 840 838
4359 924 923
4360 312 311
4361 708 708
4362 990 989
4363 546 546
4364 390 390
4365 678 677
4366 213 213
4367 42 40
4368 738 738
4369 273 272
4370 996 995
4371 312 310
4372 759 758
4373 729 728
4374 666 665
4375 879 878
4376 714 712
4377 111 111
4378 735 733
4379 390 388
4380 264 262
4381 453 452
4382 153 152
4383 927 927
4384 531 530
4385 225 223
4386 549 548
4387 753 752
4388 888 886
4389 72 71
4390 165 165
4391 57 56
4392 768 768
4393 435 434
4394 123 121
4395 120 118
4396 657 655
4397 414 413
4398 705 703
4399 297 295
4400 93 91
4401 15 15
4402 924 923
4403 939 939
4404 153 152
4405 795 794
4406 360 360
4407 696 695
4408 180 179
4409 666 666
4410 669 668
4411 717 717
4412 228 227
4413 405 403
4414 192 191
4415 990 988
4416 642 641
4417 198 198
4418 621 619
4419 894 894
4420 423 423
4421 765 764
4422 654 653
4423 717 716
4424 414 412
4425 138 137
4426 300 298
4427 348 348
4428 696 695
4429 915 914
4430 660 659
4431 147 147
4432 24 23
4433 423 423
4434 402 401
4435 867 867
4436 705 705
4437 282 281
4438 240 240
4439 399 398
4440 9 9
4441 684 684
4442 177 175
4443 738 736
4444 864 862
4445 894 894
4446 774 774
4447 192 192
4448 90 90
4449 30 30
4450 111 111
4451 183 183
4452 864 864
4453 213 213
4454 135 134
4455 183 182
4456 501 500
4457 408 407
4458 144 144
4459 333 332
4460 78 78
4461 315 315
4462 657 655
4463 111 110
4464 798 798
4465 255 254
4466 588 587
4467 597 597
4468 345 345
4469 564 564
4470 186 186
4471 957 955
4472 786 786
4473 840 839
4474 624 624
4475 567 565
4476 843 841
4477 549 549
4478 615 615
4479 762 762
4480 321 319
4481 591 589
4482 66 64
4483 75 73
4484 759 759
4485 3 2
4486 912 912
4487 183 183
4488 312 311
4489 951 950
4490 582 580
4491 6 6
4492 78 76
4493 561 560
4494 564 564
4495 897 895
4496 681 681
4497 174 174
4498 684 683
4499 969 968
4500 129 128
4501 171 171
4502 372 372
4503 96 94
4504 48 46
4505 921 921
4506 480 478
4507 381 380
4508 429 427
4509 384 384
4510 786 785
4511 66 65
4512 72 71
4513 933 933
4514 489 487
4515 207 206
4516 390 390
4517 612 611
4518 963 963
4519 375 373
4520 684 684
4521 918 917
4522 438 436
4523 195 195
4524 756 754
4525 594 593
4526 771 771
4527 30 30
4528 558 558
4529 39 38
4530 576 576
4531 990 990
4532 639 638
4533 759 758
4534 336 336
4535 831 831
4536 342 342
4537 693 692
4538 129 129
4539 864 862
4540 300 300
4541 345 343
4542 981 980
4543 39 39
4544 291 290
4545 231 229
4546 459 458
4547 807 805
4548 678 676
4549 498 496
4550 216 215
4551 954 953
4552 303 301
4553 30 28
4554 228 226
4555 387 385
4556 6 6
4557 648 646
4558 651 650
4559 501 499
4560 591 591
4561 759 758
4562 330 330
4563 231 230
4564 60 59
4565 717 717
4566 357 357
4567 951 951
4568 144 144
4569 639 639
4570 12 10
4571 834 833
4572 69 68
4573 396 394
4574 696 696
4575 933 931
4576 465 465
4577 837 837
4578 429 427
4579 120 118
4580 651 649
4581 507 505
4582 981 981
4583 324 324
4584 393 393
4585 621 619
4586 879 877
4587 954 954
4588 123 122
4589 495 495
4590 147 147
4591 423 422
4592 717 715
4593 711 710
4594 363 361
4595 585 584
4596 162 160
4597 624 624
4598 588 587
4599 357 357
4600 960 958
4601 651 650
4602 840 839
4603 591 591
4604 564 563
4605 354 353
4606 726 726
4607 198 198
4608 291 290
4609 525 525
4610 249 248
4611 585 585
4612 303 301
4613 321 319
4614 891 891
4615 822 821
4616 201 201
4617 642 642
4618 381 381
4619 414 412
4620 831 829
4621 981 981
4622 78 77
4623 633 631
4624 708 706
4625 591 590
4626 750 749
4627 789 789
4628 189 187
4629 378 376
4630 258 258
4631 24 24
4632 936 934
4633 654 654
4634 786 786
4635 201 199
4636 180 178
4637 45 45
4638 564 564
4639 366 366
4640 951 951
4641 21 21
4642 141 139
4643 327 327
4644 177 176
4645 912 912
4646 324 323
4647 957 956
4648 861 859
4649 537 537
4650 708 706
4651 867 865
4652 903 903
4653 438 438
4654 642 640
4655 174 174
4656 270 268
4657 126 126
4658 294 294
4659 660 659
4660 327 326
4661 348 347
4662 99 98
4663 939 938
4664 162 162
4665 762 761
4666 18 17
4667 867 865
4668 687 687
4669 303 301
4670 324 323
4671 813 812
4672 495 494
4673 942 942
4674 300 299
4675 966 966
4676 339 338
4677 768 766
4678 102 100
4679 219 217
4680 33 32
4681 354 353
4682 510 508
4683 672 672
4684 984 984
4685 45 44
4686 198 196
4687 606 604
4688 921 921
4689 927 927
4690 189 189
4691 486 484
4692 714 712
4693 228 227
4694 957 956
4695 810 810
4696 513 513
4697 381 380
4698 447 446
4699 597 597
4700 765 764
4701 354 352
4702 318 316
4703 507 505
4704 291 289
4705 39 38
4706 393 392
4707 594 592
4708 198 196
4709 690 688
4710 744 742
4711 894 892
4712 273 273
4713 906 904
4714 684 683
4715 378 377
4716 954 952
4717 720 718
4718 546 545
4719 471 471
4720 267 266
4721 960 959
4722 66 64
4723 735 734
4724 177 177
4725 240 239
4726 744 742
4727 546 545
4728 645 643
4729 297 296
4730 105 104
4731 405 403
4732 216 216
4733 954 952
4734 495 494
4735 846 844
4736 39 39
4737 543 543
4738 291 290
4739 627 627
4740 294 292
4741 717 717
4742 51 49
4743 990 989
4744 831 829
4745 609 608
4746 849 848
4747 366 365
4748 921 919
4749 996 996
4750 879 879
4751 33 33
4752 639 637
4753 522 520
4754 489 489
4755 933 931
4756 978 977
4757 744 743
4758 180 178
4759 429 429
4760 75 73
4761 846 844
4762 711 711
4763 588 587
4764 435 435
4765 942 940
4766 507 505
4767 933 932
4768 954 952
4769 129 128
4770 729 729
4771 393 393
4772 309 308
4773 18 16
4774 471 469
4775 885 884
4776 828 827
4777 225 224
4778 657 657
4779 147 146
4780 486 486
4781 759 758
4782 648 647
4783 273 273
4784 900 900
4785 297 297
4786 729 727
4787 291 290
4788 417 416
4789 396 395
4790 615 614
4791 480 479
4792 123 121
4793 168 168
4794 933 931
4795 606 606
4796 813 813
4797 837 836
4798 15 13
4799 357 355
4800 582 580
4801 945 944
4802 288 286
4803 915 913
4804 324 323
4805 591 590
4806 564 562
4807 123 122
4808 909 909
4809 105 104
4810 282 280
4811 195 194
4812 909 907
4813 924 924
4814 273 271
4815 81 79
4816 630 629
4817 459 458
4818 762 762
4819 3 3
4820 807 807
4821 573 571
4822 252 252
4823 48 48
4824 645 644
4825 573 572
4826 654 652
4827 651 650
4828 903 902
4829 585 584
4830 579 578
4831 105 104
4832 867 867
4833 354 353
4834 744 743
4835 708 707
4836 642 641
4837 417 416
4838 435 433
4839 237 237
4840 939 938
4841 168 168
4842 78 76
4843 516 515
4844 825 824
4845 360 358
4846 843 841
4847 444 443
4848 84 82
4849 243 243
4850 699 698
4851 6 6
4852 453 452
4853 1002 1000
4854 492 491
4855 456 454
4856 204 203
4857 657 656
4858 531 531
4859 681 681
4860 414 414
4861 378 377
4862 42 40
4863 996 996
4864 168 166
4865 27 27
4866 303 302
4867 609 608
4868 528 526
4869 936 934
4870 186 184
4871 624 623
4872 219 219
4873 978 976
4874 951 949
4875 144 143
4876 900 900
4877 93 93
4878 708 708
4879 165 165
4880 498 498
4881 525 524
4882 144 143
4883 900 899
4884 249 249
4885 657 656
4886 324 323
4887 660 659
4888 735 733
4889 846 844
4890 447 446
4891 18 18
4892 207 205
4893 165 165
4894 336 336
4895 69 69
4896 108 107
4897 966 964
4898 180 178
4899 486 486
4900 666 666
4901 699 697
4902 417 417
4903 288 287
4904 159 158
4905 177 176
4906 852 851
4907 999 997
4908 783 783
4909 705 703
4910 297 296
4911 174 174
4912 894 893
4913 927 925
4914 435 434
4915 429 427
4916 87 85
4917 573 573
4918 807 805
4919 423 422
4920 723 722
4921 585 584
4922 759 759
4923 69 68
4924 102 100
4925 312 310
4926 465 464
4927 774 772
4928 390 388
4929 69 69
4930 171 171
4931 600 598
4932 621 621
4933 42 40
4934 507 507
4935 543 541
4936 126 124
4937 105 105
4938 15 14
4939 846 845
4940 162 161
4941 654 654
4942 231 229
4943 405 404
4944 651 651
4945 504 503
4946 9 9
4947 276 276
4948 264 263
4949 669 669
4950 624 623
4951 504 503
4952 762 762
4953 759 757
4954 996 996
4955 690 690
4956 105 105
4957 972 971
4958 258 258
4959 300 298
4960 576 576
4961 639 639
4962 849 849
4963 81 81
4964 111 111
4965 555 554
4966 630 630
4967 177 177
4968 990 990
4969 411 409
4970 576 574
4971 345 343
4972 306 306
4973 906 905
4974 669 667
4975 705 705
4976 975 973
4977 393 393
4978 591 590
4979 441 440
4980 843 841
4981 276 274
4982 396 394
4983 648 646
4984 663 661
4985 753 753
4986 696 695
4987 627 625
4988 951 950
4989 228 228
4990 285 285
4991 831 830
4992 663 663
4993 465 464
4994 645 644
4995 822 822
4996 51 49
4997 234 233
4998 924 922
4999 444 443
5000 51 51
