100 49039 15_100_1000_1689
1 963 962
2 438 438
3 501 500
4 525 524
5 582 581
6 921 921
7 999 997
8 948 947
9 828 826
10 306 306
11 756 755
12 603 603
13 375 375
14 714 714
15 573 571
16 6 4
17 594 594
18 660 658
19 216 214
20 753 753
21 630 629
22 969 967
23 273 272
24 786 784
25 711 709
26 744 742
27 108 108
28 993 991
29 798 798
30 234 232
31 795 793
32 921 920
33 498 496
34 945 943
35 480 479
36 645 645
37 831 829
38 168 167
39 867 866
40 525 523
41 345 344
42 639 637
43 879 877
44 516 515
45 663 662
46 885 883
47 537 536
48 180 180
49 369 368
50 714 713
51 75 75
52 612 610
53 24 23
54 645 645
55 849 848
56 843 842
57 822 822
58 318 316
59 990 988
60 684 683
61 909 908
62 327 326
63 93 93
64 477 477
65 864 862
66 423 421
67 207 205
68 726 725
69 48 48
70 342 341
71 837 837
72 936 935
73 63 61
74 54 53
75 594 594
76 306 306
77 579 578
78 903 901
79 702 700
80 864 863
81 585 583
82 24 22
83 81 81
84 675 674
85 942 941
86 996 996
87 54 54
88 384 383
89 345 344
90 543 542
91 678 678
92 150 149
93 141 141
94 852 852
95 849 848
96 120 118
97 534 533
98 480 480
99 204 204
100 93 92
