5000 509682 13_5000_1000_2921
1 108 28
2 27 7
3 564 504
4 1692 1512
5 1692 1512
6 162 42
7 940 840
8 1504 1344
9 162 42
10 162 42
11 216 56
12 243 63
13 564 504
14 1316 1176
15 162 42
16 1504 1344
17 54 14
18 1692 1512
19 1880 1680
20 564 504
21 1504 1344
22 1316 1176
23 1692 1512
24 752 672
25 81 21
26 1880 1680
27 1880 1680
28 752 672
29 188 168
30 1128 1008
31 752 672
32 189 49
33 81 21
34 54 14
35 135 35
36 270 70
37 752 672
38 270 70
39 108 28
40 108 28
41 752 672
42 1504 1344
43 54 14
44 1880 1680
45 81 21
46 1316 1176
47 188 168
48 1128 1008
49 564 504
50 162 42
51 752 672
52 54 14
53 1692 1512
54 81 21
55 1692 1512
56 1316 1176
57 752 672
58 1128 1008
59 752 672
60 108 28
61 81 21
62 81 21
63 376 336
64 564 504
65 54 14
66 54 14
67 108 28
68 216 56
69 564 504
70 376 336
71 54 14
72 54 14
73 162 42
74 81 21
75 188 168
76 81 21
77 1692 1512
78 188 168
79 270 70
80 1692 1512
81 1128 1008
82 1128 1008
83 27 7
84 135 35
85 216 56
86 81 21
87 1880 1680
88 216 56
89 162 42
90 1128 1008
91 270 70
92 188 168
93 1316 1176
94 162 42
95 1692 1512
96 135 35
97 108 28
98 188 168
99 54 14
100 189 49
101 1880 1680
102 752 672
103 162 42
104 376 336
105 1692 1512
106 1316 1176
107 270 70
108 108 28
109 940 840
110 1128 1008
111 940 840
112 27 7
113 135 35
114 189 49
115 1128 1008
116 1128 1008
117 54 14
118 81 21
119 752 672
120 1316 1176
121 189 49
122 1504 1344
123 564 504
124 1880 1680
125 752 672
126 940 840
127 162 42
128 752 672
129 1504 1344
130 188 168
131 1880 1680
132 54 14
133 54 14
134 1880 1680
135 162 42
136 162 42
137 270 70
138 1692 1512
139 752 672
140 376 336
141 243 63
142 1504 1344
143 940 840
144 1504 1344
145 940 840
146 1880 1680
147 135 35
148 1692 1512
149 752 672
150 1316 1176
151 1880 1680
152 81 21
153 1504 1344
154 1128 1008
155 270 70
156 940 840
157 1504 1344
158 27 7
159 27 7
160 564 504
161 188 168
162 27 7
163 135 35
164 27 7
165 243 63
166 752 672
167 108 28
168 162 42
169 376 336
170 376 336
171 81 21
172 27 7
173 1504 1344
174 189 49
175 27 7
176 243 63
177 108 28
178 81 21
179 1692 1512
180 940 840
181 1880 1680
182 162 42
183 135 35
184 162 42
185 162 42
186 54 14
187 135 35
188 564 504
189 27 7
190 162 42
191 270 70
192 1504 1344
193 108 28
194 1692 1512
195 940 840
196 1128 1008
197 216 56
198 216 56
199 940 840
200 1504 1344
201 1692 1512
202 940 840
203 564 504
204 243 63
205 1504 1344
206 940 840
207 108 28
208 162 42
209 188 168
210 1504 1344
211 1316 1176
212 1128 1008
213 81 21
214 1880 1680
215 27 7
216 189 49
217 1880 1680
218 1880 1680
219 27 7
220 940 840
221 189 49
222 162 42
223 376 336
224 1880 1680
225 54 14
226 940 840
227 135 35
228 1692 1512
229 135 35
230 1504 1344
231 564 504
232 243 63
233 162 42
234 752 672
235 81 21
236 162 42
237 752 672
238 940 840
239 189 49
240 940 840
241 54 14
242 216 56
243 188 168
244 1880 1680
245 940 840
246 1128 1008
247 1880 1680
248 189 49
249 243 63
250 189 49
251 940 840
252 81 21
253 216 56
254 564 504
255 1504 1344
256 564 504
257 1504 1344
258 216 56
259 108 28
260 270 70
261 135 35
262 1504 1344
263 1316 1176
264 135 35
265 135 35
266 564 504
267 1880 1680
268 1316 1176
269 108 28
270 216 56
271 243 63
272 1504 1344
273 270 70
274 188 168
275 162 42
276 135 35
277 216 56
278 162 42
279 188 168
280 940 840
281 752 672
282 1316 1176
283 188 168
284 162 42
285 216 56
286 189 49
287 376 336
288 135 35
289 135 35
290 162 42
291 1504 1344
292 81 21
293 752 672
294 1880 1680
295 188 168
296 1692 1512
297 54 14
298 752 672
299 81 21
300 216 56
301 54 14
302 188 168
303 108 28
304 162 42
305 1692 1512
306 188 168
307 1504 1344
308 188 168
309 162 42
310 940 840
311 188 168
312 1504 1344
313 162 42
314 108 28
315 188 168
316 81 21
317 243 63
318 216 56
319 162 42
320 1316 1176
321 1880 1680
322 564 504
323 564 504
324 1504 1344
325 1504 1344
326 270 70
327 1316 1176
328 752 672
329 108 28
330 1128 1008
331 108 28
332 752 672
333 54 14
334 216 56
335 54 14
336 243 63
337 81 21
338 270 70
339 81 21
340 135 35
341 216 56
342 108 28
343 54 14
344 376 336
345 135 35
346 1316 1176
347 216 56
348 1504 1344
349 189 49
350 162 42
351 1128 1008
352 270 70
353 162 42
354 270 70
355 270 70
356 376 336
357 1692 1512
358 1128 1008
359 376 336
360 1316 1176
361 243 63
362 1316 1176
363 1692 1512
364 162 42
365 54 14
366 270 70
367 1692 1512
368 376 336
369 188 168
370 188 168
371 216 56
372 1316 1176
373 162 42
374 189 49
375 108 28
376 752 672
377 376 336
378 376 336
379 189 49
380 243 63
381 216 56
382 940 840
383 189 49
384 216 56
385 1880 1680
386 1316 1176
387 376 336
388 81 21
389 1692 1512
390 752 672
391 1316 1176
392 135 35
393 27 7
394 27 7
395 188 168
396 188 168
397 108 28
398 1128 1008
399 1692 1512
400 216 56
401 189 49
402 81 21
403 1128 1008
404 81 21
405 1692 1512
406 188 168
407 940 840
408 135 35
409 188 168
410 1504 1344
411 1880 1680
412 108 28
413 376 336
414 81 21
415 1128 1008
416 940 840
417 270 70
418 1504 1344
419 940 840
420 189 49
421 376 336
422 376 336
423 376 336
424 216 56
425 243 63
426 1316 1176
427 940 840
428 216 56
429 189 49
430 27 7
431 216 56
432 270 70
433 27 7
434 81 21
435 162 42
436 27 7
437 1692 1512
438 940 840
439 1128 1008
440 1692 1512
441 81 21
442 188 168
443 162 42
444 243 63
445 188 168
446 54 14
447 1316 1176
448 940 840
449 189 49
450 54 14
451 1692 1512
452 1880 1680
453 54 14
454 1692 1512
455 188 168
456 135 35
457 54 14
458 27 7
459 27 7
460 1692 1512
461 81 21
462 243 63
463 1880 1680
464 162 42
465 376 336
466 1692 1512
467 270 70
468 243 63
469 27 7
470 376 336
471 108 28
472 189 49
473 270 70
474 189 49
475 752 672
476 81 21
477 1504 1344
478 1504 1344
479 270 70
480 189 49
481 564 504
482 940 840
483 188 168
484 752 672
485 189 49
486 27 7
487 189 49
488 189 49
489 189 49
490 135 35
491 564 504
492 243 63
493 1316 1176
494 108 28
495 162 42
496 27 7
497 1692 1512
498 162 42
499 1128 1008
500 54 14
501 1316 1176
502 1504 1344
503 940 840
504 27 7
505 243 63
506 135 35
507 162 42
508 270 70
509 54 14
510 189 49
511 81 21
512 162 42
513 1316 1176
514 243 63
515 162 42
516 108 28
517 243 63
518 270 70
519 1504 1344
520 1692 1512
521 1316 1176
522 1316 1176
523 1504 1344
524 162 42
525 1692 1512
526 1504 1344
527 1880 1680
528 189 49
529 54 14
530 189 49
531 1692 1512
532 54 14
533 752 672
534 1128 1008
535 243 63
536 1880 1680
537 54 14
538 243 63
539 752 672
540 270 70
541 27 7
542 1504 1344
543 1692 1512
544 376 336
545 189 49
546 1316 1176
547 188 168
548 376 336
549 108 28
550 81 21
551 81 21
552 216 56
553 1128 1008
554 54 14
555 189 49
556 376 336
557 1692 1512
558 243 63
559 270 70
560 1504 1344
561 81 21
562 376 336
563 216 56
564 1692 1512
565 108 28
566 188 168
567 188 168
568 1504 1344
569 270 70
570 27 7
571 243 63
572 81 21
573 54 14
574 1880 1680
575 1316 1176
576 940 840
577 162 42
578 243 63
579 162 42
580 270 70
581 752 672
582 81 21
583 752 672
584 1504 1344
585 270 70
586 1316 1176
587 270 70
588 1316 1176
589 216 56
590 162 42
591 135 35
592 1316 1176
593 188 168
594 188 168
595 108 28
596 1316 1176
597 940 840
598 188 168
599 188 168
600 188 168
601 189 49
602 188 168
603 1504 1344
604 135 35
605 81 21
606 27 7
607 27 7
608 270 70
609 940 840
610 1692 1512
611 243 63
612 1504 1344
613 27 7
614 940 840
615 564 504
616 376 336
617 162 42
618 940 840
619 108 28
620 1128 1008
621 752 672
622 54 14
623 135 35
624 188 168
625 1128 1008
626 270 70
627 188 168
628 162 42
629 564 504
630 243 63
631 81 21
632 108 28
633 54 14
634 1316 1176
635 188 168
636 135 35
637 216 56
638 1880 1680
639 162 42
640 135 35
641 135 35
642 162 42
643 81 21
644 1880 1680
645 376 336
646 188 168
647 135 35
648 81 21
649 376 336
650 54 14
651 1880 1680
652 1316 1176
653 1128 1008
654 940 840
655 1128 1008
656 108 28
657 1880 1680
658 27 7
659 1316 1176
660 27 7
661 1504 1344
662 216 56
663 81 21
664 1316 1176
665 1504 1344
666 162 42
667 376 336
668 81 21
669 376 336
670 81 21
671 270 70
672 270 70
673 564 504
674 940 840
675 243 63
676 564 504
677 188 168
678 54 14
679 752 672
680 108 28
681 108 28
682 162 42
683 162 42
684 1504 1344
685 81 21
686 54 14
687 376 336
688 243 63
689 752 672
690 1692 1512
691 81 21
692 1316 1176
693 135 35
694 752 672
695 27 7
696 27 7
697 376 336
698 243 63
699 1128 1008
700 940 840
701 243 63
702 1692 1512
703 940 840
704 54 14
705 216 56
706 135 35
707 1128 1008
708 940 840
709 1316 1176
710 188 168
711 27 7
712 108 28
713 1316 1176
714 564 504
715 189 49
716 188 168
717 1692 1512
718 135 35
719 135 35
720 81 21
721 1504 1344
722 188 168
723 243 63
724 752 672
725 376 336
726 108 28
727 135 35
728 1128 1008
729 27 7
730 1504 1344
731 162 42
732 243 63
733 376 336
734 940 840
735 216 56
736 940 840
737 940 840
738 940 840
739 216 56
740 376 336
741 189 49
742 216 56
743 940 840
744 1316 1176
745 135 35
746 1880 1680
747 564 504
748 1880 1680
749 1128 1008
750 940 840
751 27 7
752 27 7
753 188 168
754 27 7
755 752 672
756 1128 1008
757 270 70
758 189 49
759 27 7
760 1316 1176
761 162 42
762 188 168
763 243 63
764 27 7
765 188 168
766 1880 1680
767 81 21
768 216 56
769 135 35
770 162 42
771 940 840
772 270 70
773 1692 1512
774 752 672
775 1504 1344
776 752 672
777 1316 1176
778 162 42
779 54 14
780 376 336
781 216 56
782 243 63
783 189 49
784 216 56
785 188 168
786 135 35
787 1692 1512
788 1316 1176
789 54 14
790 27 7
791 1316 1176
792 188 168
793 752 672
794 162 42
795 27 7
796 162 42
797 376 336
798 189 49
799 1316 1176
800 564 504
801 243 63
802 940 840
803 564 504
804 135 35
805 752 672
806 752 672
807 54 14
808 1128 1008
809 27 7
810 162 42
811 1504 1344
812 162 42
813 940 840
814 752 672
815 564 504
816 1316 1176
817 243 63
818 135 35
819 54 14
820 1128 1008
821 216 56
822 189 49
823 564 504
824 162 42
825 162 42
826 27 7
827 376 336
828 1880 1680
829 243 63
830 1504 1344
831 188 168
832 940 840
833 1128 1008
834 188 168
835 564 504
836 1128 1008
837 1316 1176
838 1692 1512
839 189 49
840 270 70
841 940 840
842 1504 1344
843 940 840
844 270 70
845 81 21
846 1316 1176
847 135 35
848 270 70
849 189 49
850 1316 1176
851 108 28
852 1692 1512
853 1128 1008
854 1128 1008
855 189 49
856 243 63
857 135 35
858 1692 1512
859 564 504
860 1316 1176
861 376 336
862 564 504
863 27 7
864 81 21
865 564 504
866 216 56
867 376 336
868 189 49
869 376 336
870 564 504
871 752 672
872 81 21
873 752 672
874 1128 1008
875 1316 1176
876 564 504
877 108 28
878 162 42
879 1128 1008
880 270 70
881 1128 1008
882 1128 1008
883 27 7
884 81 21
885 270 70
886 162 42
887 135 35
888 1316 1176
889 188 168
890 1504 1344
891 1692 1512
892 1316 1176
893 940 840
894 188 168
895 81 21
896 189 49
897 216 56
898 376 336
899 81 21
900 270 70
901 135 35
902 1504 1344
903 81 21
904 27 7
905 270 70
906 108 28
907 564 504
908 1504 1344
909 752 672
910 564 504
911 162 42
912 752 672
913 940 840
914 376 336
915 752 672
916 1128 1008
917 752 672
918 108 28
919 54 14
920 243 63
921 27 7
922 54 14
923 81 21
924 752 672
925 27 7
926 1692 1512
927 1316 1176
928 752 672
929 270 70
930 189 49
931 1316 1176
932 564 504
933 376 336
934 27 7
935 564 504
936 189 49
937 81 21
938 108 28
939 564 504
940 188 168
941 188 168
942 1316 1176
943 940 840
944 1316 1176
945 564 504
946 1692 1512
947 940 840
948 216 56
949 1504 1344
950 188 168
951 752 672
952 108 28
953 189 49
954 216 56
955 1316 1176
956 376 336
957 1880 1680
958 752 672
959 1504 1344
960 1504 1344
961 564 504
962 81 21
963 270 70
964 1504 1344
965 189 49
966 135 35
967 189 49
968 1880 1680
969 162 42
970 189 49
971 1128 1008
972 189 49
973 752 672
974 564 504
975 1880 1680
976 216 56
977 940 840
978 1880 1680
979 940 840
980 162 42
981 376 336
982 1316 1176
983 81 21
984 1880 1680
985 376 336
986 54 14
987 1692 1512
988 108 28
989 1316 1176
990 243 63
991 1880 1680
992 135 35
993 54 14
994 564 504
995 108 28
996 188 168
997 162 42
998 188 168
999 108 28
1000 27 7
1001 376 336
1002 27 7
1003 940 840
1004 243 63
1005 1504 1344
1006 270 70
1007 108 28
1008 27 7
1009 270 70
1010 1880 1680
1011 1692 1512
1012 1316 1176
1013 216 56
1014 1692 1512
1015 1504 1344
1016 1128 1008
1017 54 14
1018 270 70
1019 162 42
1020 1128 1008
1021 1880 1680
1022 270 70
1023 188 168
1024 564 504
1025 564 504
1026 108 28
1027 27 7
1028 1692 1512
1029 1692 1512
1030 216 56
1031 188 168
1032 189 49
1033 1692 1512
1034 1504 1344
1035 376 336
1036 135 35
1037 81 21
1038 1692 1512
1039 27 7
1040 1692 1512
1041 564 504
1042 216 56
1043 189 49
1044 188 168
1045 1504 1344
1046 1880 1680
1047 216 56
1048 1880 1680
1049 108 28
1050 188 168
1051 135 35
1052 270 70
1053 27 7
1054 81 21
1055 940 840
1056 1504 1344
1057 189 49
1058 81 21
1059 1128 1008
1060 162 42
1061 752 672
1062 1504 1344
1063 188 168
1064 81 21
1065 940 840
1066 564 504
1067 376 336
1068 27 7
1069 270 70
1070 376 336
1071 81 21
1072 189 49
1073 135 35
1074 108 28
1075 1504 1344
1076 564 504
1077 1128 1008
1078 564 504
1079 940 840
1080 270 70
1081 188 168
1082 940 840
1083 108 28
1084 1880 1680
1085 1692 1512
1086 189 49
1087 108 28
1088 135 35
1089 1504 1344
1090 752 672
1091 216 56
1092 270 70
1093 1692 1512
1094 1880 1680
1095 54 14
1096 270 70
1097 564 504
1098 940 840
1099 1504 1344
1100 135 35
1101 135 35
1102 1128 1008
1103 189 49
1104 1504 1344
1105 1316 1176
1106 81 21
1107 752 672
1108 940 840
1109 376 336
1110 376 336
1111 940 840
1112 270 70
1113 376 336
1114 1128 1008
1115 564 504
1116 1128 1008
1117 162 42
1118 1504 1344
1119 376 336
1120 54 14
1121 108 28
1122 1692 1512
1123 752 672
1124 940 840
1125 27 7
1126 135 35
1127 376 336
1128 270 70
1129 135 35
1130 1128 1008
1131 376 336
1132 940 840
1133 1128 1008
1134 216 56
1135 54 14
1136 564 504
1137 940 840
1138 108 28
1139 216 56
1140 108 28
1141 1316 1176
1142 1128 1008
1143 1504 1344
1144 270 70
1145 189 49
1146 1692 1512
1147 243 63
1148 81 21
1149 189 49
1150 1128 1008
1151 376 336
1152 1880 1680
1153 270 70
1154 216 56
1155 243 63
1156 243 63
1157 162 42
1158 188 168
1159 1128 1008
1160 216 56
1161 81 21
1162 1692 1512
1163 752 672
1164 752 672
1165 1128 1008
1166 1128 1008
1167 108 28
1168 1504 1344
1169 108 28
1170 189 49
1171 1880 1680
1172 1128 1008
1173 940 840
1174 216 56
1175 27 7
1176 564 504
1177 270 70
1178 1128 1008
1179 243 63
1180 135 35
1181 81 21
1182 188 168
1183 270 70
1184 1128 1008
1185 564 504
1186 216 56
1187 54 14
1188 188 168
1189 27 7
1190 189 49
1191 940 840
1192 188 168
1193 54 14
1194 1692 1512
1195 188 168
1196 752 672
1197 940 840
1198 940 840
1199 1316 1176
1200 1880 1680
1201 216 56
1202 108 28
1203 1504 1344
1204 1880 1680
1205 188 168
1206 270 70
1207 27 7
1208 564 504
1209 216 56
1210 188 168
1211 1692 1512
1212 162 42
1213 54 14
1214 135 35
1215 1504 1344
1216 135 35
1217 376 336
1218 1128 1008
1219 54 14
1220 940 840
1221 1128 1008
1222 54 14
1223 188 168
1224 1692 1512
1225 376 336
1226 243 63
1227 1880 1680
1228 243 63
1229 270 70
1230 162 42
1231 1128 1008
1232 108 28
1233 752 672
1234 1316 1176
1235 216 56
1236 1316 1176
1237 243 63
1238 564 504
1239 1880 1680
1240 189 49
1241 54 14
1242 940 840
1243 216 56
1244 1504 1344
1245 27 7
1246 1880 1680
1247 1692 1512
1248 376 336
1249 270 70
1250 564 504
1251 1880 1680
1252 940 840
1253 162 42
1254 108 28
1255 1128 1008
1256 1692 1512
1257 1504 1344
1258 940 840
1259 81 21
1260 189 49
1261 188 168
1262 1692 1512
1263 243 63
1264 243 63
1265 1880 1680
1266 1128 1008
1267 1880 1680
1268 81 21
1269 108 28
1270 108 28
1271 1880 1680
1272 752 672
1273 27 7
1274 1504 1344
1275 940 840
1276 1692 1512
1277 564 504
1278 216 56
1279 27 7
1280 188 168
1281 216 56
1282 564 504
1283 270 70
1284 940 840
1285 243 63
1286 1504 1344
1287 752 672
1288 1316 1176
1289 54 14
1290 189 49
1291 189 49
1292 1316 1176
1293 1880 1680
1294 135 35
1295 1504 1344
1296 752 672
1297 81 21
1298 1880 1680
1299 376 336
1300 1128 1008
1301 216 56
1302 376 336
1303 216 56
1304 940 840
1305 216 56
1306 1504 1344
1307 752 672
1308 162 42
1309 376 336
1310 1504 1344
1311 752 672
1312 81 21
1313 81 21
1314 270 70
1315 1692 1512
1316 940 840
1317 243 63
1318 243 63
1319 162 42
1320 81 21
1321 564 504
1322 564 504
1323 1880 1680
1324 1692 1512
1325 27 7
1326 243 63
1327 270 70
1328 1128 1008
1329 564 504
1330 564 504
1331 376 336
1332 940 840
1333 1316 1176
1334 1692 1512
1335 188 168
1336 243 63
1337 940 840
1338 1504 1344
1339 940 840
1340 243 63
1341 1880 1680
1342 27 7
1343 1692 1512
1344 243 63
1345 243 63
1346 270 70
1347 162 42
1348 564 504
1349 54 14
1350 135 35
1351 940 840
1352 1880 1680
1353 564 504
1354 1504 1344
1355 54 14
1356 752 672
1357 1504 1344
1358 1316 1176
1359 54 14
1360 216 56
1361 108 28
1362 1504 1344
1363 1128 1008
1364 752 672
1365 135 35
1366 243 63
1367 81 21
1368 1128 1008
1369 1504 1344
1370 1880 1680
1371 1316 1176
1372 27 7
1373 135 35
1374 752 672
1375 1692 1512
1376 188 168
1377 54 14
1378 135 35
1379 135 35
1380 108 28
1381 1692 1512
1382 81 21
1383 1316 1176
1384 135 35
1385 189 49
1386 1880 1680
1387 189 49
1388 940 840
1389 243 63
1390 108 28
1391 1504 1344
1392 108 28
1393 1316 1176
1394 564 504
1395 1504 1344
1396 243 63
1397 270 70
1398 940 840
1399 1880 1680
1400 1692 1512
1401 1880 1680
1402 1504 1344
1403 135 35
1404 1316 1176
1405 135 35
1406 188 168
1407 940 840
1408 752 672
1409 243 63
1410 270 70
1411 752 672
1412 1504 1344
1413 54 14
1414 376 336
1415 270 70
1416 216 56
1417 1504 1344
1418 1692 1512
1419 188 168
1420 1504 1344
1421 376 336
1422 1316 1176
1423 752 672
1424 189 49
1425 108 28
1426 54 14
1427 27 7
1428 54 14
1429 270 70
1430 162 42
1431 376 336
1432 189 49
1433 162 42
1434 1128 1008
1435 188 168
1436 1880 1680
1437 27 7
1438 940 840
1439 752 672
1440 54 14
1441 243 63
1442 1128 1008
1443 752 672
1444 189 49
1445 108 28
1446 27 7
1447 27 7
1448 376 336
1449 81 21
1450 1504 1344
1451 162 42
1452 188 168
1453 108 28
1454 376 336
1455 162 42
1456 1504 1344
1457 1692 1512
1458 54 14
1459 135 35
1460 1316 1176
1461 27 7
1462 135 35
1463 270 70
1464 108 28
1465 1316 1176
1466 27 7
1467 1504 1344
1468 270 70
1469 1504 1344
1470 243 63
1471 54 14
1472 1504 1344
1473 564 504
1474 188 168
1475 108 28
1476 1880 1680
1477 243 63
1478 376 336
1479 1692 1512
1480 1504 1344
1481 189 49
1482 564 504
1483 189 49
1484 564 504
1485 188 168
1486 108 28
1487 189 49
1488 243 63
1489 188 168
1490 189 49
1491 1692 1512
1492 162 42
1493 1316 1176
1494 189 49
1495 940 840
1496 27 7
1497 188 168
1498 940 840
1499 27 7
1500 1504 1344
1501 270 70
1502 1504 1344
1503 135 35
1504 270 70
1505 1692 1512
1506 1316 1176
1507 564 504
1508 1504 1344
1509 1504 1344
1510 1316 1176
1511 376 336
1512 940 840
1513 1316 1176
1514 108 28
1515 243 63
1516 1880 1680
1517 1128 1008
1518 376 336
1519 54 14
1520 188 168
1521 81 21
1522 188 168
1523 1128 1008
1524 1316 1176
1525 54 14
1526 752 672
1527 243 63
1528 1880 1680
1529 81 21
1530 270 70
1531 752 672
1532 1128 1008
1533 270 70
1534 376 336
1535 564 504
1536 216 56
1537 54 14
1538 1504 1344
1539 1316 1176
1540 81 21
1541 564 504
1542 216 56
1543 376 336
1544 270 70
1545 108 28
1546 135 35
1547 188 168
1548 216 56
1549 27 7
1550 1880 1680
1551 1692 1512
1552 135 35
1553 243 63
1554 376 336
1555 1128 1008
1556 27 7
1557 1880 1680
1558 135 35
1559 752 672
1560 1880 1680
1561 752 672
1562 189 49
1563 564 504
1564 243 63
1565 216 56
1566 81 21
1567 1504 1344
1568 135 35
1569 189 49
1570 376 336
1571 1504 1344
1572 108 28
1573 1692 1512
1574 752 672
1575 135 35
1576 1504 1344
1577 243 63
1578 81 21
1579 940 840
1580 243 63
1581 1880 1680
1582 1692 1512
1583 1128 1008
1584 108 28
1585 940 840
1586 162 42
1587 216 56
1588 376 336
1589 1316 1176
1590 243 63
1591 564 504
1592 940 840
1593 81 21
1594 752 672
1595 27 7
1596 54 14
1597 188 168
1598 1692 1512
1599 27 7
1600 27 7
1601 1316 1176
1602 376 336
1603 188 168
1604 81 21
1605 270 70
1606 81 21
1607 162 42
1608 189 49
1609 188 168
1610 135 35
1611 135 35
1612 564 504
1613 376 336
1614 270 70
1615 1504 1344
1616 1692 1512
1617 1128 1008
1618 270 70
1619 1128 1008
1620 752 672
1621 27 7
1622 54 14
1623 135 35
1624 1316 1176
1625 752 672
1626 1316 1176
1627 1692 1512
1628 189 49
1629 1316 1176
1630 564 504
1631 162 42
1632 564 504
1633 1504 1344
1634 1128 1008
1635 216 56
1636 1128 1008
1637 270 70
1638 243 63
1639 1504 1344
1640 1880 1680
1641 1128 1008
1642 752 672
1643 376 336
1644 135 35
1645 188 168
1646 135 35
1647 216 56
1648 81 21
1649 376 336
1650 1692 1512
1651 270 70
1652 564 504
1653 216 56
1654 1692 1512
1655 189 49
1656 81 21
1657 188 168
1658 243 63
1659 188 168
1660 135 35
1661 564 504
1662 940 840
1663 564 504
1664 135 35
1665 376 336
1666 1880 1680
1667 1128 1008
1668 376 336
1669 1692 1512
1670 1316 1176
1671 188 168
1672 54 14
1673 188 168
1674 376 336
1675 1692 1512
1676 1692 1512
1677 270 70
1678 940 840
1679 752 672
1680 189 49
1681 940 840
1682 1316 1176
1683 216 56
1684 188 168
1685 27 7
1686 27 7
1687 376 336
1688 564 504
1689 189 49
1690 1504 1344
1691 752 672
1692 243 63
1693 135 35
1694 1692 1512
1695 189 49
1696 1128 1008
1697 1880 1680
1698 188 168
1699 162 42
1700 135 35
1701 54 14
1702 376 336
1703 81 21
1704 1880 1680
1705 1504 1344
1706 54 14
1707 1128 1008
1708 108 28
1709 108 28
1710 81 21
1711 270 70
1712 1316 1176
1713 1880 1680
1714 216 56
1715 162 42
1716 189 49
1717 752 672
1718 162 42
1719 1316 1176
1720 162 42
1721 376 336
1722 54 14
1723 1504 1344
1724 940 840
1725 940 840
1726 108 28
1727 243 63
1728 27 7
1729 1692 1512
1730 1316 1176
1731 54 14
1732 1128 1008
1733 940 840
1734 1316 1176
1735 1504 1344
1736 189 49
1737 270 70
1738 81 21
1739 81 21
1740 1692 1512
1741 81 21
1742 1128 1008
1743 1880 1680
1744 216 56
1745 188 168
1746 270 70
1747 270 70
1748 81 21
1749 376 336
1750 81 21
1751 1128 1008
1752 216 56
1753 1880 1680
1754 54 14
1755 940 840
1756 564 504
1757 940 840
1758 189 49
1759 81 21
1760 162 42
1761 1504 1344
1762 564 504
1763 189 49
1764 270 70
1765 1316 1176
1766 188 168
1767 189 49
1768 270 70
1769 188 168
1770 1316 1176
1771 243 63
1772 135 35
1773 1316 1176
1774 243 63
1775 27 7
1776 564 504
1777 940 840
1778 1692 1512
1779 940 840
1780 188 168
1781 270 70
1782 189 49
1783 27 7
1784 188 168
1785 135 35
1786 1504 1344
1787 940 840
1788 940 840
1789 189 49
1790 81 21
1791 940 840
1792 1504 1344
1793 1880 1680
1794 1316 1176
1795 81 21
1796 54 14
1797 940 840
1798 1504 1344
1799 564 504
1800 1692 1512
1801 1880 1680
1802 1880 1680
1803 27 7
1804 940 840
1805 1504 1344
1806 270 70
1807 216 56
1808 564 504
1809 54 14
1810 1880 1680
1811 216 56
1812 189 49
1813 216 56
1814 376 336
1815 189 49
1816 188 168
1817 27 7
1818 1504 1344
1819 1880 1680
1820 81 21
1821 564 504
1822 376 336
1823 1128 1008
1824 270 70
1825 108 28
1826 1692 1512
1827 564 504
1828 189 49
1829 564 504
1830 270 70
1831 1128 1008
1832 27 7
1833 564 504
1834 243 63
1835 1316 1176
1836 188 168
1837 1504 1344
1838 940 840
1839 189 49
1840 27 7
1841 243 63
1842 27 7
1843 54 14
1844 54 14
1845 243 63
1846 1692 1512
1847 188 168
1848 564 504
1849 243 63
1850 243 63
1851 108 28
1852 108 28
1853 1692 1512
1854 81 21
1855 270 70
1856 135 35
1857 189 49
1858 189 49
1859 270 70
1860 188 168
1861 270 70
1862 1128 1008
1863 189 49
1864 189 49
1865 1316 1176
1866 270 70
1867 1880 1680
1868 162 42
1869 1316 1176
1870 27 7
1871 1880 1680
1872 243 63
1873 162 42
1874 1504 1344
1875 564 504
1876 1504 1344
1877 1128 1008
1878 940 840
1879 752 672
1880 189 49
1881 243 63
1882 1692 1512
1883 1692 1512
1884 376 336
1885 27 7
1886 189 49
1887 27 7
1888 752 672
1889 1316 1176
1890 243 63
1891 216 56
1892 189 49
1893 81 21
1894 81 21
1895 54 14
1896 940 840
1897 270 70
1898 940 840
1899 27 7
1900 270 70
1901 135 35
1902 188 168
1903 1880 1680
1904 752 672
1905 752 672
1906 216 56
1907 1692 1512
1908 752 672
1909 940 840
1910 1128 1008
1911 243 63
1912 162 42
1913 135 35
1914 216 56
1915 27 7
1916 564 504
1917 1316 1176
1918 1880 1680
1919 1504 1344
1920 135 35
1921 1504 1344
1922 216 56
1923 188 168
1924 189 49
1925 376 336
1926 1880 1680
1927 81 21
1928 189 49
1929 81 21
1930 1504 1344
1931 1504 1344
1932 1692 1512
1933 54 14
1934 1128 1008
1935 376 336
1936 189 49
1937 216 56
1938 243 63
1939 162 42
1940 188 168
1941 54 14
1942 81 21
1943 1316 1176
1944 27 7
1945 108 28
1946 135 35
1947 54 14
1948 1692 1512
1949 189 49
1950 1316 1176
1951 1504 1344
1952 1692 1512
1953 189 49
1954 27 7
1955 376 336
1956 27 7
1957 1692 1512
1958 1128 1008
1959 189 49
1960 1880 1680
1961 188 168
1962 1316 1176
1963 135 35
1964 216 56
1965 1504 1344
1966 189 49
1967 108 28
1968 216 56
1969 27 7
1970 752 672
1971 1692 1512
1972 1504 1344
1973 135 35
1974 1692 1512
1975 108 28
1976 1692 1512
1977 216 56
1978 940 840
1979 188 168
1980 81 21
1981 189 49
1982 1692 1512
1983 135 35
1984 376 336
1985 108 28
1986 752 672
1987 108 28
1988 940 840
1989 108 28
1990 27 7
1991 108 28
1992 270 70
1993 564 504
1994 564 504
1995 940 840
1996 243 63
1997 108 28
1998 376 336
1999 108 28
2000 54 14
2001 1504 1344
2002 189 49
2003 135 35
2004 1880 1680
2005 54 14
2006 1880 1680
2007 1880 1680
2008 1880 1680
2009 216 56
2010 188 168
2011 270 70
2012 81 21
2013 1692 1512
2014 940 840
2015 940 840
2016 376 336
2017 216 56
2018 564 504
2019 1316 1176
2020 243 63
2021 564 504
2022 108 28
2023 564 504
2024 1880 1680
2025 216 56
2026 108 28
2027 135 35
2028 564 504
2029 564 504
2030 188 168
2031 376 336
2032 1316 1176
2033 162 42
2034 752 672
2035 188 168
2036 135 35
2037 940 840
2038 1692 1512
2039 1880 1680
2040 564 504
2041 216 56
2042 1880 1680
2043 108 28
2044 564 504
2045 189 49
2046 188 168
2047 243 63
2048 376 336
2049 27 7
2050 752 672
2051 216 56
2052 1504 1344
2053 54 14
2054 216 56
2055 376 336
2056 189 49
2057 188 168
2058 270 70
2059 1692 1512
2060 81 21
2061 1692 1512
2062 1316 1176
2063 1692 1512
2064 1128 1008
2065 1504 1344
2066 108 28
2067 1128 1008
2068 1504 1344
2069 752 672
2070 189 49
2071 81 21
2072 376 336
2073 1692 1512
2074 1692 1512
2075 216 56
2076 81 21
2077 54 14
2078 135 35
2079 564 504
2080 1692 1512
2081 54 14
2082 27 7
2083 1880 1680
2084 752 672
2085 189 49
2086 243 63
2087 135 35
2088 564 504
2089 27 7
2090 162 42
2091 270 70
2092 1504 1344
2093 135 35
2094 54 14
2095 162 42
2096 564 504
2097 135 35
2098 1128 1008
2099 376 336
2100 189 49
2101 54 14
2102 564 504
2103 1316 1176
2104 940 840
2105 1692 1512
2106 189 49
2107 1128 1008
2108 940 840
2109 752 672
2110 216 56
2111 1880 1680
2112 135 35
2113 135 35
2114 243 63
2115 188 168
2116 189 49
2117 27 7
2118 1128 1008
2119 376 336
2120 1692 1512
2121 1880 1680
2122 189 49
2123 752 672
2124 243 63
2125 189 49
2126 376 336
2127 940 840
2128 1692 1512
2129 270 70
2130 81 21
2131 81 21
2132 752 672
2133 376 336
2134 1880 1680
2135 216 56
2136 752 672
2137 189 49
2138 135 35
2139 1880 1680
2140 108 28
2141 54 14
2142 162 42
2143 752 672
2144 1692 1512
2145 135 35
2146 1504 1344
2147 564 504
2148 189 49
2149 564 504
2150 1128 1008
2151 135 35
2152 1128 1008
2153 216 56
2154 1316 1176
2155 243 63
2156 108 28
2157 752 672
2158 188 168
2159 162 42
2160 135 35
2161 135 35
2162 1128 1008
2163 81 21
2164 1692 1512
2165 108 28
2166 1504 1344
2167 752 672
2168 1316 1176
2169 1880 1680
2170 81 21
2171 189 49
2172 189 49
2173 243 63
2174 564 504
2175 189 49
2176 108 28
2177 188 168
2178 188 168
2179 243 63
2180 54 14
2181 243 63
2182 564 504
2183 1692 1512
2184 243 63
2185 270 70
2186 81 21
2187 564 504
2188 1128 1008
2189 54 14
2190 108 28
2191 81 21
2192 1316 1176
2193 135 35
2194 162 42
2195 243 63
2196 27 7
2197 27 7
2198 243 63
2199 270 70
2200 1316 1176
2201 940 840
2202 135 35
2203 1504 1344
2204 162 42
2205 27 7
2206 135 35
2207 270 70
2208 135 35
2209 1880 1680
2210 270 70
2211 108 28
2212 1316 1176
2213 752 672
2214 1316 1176
2215 1692 1512
2216 189 49
2217 1504 1344
2218 1880 1680
2219 376 336
2220 81 21
2221 1880 1680
2222 108 28
2223 188 168
2224 270 70
2225 1880 1680
2226 1128 1008
2227 1504 1344
2228 54 14
2229 54 14
2230 1128 1008
2231 188 168
2232 162 42
2233 27 7
2234 243 63
2235 27 7
2236 270 70
2237 1692 1512
2238 1316 1176
2239 270 70
2240 81 21
2241 81 21
2242 243 63
2243 108 28
2244 376 336
2245 1880 1680
2246 189 49
2247 54 14
2248 1316 1176
2249 162 42
2250 135 35
2251 1880 1680
2252 243 63
2253 752 672
2254 54 14
2255 188 168
2256 135 35
2257 564 504
2258 216 56
2259 940 840
2260 243 63
2261 243 63
2262 54 14
2263 940 840
2264 564 504
2265 1692 1512
2266 189 49
2267 188 168
2268 135 35
2269 752 672
2270 108 28
2271 188 168
2272 81 21
2273 243 63
2274 564 504
2275 752 672
2276 27 7
2277 940 840
2278 1316 1176
2279 162 42
2280 1880 1680
2281 27 7
2282 1504 1344
2283 1692 1512
2284 376 336
2285 1880 1680
2286 108 28
2287 564 504
2288 81 21
2289 1128 1008
2290 752 672
2291 376 336
2292 1692 1512
2293 1692 1512
2294 54 14
2295 752 672
2296 81 21
2297 270 70
2298 216 56
2299 81 21
2300 1128 1008
2301 1128 1008
2302 243 63
2303 1692 1512
2304 81 21
2305 564 504
2306 189 49
2307 1128 1008
2308 376 336
2309 270 70
2310 1504 1344
2311 1128 1008
2312 376 336
2313 1316 1176
2314 81 21
2315 243 63
2316 376 336
2317 162 42
2318 81 21
2319 752 672
2320 189 49
2321 376 336
2322 81 21
2323 135 35
2324 1692 1512
2325 162 42
2326 188 168
2327 1316 1176
2328 188 168
2329 27 7
2330 54 14
2331 81 21
2332 940 840
2333 189 49
2334 1128 1008
2335 940 840
2336 752 672
2337 162 42
2338 54 14
2339 752 672
2340 27 7
2341 1692 1512
2342 376 336
2343 81 21
2344 162 42
2345 564 504
2346 376 336
2347 54 14
2348 54 14
2349 270 70
2350 1880 1680
2351 752 672
2352 81 21
2353 81 21
2354 1128 1008
2355 564 504
2356 270 70
2357 54 14
2358 81 21
2359 27 7
2360 81 21
2361 188 168
2362 27 7
2363 27 7
2364 564 504
2365 188 168
2366 376 336
2367 189 49
2368 189 49
2369 940 840
2370 1692 1512
2371 54 14
2372 135 35
2373 189 49
2374 135 35
2375 376 336
2376 1316 1176
2377 1880 1680
2378 162 42
2379 189 49
2380 376 336
2381 216 56
2382 564 504
2383 1316 1176
2384 1880 1680
2385 940 840
2386 564 504
2387 27 7
2388 1504 1344
2389 27 7
2390 1128 1008
2391 376 336
2392 1128 1008
2393 189 49
2394 162 42
2395 1128 1008
2396 189 49
2397 752 672
2398 270 70
2399 752 672
2400 940 840
2401 189 49
2402 135 35
2403 1504 1344
2404 1128 1008
2405 54 14
2406 1504 1344
2407 81 21
2408 1504 1344
2409 1316 1176
2410 940 840
2411 1504 1344
2412 108 28
2413 216 56
2414 188 168
2415 216 56
2416 1880 1680
2417 243 63
2418 243 63
2419 1128 1008
2420 162 42
2421 1692 1512
2422 1692 1512
2423 376 336
2424 270 70
2425 54 14
2426 189 49
2427 1692 1512
2428 27 7
2429 1504 1344
2430 54 14
2431 216 56
2432 940 840
2433 188 168
2434 243 63
2435 162 42
2436 1504 1344
2437 270 70
2438 1128 1008
2439 216 56
2440 564 504
2441 564 504
2442 81 21
2443 54 14
2444 1128 1008
2445 108 28
2446 189 49
2447 81 21
2448 940 840
2449 564 504
2450 1316 1176
2451 1880 1680
2452 108 28
2453 162 42
2454 216 56
2455 81 21
2456 135 35
2457 1504 1344
2458 940 840
2459 376 336
2460 1316 1176
2461 81 21
2462 81 21
2463 1692 1512
2464 188 168
2465 243 63
2466 376 336
2467 270 70
2468 1692 1512
2469 1316 1176
2470 1692 1512
2471 1692 1512
2472 135 35
2473 188 168
2474 243 63
2475 376 336
2476 270 70
2477 108 28
2478 188 168
2479 564 504
2480 243 63
2481 188 168
2482 162 42
2483 135 35
2484 752 672
2485 1128 1008
2486 243 63
2487 54 14
2488 189 49
2489 752 672
2490 216 56
2491 54 14
2492 752 672
2493 162 42
2494 54 14
2495 1504 1344
2496 752 672
2497 108 28
2498 81 21
2499 108 28
2500 1316 1176
2501 81 21
2502 1128 1008
2503 1128 1008
2504 1504 1344
2505 1504 1344
2506 81 21
2507 54 14
2508 564 504
2509 27 7
2510 54 14
2511 108 28
2512 216 56
2513 108 28
2514 270 70
2515 162 42
2516 940 840
2517 1692 1512
2518 216 56
2519 216 56
2520 189 49
2521 1128 1008
2522 376 336
2523 108 28
2524 752 672
2525 162 42
2526 108 28
2527 54 14
2528 564 504
2529 376 336
2530 376 336
2531 216 56
2532 135 35
2533 1128 1008
2534 162 42
2535 752 672
2536 162 42
2537 135 35
2538 189 49
2539 940 840
2540 81 21
2541 188 168
2542 564 504
2543 376 336
2544 27 7
2545 940 840
2546 564 504
2547 1128 1008
2548 940 840
2549 1316 1176
2550 1504 1344
2551 135 35
2552 189 49
2553 135 35
2554 1880 1680
2555 108 28
2556 564 504
2557 1316 1176
2558 564 504
2559 27 7
2560 135 35
2561 564 504
2562 27 7
2563 81 21
2564 1504 1344
2565 1504 1344
2566 81 21
2567 1692 1512
2568 81 21
2569 189 49
2570 564 504
2571 188 168
2572 216 56
2573 1692 1512
2574 1504 1344
2575 162 42
2576 216 56
2577 54 14
2578 940 840
2579 243 63
2580 189 49
2581 376 336
2582 108 28
2583 27 7
2584 188 168
2585 189 49
2586 54 14
2587 1880 1680
2588 940 840
2589 1504 1344
2590 188 168
2591 940 840
2592 1316 1176
2593 216 56
2594 752 672
2595 564 504
2596 1880 1680
2597 564 504
2598 108 28
2599 1504 1344
2600 162 42
2601 135 35
2602 1880 1680
2603 108 28
2604 1128 1008
2605 188 168
2606 1880 1680
2607 1316 1176
2608 1504 1344
2609 1316 1176
2610 243 63
2611 27 7
2612 216 56
2613 162 42
2614 243 63
2615 135 35
2616 216 56
2617 81 21
2618 1504 1344
2619 940 840
2620 376 336
2621 188 168
2622 1880 1680
2623 1692 1512
2624 81 21
2625 243 63
2626 189 49
2627 1692 1512
2628 1880 1680
2629 54 14
2630 54 14
2631 243 63
2632 27 7
2633 1504 1344
2634 1692 1512
2635 108 28
2636 1316 1176
2637 54 14
2638 162 42
2639 1316 1176
2640 162 42
2641 81 21
2642 1692 1512
2643 81 21
2644 1504 1344
2645 27 7
2646 135 35
2647 54 14
2648 27 7
2649 752 672
2650 54 14
2651 1880 1680
2652 1880 1680
2653 564 504
2654 1128 1008
2655 189 49
2656 1128 1008
2657 1504 1344
2658 1504 1344
2659 162 42
2660 27 7
2661 564 504
2662 376 336
2663 270 70
2664 81 21
2665 81 21
2666 1692 1512
2667 27 7
2668 376 336
2669 162 42
2670 1692 1512
2671 1880 1680
2672 1128 1008
2673 270 70
2674 1692 1512
2675 108 28
2676 27 7
2677 270 70
2678 1316 1176
2679 376 336
2680 376 336
2681 1692 1512
2682 54 14
2683 27 7
2684 1880 1680
2685 1880 1680
2686 270 70
2687 243 63
2688 188 168
2689 752 672
2690 243 63
2691 162 42
2692 81 21
2693 564 504
2694 1692 1512
2695 376 336
2696 1880 1680
2697 243 63
2698 54 14
2699 135 35
2700 1316 1176
2701 162 42
2702 162 42
2703 189 49
2704 27 7
2705 54 14
2706 162 42
2707 940 840
2708 376 336
2709 189 49
2710 752 672
2711 27 7
2712 940 840
2713 1880 1680
2714 188 168
2715 81 21
2716 54 14
2717 940 840
2718 243 63
2719 270 70
2720 1316 1176
2721 752 672
2722 188 168
2723 940 840
2724 188 168
2725 162 42
2726 81 21
2727 1692 1512
2728 54 14
2729 1128 1008
2730 81 21
2731 135 35
2732 1692 1512
2733 243 63
2734 1692 1512
2735 108 28
2736 243 63
2737 54 14
2738 270 70
2739 162 42
2740 1692 1512
2741 135 35
2742 54 14
2743 188 168
2744 940 840
2745 1692 1512
2746 376 336
2747 216 56
2748 108 28
2749 376 336
2750 81 21
2751 564 504
2752 27 7
2753 564 504
2754 108 28
2755 376 336
2756 1880 1680
2757 1316 1176
2758 752 672
2759 1128 1008
2760 162 42
2761 189 49
2762 188 168
2763 162 42
2764 940 840
2765 1316 1176
2766 376 336
2767 1504 1344
2768 135 35
2769 54 14
2770 81 21
2771 1692 1512
2772 162 42
2773 1880 1680
2774 1128 1008
2775 189 49
2776 108 28
2777 162 42
2778 216 56
2779 564 504
2780 1880 1680
2781 243 63
2782 940 840
2783 162 42
2784 243 63
2785 1880 1680
2786 752 672
2787 54 14
2788 270 70
2789 376 336
2790 243 63
2791 376 336
2792 752 672
2793 376 336
2794 376 336
2795 376 336
2796 376 336
2797 1880 1680
2798 1128 1008
2799 1692 1512
2800 135 35
2801 27 7
2802 1316 1176
2803 564 504
2804 81 21
2805 1692 1512
2806 1316 1176
2807 376 336
2808 216 56
2809 940 840
2810 270 70
2811 1692 1512
2812 216 56
2813 216 56
2814 243 63
2815 189 49
2816 376 336
2817 162 42
2818 54 14
2819 216 56
2820 189 49
2821 1128 1008
2822 564 504
2823 188 168
2824 564 504
2825 216 56
2826 108 28
2827 81 21
2828 188 168
2829 216 56
2830 54 14
2831 940 840
2832 564 504
2833 243 63
2834 1692 1512
2835 188 168
2836 54 14
2837 376 336
2838 564 504
2839 270 70
2840 216 56
2841 564 504
2842 564 504
2843 376 336
2844 188 168
2845 243 63
2846 162 42
2847 1128 1008
2848 27 7
2849 162 42
2850 752 672
2851 376 336
2852 1316 1176
2853 216 56
2854 1692 1512
2855 189 49
2856 940 840
2857 27 7
2858 270 70
2859 135 35
2860 108 28
2861 940 840
2862 135 35
2863 243 63
2864 1880 1680
2865 1692 1512
2866 1880 1680
2867 1316 1176
2868 27 7
2869 376 336
2870 1692 1512
2871 135 35
2872 162 42
2873 243 63
2874 1128 1008
2875 108 28
2876 189 49
2877 1504 1344
2878 27 7
2879 752 672
2880 27 7
2881 1316 1176
2882 108 28
2883 270 70
2884 216 56
2885 270 70
2886 752 672
2887 54 14
2888 243 63
2889 1504 1344
2890 1128 1008
2891 1128 1008
2892 270 70
2893 135 35
2894 135 35
2895 1880 1680
2896 752 672
2897 188 168
2898 162 42
2899 81 21
2900 564 504
2901 752 672
2902 108 28
2903 81 21
2904 135 35
2905 1880 1680
2906 270 70
2907 752 672
2908 108 28
2909 27 7
2910 940 840
2911 54 14
2912 1316 1176
2913 376 336
2914 135 35
2915 27 7
2916 1692 1512
2917 135 35
2918 1128 1008
2919 81 21
2920 270 70
2921 216 56
2922 1880 1680
2923 162 42
2924 940 840
2925 1128 1008
2926 1692 1512
2927 108 28
2928 135 35
2929 54 14
2930 270 70
2931 188 168
2932 54 14
2933 54 14
2934 1880 1680
2935 243 63
2936 27 7
2937 27 7
2938 27 7
2939 243 63
2940 54 14
2941 108 28
2942 135 35
2943 270 70
2944 270 70
2945 189 49
2946 1316 1176
2947 376 336
2948 162 42
2949 376 336
2950 1504 1344
2951 135 35
2952 752 672
2953 216 56
2954 1504 1344
2955 216 56
2956 564 504
2957 1128 1008
2958 216 56
2959 564 504
2960 54 14
2961 27 7
2962 81 21
2963 564 504
2964 1128 1008
2965 162 42
2966 1128 1008
2967 752 672
2968 81 21
2969 188 168
2970 940 840
2971 135 35
2972 27 7
2973 1692 1512
2974 27 7
2975 940 840
2976 189 49
2977 243 63
2978 54 14
2979 189 49
2980 27 7
2981 81 21
2982 216 56
2983 216 56
2984 108 28
2985 564 504
2986 1880 1680
2987 1316 1176
2988 1316 1176
2989 1316 1176
2990 376 336
2991 216 56
2992 162 42
2993 1692 1512
2994 54 14
2995 243 63
2996 243 63
2997 270 70
2998 81 21
2999 108 28
3000 108 28
3001 108 28
3002 135 35
3003 243 63
3004 81 21
3005 108 28
3006 752 672
3007 940 840
3008 270 70
3009 1504 1344
3010 135 35
3011 752 672
3012 376 336
3013 54 14
3014 27 7
3015 162 42
3016 243 63
3017 1880 1680
3018 189 49
3019 189 49
3020 81 21
3021 376 336
3022 162 42
3023 1692 1512
3024 189 49
3025 27 7
3026 1880 1680
3027 1128 1008
3028 564 504
3029 54 14
3030 108 28
3031 27 7
3032 376 336
3033 940 840
3034 940 840
3035 27 7
3036 1692 1512
3037 162 42
3038 216 56
3039 752 672
3040 752 672
3041 243 63
3042 376 336
3043 188 168
3044 1128 1008
3045 216 56
3046 376 336
3047 81 21
3048 108 28
3049 376 336
3050 27 7
3051 216 56
3052 54 14
3053 376 336
3054 189 49
3055 1504 1344
3056 243 63
3057 1504 1344
3058 1880 1680
3059 188 168
3060 940 840
3061 376 336
3062 27 7
3063 376 336
3064 54 14
3065 1880 1680
3066 940 840
3067 1880 1680
3068 189 49
3069 81 21
3070 1128 1008
3071 1316 1176
3072 108 28
3073 376 336
3074 243 63
3075 1504 1344
3076 189 49
3077 108 28
3078 27 7
3079 1128 1008
3080 270 70
3081 1504 1344
3082 1128 1008
3083 1128 1008
3084 135 35
3085 135 35
3086 752 672
3087 376 336
3088 376 336
3089 189 49
3090 940 840
3091 270 70
3092 1316 1176
3093 216 56
3094 1128 1008
3095 1504 1344
3096 189 49
3097 108 28
3098 270 70
3099 27 7
3100 1316 1176
3101 376 336
3102 564 504
3103 376 336
3104 216 56
3105 162 42
3106 27 7
3107 27 7
3108 162 42
3109 1880 1680
3110 752 672
3111 108 28
3112 54 14
3113 1316 1176
3114 189 49
3115 27 7
3116 243 63
3117 216 56
3118 188 168
3119 1880 1680
3120 189 49
3121 1316 1176
3122 1316 1176
3123 1316 1176
3124 1692 1512
3125 940 840
3126 135 35
3127 189 49
3128 376 336
3129 27 7
3130 1128 1008
3131 1504 1344
3132 243 63
3133 564 504
3134 189 49
3135 216 56
3136 243 63
3137 188 168
3138 1880 1680
3139 243 63
3140 1128 1008
3141 270 70
3142 1692 1512
3143 564 504
3144 1316 1176
3145 1128 1008
3146 1692 1512
3147 189 49
3148 189 49
3149 940 840
3150 135 35
3151 752 672
3152 243 63
3153 81 21
3154 1880 1680
3155 108 28
3156 1316 1176
3157 752 672
3158 27 7
3159 940 840
3160 1128 1008
3161 1880 1680
3162 135 35
3163 564 504
3164 243 63
3165 940 840
3166 940 840
3167 1316 1176
3168 270 70
3169 81 21
3170 1504 1344
3171 108 28
3172 270 70
3173 752 672
3174 162 42
3175 564 504
3176 189 49
3177 1880 1680
3178 752 672
3179 940 840
3180 940 840
3181 243 63
3182 108 28
3183 1504 1344
3184 752 672
3185 189 49
3186 1128 1008
3187 27 7
3188 564 504
3189 1316 1176
3190 54 14
3191 189 49
3192 376 336
3193 1128 1008
3194 108 28
3195 940 840
3196 1880 1680
3197 1504 1344
3198 270 70
3199 1692 1512
3200 54 14
3201 81 21
3202 27 7
3203 940 840
3204 1692 1512
3205 1316 1176
3206 752 672
3207 940 840
3208 1692 1512
3209 1316 1176
3210 1316 1176
3211 243 63
3212 54 14
3213 376 336
3214 243 63
3215 940 840
3216 752 672
3217 376 336
3218 188 168
3219 216 56
3220 135 35
3221 27 7
3222 1880 1680
3223 940 840
3224 564 504
3225 1128 1008
3226 81 21
3227 188 168
3228 1504 1344
3229 1316 1176
3230 27 7
3231 135 35
3232 108 28
3233 1880 1680
3234 270 70
3235 940 840
3236 135 35
3237 27 7
3238 108 28
3239 108 28
3240 162 42
3241 108 28
3242 1692 1512
3243 162 42
3244 1880 1680
3245 564 504
3246 243 63
3247 189 49
3248 1880 1680
3249 376 336
3250 752 672
3251 1128 1008
3252 1880 1680
3253 376 336
3254 1504 1344
3255 940 840
3256 81 21
3257 1692 1512
3258 54 14
3259 135 35
3260 188 168
3261 188 168
3262 1504 1344
3263 752 672
3264 940 840
3265 564 504
3266 940 840
3267 1504 1344
3268 81 21
3269 1692 1512
3270 135 35
3271 54 14
3272 1128 1008
3273 135 35
3274 940 840
3275 940 840
3276 189 49
3277 270 70
3278 270 70
3279 216 56
3280 54 14
3281 54 14
3282 1504 1344
3283 189 49
3284 216 56
3285 27 7
3286 81 21
3287 270 70
3288 564 504
3289 1128 1008
3290 270 70
3291 752 672
3292 189 49
3293 376 336
3294 108 28
3295 1504 1344
3296 270 70
3297 81 21
3298 376 336
3299 81 21
3300 564 504
3301 189 49
3302 243 63
3303 564 504
3304 108 28
3305 188 168
3306 188 168
3307 54 14
3308 135 35
3309 564 504
3310 376 336
3311 1316 1176
3312 564 504
3313 54 14
3314 1316 1176
3315 1504 1344
3316 243 63
3317 162 42
3318 1880 1680
3319 135 35
3320 162 42
3321 1128 1008
3322 27 7
3323 940 840
3324 270 70
3325 54 14
3326 162 42
3327 81 21
3328 189 49
3329 27 7
3330 1880 1680
3331 243 63
3332 940 840
3333 752 672
3334 1316 1176
3335 1692 1512
3336 1316 1176
3337 1880 1680
3338 564 504
3339 54 14
3340 376 336
3341 1504 1344
3342 188 168
3343 27 7
3344 162 42
3345 1692 1512
3346 189 49
3347 1128 1008
3348 188 168
3349 1504 1344
3350 270 70
3351 162 42
3352 108 28
3353 1128 1008
3354 27 7
3355 108 28
3356 376 336
3357 81 21
3358 54 14
3359 376 336
3360 27 7
3361 270 70
3362 27 7
3363 216 56
3364 1880 1680
3365 376 336
3366 216 56
3367 940 840
3368 1128 1008
3369 189 49
3370 1316 1176
3371 1692 1512
3372 564 504
3373 135 35
3374 188 168
3375 1128 1008
3376 564 504
3377 81 21
3378 162 42
3379 189 49
3380 1504 1344
3381 1692 1512
3382 189 49
3383 189 49
3384 1504 1344
3385 1692 1512
3386 189 49
3387 1692 1512
3388 54 14
3389 189 49
3390 564 504
3391 1692 1512
3392 243 63
3393 108 28
3394 270 70
3395 376 336
3396 216 56
3397 135 35
3398 135 35
3399 1504 1344
3400 1504 1344
3401 564 504
3402 1504 1344
3403 216 56
3404 1880 1680
3405 1128 1008
3406 376 336
3407 1880 1680
3408 564 504
3409 752 672
3410 162 42
3411 1504 1344
3412 1316 1176
3413 27 7
3414 376 336
3415 189 49
3416 270 70
3417 188 168
3418 243 63
3419 27 7
3420 1128 1008
3421 1128 1008
3422 108 28
3423 1504 1344
3424 270 70
3425 27 7
3426 81 21
3427 376 336
3428 270 70
3429 188 168
3430 54 14
3431 1128 1008
3432 1504 1344
3433 27 7
3434 1880 1680
3435 270 70
3436 940 840
3437 1692 1512
3438 108 28
3439 162 42
3440 27 7
3441 27 7
3442 270 70
3443 1504 1344
3444 752 672
3445 270 70
3446 189 49
3447 1128 1008
3448 1316 1176
3449 108 28
3450 1692 1512
3451 81 21
3452 270 70
3453 1504 1344
3454 81 21
3455 1128 1008
3456 81 21
3457 54 14
3458 1880 1680
3459 188 168
3460 1692 1512
3461 54 14
3462 188 168
3463 135 35
3464 564 504
3465 1692 1512
3466 940 840
3467 27 7
3468 54 14
3469 1128 1008
3470 135 35
3471 135 35
3472 1504 1344
3473 564 504
3474 1880 1680
3475 243 63
3476 135 35
3477 162 42
3478 564 504
3479 752 672
3480 564 504
3481 135 35
3482 135 35
3483 189 49
3484 243 63
3485 752 672
3486 1316 1176
3487 1128 1008
3488 752 672
3489 270 70
3490 1692 1512
3491 243 63
3492 243 63
3493 1504 1344
3494 162 42
3495 216 56
3496 940 840
3497 243 63
3498 108 28
3499 135 35
3500 188 168
3501 189 49
3502 81 21
3503 564 504
3504 940 840
3505 27 7
3506 376 336
3507 1316 1176
3508 54 14
3509 135 35
3510 1692 1512
3511 162 42
3512 1880 1680
3513 1880 1680
3514 1504 1344
3515 54 14
3516 270 70
3517 81 21
3518 81 21
3519 162 42
3520 54 14
3521 376 336
3522 1128 1008
3523 752 672
3524 162 42
3525 243 63
3526 1880 1680
3527 1128 1008
3528 564 504
3529 1504 1344
3530 1316 1176
3531 1692 1512
3532 188 168
3533 376 336
3534 752 672
3535 1128 1008
3536 81 21
3537 108 28
3538 188 168
3539 940 840
3540 1316 1176
3541 564 504
3542 188 168
3543 189 49
3544 564 504
3545 243 63
3546 752 672
3547 27 7
3548 189 49
3549 188 168
3550 564 504
3551 108 28
3552 54 14
3553 752 672
3554 376 336
3555 27 7
3556 1692 1512
3557 81 21
3558 564 504
3559 189 49
3560 752 672
3561 243 63
3562 162 42
3563 162 42
3564 752 672
3565 376 336
3566 162 42
3567 1692 1512
3568 1504 1344
3569 1692 1512
3570 189 49
3571 1880 1680
3572 189 49
3573 270 70
3574 270 70
3575 135 35
3576 216 56
3577 1504 1344
3578 1316 1176
3579 108 28
3580 243 63
3581 188 168
3582 376 336
3583 188 168
3584 564 504
3585 189 49
3586 1692 1512
3587 81 21
3588 1504 1344
3589 1880 1680
3590 189 49
3591 940 840
3592 189 49
3593 243 63
3594 243 63
3595 376 336
3596 216 56
3597 27 7
3598 189 49
3599 270 70
3600 243 63
3601 1316 1176
3602 54 14
3603 1128 1008
3604 54 14
3605 216 56
3606 564 504
3607 108 28
3608 27 7
3609 216 56
3610 1128 1008
3611 27 7
3612 1128 1008
3613 1128 1008
3614 1692 1512
3615 1128 1008
3616 376 336
3617 162 42
3618 752 672
3619 81 21
3620 1692 1512
3621 108 28
3622 1692 1512
3623 54 14
3624 189 49
3625 1692 1512
3626 564 504
3627 752 672
3628 243 63
3629 1128 1008
3630 54 14
3631 135 35
3632 27 7
3633 189 49
3634 27 7
3635 243 63
3636 376 336
3637 27 7
3638 940 840
3639 135 35
3640 1316 1176
3641 1316 1176
3642 27 7
3643 135 35
3644 1504 1344
3645 162 42
3646 189 49
3647 81 21
3648 1692 1512
3649 752 672
3650 1692 1512
3651 189 49
3652 1504 1344
3653 27 7
3654 54 14
3655 189 49
3656 108 28
3657 1316 1176
3658 564 504
3659 1128 1008
3660 564 504
3661 188 168
3662 1316 1176
3663 135 35
3664 135 35
3665 216 56
3666 1128 1008
3667 1504 1344
3668 1692 1512
3669 243 63
3670 1128 1008
3671 564 504
3672 189 49
3673 135 35
3674 162 42
3675 135 35
3676 1880 1680
3677 108 28
3678 108 28
3679 108 28
3680 135 35
3681 1316 1176
3682 376 336
3683 564 504
3684 564 504
3685 27 7
3686 108 28
3687 1316 1176
3688 1692 1512
3689 243 63
3690 376 336
3691 1692 1512
3692 270 70
3693 243 63
3694 270 70
3695 1128 1008
3696 54 14
3697 54 14
3698 1316 1176
3699 162 42
3700 1316 1176
3701 940 840
3702 27 7
3703 376 336
3704 135 35
3705 1692 1512
3706 1880 1680
3707 189 49
3708 1504 1344
3709 216 56
3710 108 28
3711 188 168
3712 564 504
3713 135 35
3714 1128 1008
3715 162 42
3716 162 42
3717 81 21
3718 1504 1344
3719 1504 1344
3720 1692 1512
3721 270 70
3722 1880 1680
3723 162 42
3724 189 49
3725 1504 1344
3726 216 56
3727 54 14
3728 216 56
3729 243 63
3730 135 35
3731 81 21
3732 1316 1176
3733 135 35
3734 188 168
3735 270 70
3736 243 63
3737 270 70
3738 940 840
3739 270 70
3740 188 168
3741 752 672
3742 564 504
3743 243 63
3744 216 56
3745 564 504
3746 564 504
3747 940 840
3748 1692 1512
3749 940 840
3750 1316 1176
3751 1880 1680
3752 1316 1176
3753 162 42
3754 216 56
3755 940 840
3756 1504 1344
3757 162 42
3758 108 28
3759 564 504
3760 752 672
3761 1504 1344
3762 54 14
3763 162 42
3764 1316 1176
3765 54 14
3766 162 42
3767 1316 1176
3768 27 7
3769 81 21
3770 27 7
3771 188 168
3772 54 14
3773 376 336
3774 270 70
3775 216 56
3776 564 504
3777 270 70
3778 1692 1512
3779 564 504
3780 189 49
3781 216 56
3782 1880 1680
3783 1504 1344
3784 162 42
3785 270 70
3786 81 21
3787 216 56
3788 1316 1176
3789 1316 1176
3790 1316 1176
3791 243 63
3792 135 35
3793 135 35
3794 1128 1008
3795 108 28
3796 189 49
3797 1880 1680
3798 1316 1176
3799 216 56
3800 54 14
3801 188 168
3802 243 63
3803 1504 1344
3804 1128 1008
3805 1316 1176
3806 243 63
3807 27 7
3808 1504 1344
3809 564 504
3810 1128 1008
3811 1128 1008
3812 1504 1344
3813 135 35
3814 108 28
3815 1504 1344
3816 162 42
3817 162 42
3818 1316 1176
3819 108 28
3820 135 35
3821 1504 1344
3822 940 840
3823 1504 1344
3824 1504 1344
3825 135 35
3826 216 56
3827 564 504
3828 1316 1176
3829 108 28
3830 940 840
3831 1128 1008
3832 564 504
3833 1692 1512
3834 940 840
3835 189 49
3836 54 14
3837 188 168
3838 216 56
3839 1692 1512
3840 1504 1344
3841 188 168
3842 1316 1176
3843 1128 1008
3844 270 70
3845 270 70
3846 1316 1176
3847 1128 1008
3848 752 672
3849 81 21
3850 1128 1008
3851 54 14
3852 564 504
3853 376 336
3854 1880 1680
3855 188 168
3856 1880 1680
3857 1504 1344
3858 108 28
3859 162 42
3860 189 49
3861 1504 1344
3862 108 28
3863 1316 1176
3864 162 42
3865 216 56
3866 940 840
3867 1316 1176
3868 1880 1680
3869 243 63
3870 1880 1680
3871 940 840
3872 564 504
3873 54 14
3874 1128 1008
3875 189 49
3876 216 56
3877 376 336
3878 1880 1680
3879 940 840
3880 243 63
3881 243 63
3882 27 7
3883 376 336
3884 940 840
3885 940 840
3886 1880 1680
3887 1880 1680
3888 376 336
3889 81 21
3890 1880 1680
3891 1692 1512
3892 188 168
3893 108 28
3894 189 49
3895 81 21
3896 135 35
3897 189 49
3898 108 28
3899 1316 1176
3900 188 168
3901 189 49
3902 270 70
3903 108 28
3904 188 168
3905 216 56
3906 564 504
3907 1880 1680
3908 81 21
3909 54 14
3910 1316 1176
3911 752 672
3912 216 56
3913 940 840
3914 108 28
3915 940 840
3916 216 56
3917 1316 1176
3918 162 42
3919 243 63
3920 376 336
3921 1504 1344
3922 135 35
3923 1880 1680
3924 940 840
3925 270 70
3926 564 504
3927 216 56
3928 564 504
3929 27 7
3930 162 42
3931 243 63
3932 135 35
3933 188 168
3934 27 7
3935 81 21
3936 216 56
3937 1128 1008
3938 243 63
3939 162 42
3940 27 7
3941 1504 1344
3942 243 63
3943 940 840
3944 752 672
3945 752 672
3946 189 49
3947 1128 1008
3948 54 14
3949 564 504
3950 162 42
3951 108 28
3952 1316 1176
3953 1880 1680
3954 135 35
3955 940 840
3956 54 14
3957 81 21
3958 216 56
3959 81 21
3960 1504 1344
3961 54 14
3962 1692 1512
3963 1692 1512
3964 216 56
3965 108 28
3966 162 42
3967 752 672
3968 1504 1344
3969 1316 1176
3970 162 42
3971 54 14
3972 243 63
3973 1128 1008
3974 564 504
3975 108 28
3976 752 672
3977 188 168
3978 54 14
3979 243 63
3980 189 49
3981 108 28
3982 81 21
3983 162 42
3984 162 42
3985 1128 1008
3986 1880 1680
3987 162 42
3988 54 14
3989 216 56
3990 188 168
3991 81 21
3992 564 504
3993 243 63
3994 1880 1680
3995 1504 1344
3996 54 14
3997 376 336
3998 1692 1512
3999 188 168
4000 54 14
4001 162 42
4002 162 42
4003 243 63
4004 940 840
4005 752 672
4006 940 840
4007 1880 1680
4008 940 840
4009 27 7
4010 1692 1512
4011 270 70
4012 108 28
4013 376 336
4014 1692 1512
4015 1504 1344
4016 752 672
4017 564 504
4018 108 28
4019 27 7
4020 940 840
4021 1316 1176
4022 135 35
4023 162 42
4024 243 63
4025 270 70
4026 216 56
4027 188 168
4028 376 336
4029 1880 1680
4030 54 14
4031 189 49
4032 270 70
4033 189 49
4034 162 42
4035 940 840
4036 108 28
4037 752 672
4038 54 14
4039 1316 1176
4040 189 49
4041 1692 1512
4042 940 840
4043 108 28
4044 243 63
4045 81 21
4046 189 49
4047 376 336
4048 108 28
4049 54 14
4050 752 672
4051 564 504
4052 1128 1008
4053 54 14
4054 135 35
4055 1504 1344
4056 108 28
4057 216 56
4058 1880 1680
4059 1128 1008
4060 1504 1344
4061 216 56
4062 54 14
4063 940 840
4064 81 21
4065 243 63
4066 1128 1008
4067 752 672
4068 1880 1680
4069 162 42
4070 189 49
4071 1504 1344
4072 54 14
4073 108 28
4074 216 56
4075 752 672
4076 1692 1512
4077 940 840
4078 108 28
4079 27 7
4080 1880 1680
4081 1128 1008
4082 108 28
4083 940 840
4084 81 21
4085 108 28
4086 270 70
4087 752 672
4088 1316 1176
4089 1692 1512
4090 189 49
4091 216 56
4092 243 63
4093 162 42
4094 188 168
4095 81 21
4096 270 70
4097 216 56
4098 752 672
4099 270 70
4100 54 14
4101 216 56
4102 243 63
4103 270 70
4104 108 28
4105 189 49
4106 1504 1344
4107 376 336
4108 81 21
4109 27 7
4110 270 70
4111 135 35
4112 1316 1176
4113 162 42
4114 376 336
4115 1316 1176
4116 135 35
4117 216 56
4118 1504 1344
4119 27 7
4120 27 7
4121 1128 1008
4122 108 28
4123 376 336
4124 1504 1344
4125 27 7
4126 189 49
4127 1316 1176
4128 135 35
4129 135 35
4130 243 63
4131 162 42
4132 188 168
4133 1128 1008
4134 162 42
4135 1128 1008
4136 1128 1008
4137 1692 1512
4138 270 70
4139 940 840
4140 188 168
4141 81 21
4142 376 336
4143 1504 1344
4144 1880 1680
4145 1128 1008
4146 189 49
4147 1316 1176
4148 752 672
4149 216 56
4150 243 63
4151 189 49
4152 81 21
4153 27 7
4154 752 672
4155 54 14
4156 162 42
4157 81 21
4158 1128 1008
4159 1316 1176
4160 1316 1176
4161 216 56
4162 81 21
4163 27 7
4164 1692 1512
4165 108 28
4166 188 168
4167 1692 1512
4168 1504 1344
4169 27 7
4170 189 49
4171 108 28
4172 135 35
4173 54 14
4174 27 7
4175 81 21
4176 162 42
4177 54 14
4178 1316 1176
4179 1128 1008
4180 376 336
4181 188 168
4182 270 70
4183 752 672
4184 1504 1344
4185 162 42
4186 54 14
4187 243 63
4188 376 336
4189 940 840
4190 188 168
4191 1880 1680
4192 270 70
4193 108 28
4194 1880 1680
4195 54 14
4196 1128 1008
4197 27 7
4198 188 168
4199 1128 1008
4200 243 63
4201 216 56
4202 27 7
4203 243 63
4204 54 14
4205 270 70
4206 54 14
4207 1880 1680
4208 216 56
4209 188 168
4210 270 70
4211 27 7
4212 81 21
4213 216 56
4214 270 70
4215 189 49
4216 243 63
4217 752 672
4218 752 672
4219 243 63
4220 108 28
4221 1316 1176
4222 135 35
4223 81 21
4224 1504 1344
4225 1504 1344
4226 1128 1008
4227 162 42
4228 1692 1512
4229 1128 1008
4230 54 14
4231 376 336
4232 1880 1680
4233 564 504
4234 81 21
4235 216 56
4236 216 56
4237 162 42
4238 81 21
4239 376 336
4240 752 672
4241 1692 1512
4242 564 504
4243 1692 1512
4244 162 42
4245 189 49
4246 752 672
4247 108 28
4248 135 35
4249 135 35
4250 54 14
4251 1128 1008
4252 940 840
4253 1128 1008
4254 1692 1512
4255 216 56
4256 1504 1344
4257 188 168
4258 54 14
4259 376 336
4260 940 840
4261 135 35
4262 1316 1176
4263 1504 1344
4264 376 336
4265 135 35
4266 1880 1680
4267 1880 1680
4268 189 49
4269 1880 1680
4270 1692 1512
4271 270 70
4272 81 21
4273 108 28
4274 216 56
4275 1128 1008
4276 135 35
4277 189 49
4278 216 56
4279 1316 1176
4280 1504 1344
4281 564 504
4282 1504 1344
4283 1504 1344
4284 940 840
4285 54 14
4286 940 840
4287 243 63
4288 1692 1512
4289 270 70
4290 162 42
4291 189 49
4292 54 14
4293 243 63
4294 27 7
4295 27 7
4296 108 28
4297 270 70
4298 27 7
4299 1128 1008
4300 81 21
4301 376 336
4302 135 35
4303 54 14
4304 189 49
4305 135 35
4306 188 168
4307 376 336
4308 27 7
4309 376 336
4310 940 840
4311 940 840
4312 940 840
4313 243 63
4314 1128 1008
4315 27 7
4316 1880 1680
4317 243 63
4318 752 672
4319 1316 1176
4320 940 840
4321 54 14
4322 1880 1680
4323 108 28
4324 1316 1176
4325 108 28
4326 1880 1680
4327 81 21
4328 940 840
4329 1316 1176
4330 1880 1680
4331 1504 1344
4332 1128 1008
4333 1128 1008
4334 27 7
4335 270 70
4336 162 42
4337 376 336
4338 81 21
4339 1880 1680
4340 216 56
4341 188 168
4342 376 336
4343 27 7
4344 188 168
4345 376 336
4346 940 840
4347 1316 1176
4348 81 21
4349 81 21
4350 243 63
4351 1316 1176
4352 940 840
4353 752 672
4354 1316 1176
4355 189 49
4356 135 35
4357 1504 1344
4358 564 504
4359 27 7
4360 940 840
4361 1316 1176
4362 135 35
4363 108 28
4364 1504 1344
4365 54 14
4366 376 336
4367 270 70
4368 216 56
4369 216 56
4370 752 672
4371 188 168
4372 1128 1008
4373 752 672
4374 27 7
4375 243 63
4376 270 70
4377 54 14
4378 188 168
4379 27 7
4380 1504 1344
4381 1504 1344
4382 1504 1344
4383 1316 1176
4384 54 14
4385 27 7
4386 81 21
4387 135 35
4388 1880 1680
4389 81 21
4390 188 168
4391 108 28
4392 27 7
4393 188 168
4394 1128 1008
4395 81 21
4396 270 70
4397 216 56
4398 189 49
4399 135 35
4400 189 49
4401 376 336
4402 216 56
4403 27 7
4404 108 28
4405 54 14
4406 1692 1512
4407 135 35
4408 189 49
4409 1316 1176
4410 1880 1680
4411 1128 1008
4412 108 28
4413 270 70
4414 1504 1344
4415 243 63
4416 1316 1176
4417 752 672
4418 752 672
4419 1692 1512
4420 81 21
4421 1504 1344
4422 108 28
4423 135 35
4424 54 14
4425 27 7
4426 162 42
4427 270 70
4428 1128 1008
4429 270 70
4430 752 672
4431 162 42
4432 1504 1344
4433 27 7
4434 940 840
4435 243 63
4436 1128 1008
4437 940 840
4438 189 49
4439 752 672
4440 162 42
4441 1128 1008
4442 243 63
4443 270 70
4444 1128 1008
4445 243 63
4446 1880 1680
4447 564 504
4448 189 49
4449 27 7
4450 81 21
4451 135 35
4452 162 42
4453 188 168
4454 564 504
4455 27 7
4456 270 70
4457 108 28
4458 243 63
4459 940 840
4460 1128 1008
4461 752 672
4462 54 14
4463 27 7
4464 135 35
4465 1316 1176
4466 376 336
4467 188 168
4468 216 56
4469 1692 1512
4470 270 70
4471 1128 1008
4472 564 504
4473 27 7
4474 1880 1680
4475 135 35
4476 752 672
4477 81 21
4478 108 28
4479 54 14
4480 135 35
4481 1504 1344
4482 216 56
4483 564 504
4484 108 28
4485 135 35
4486 189 49
4487 243 63
4488 752 672
4489 162 42
4490 243 63
4491 27 7
4492 270 70
4493 108 28
4494 108 28
4495 752 672
4496 188 168
4497 270 70
4498 216 56
4499 1504 1344
4500 1880 1680
4501 54 14
4502 54 14
4503 189 49
4504 564 504
4505 216 56
4506 162 42
4507 27 7
4508 270 70
4509 108 28
4510 564 504
4511 940 840
4512 189 49
4513 108 28
4514 940 840
4515 108 28
4516 189 49
4517 216 56
4518 752 672
4519 1504 1344
4520 1504 1344
4521 270 70
4522 27 7
4523 27 7
4524 270 70
4525 162 42
4526 752 672
4527 243 63
4528 27 7
4529 27 7
4530 1504 1344
4531 940 840
4532 1880 1680
4533 1504 1344
4534 940 840
4535 216 56
4536 27 7
4537 376 336
4538 27 7
4539 376 336
4540 81 21
4541 564 504
4542 1504 1344
4543 1128 1008
4544 108 28
4545 135 35
4546 81 21
4547 27 7
4548 243 63
4549 1504 1344
4550 940 840
4551 189 49
4552 940 840
4553 564 504
4554 564 504
4555 188 168
4556 940 840
4557 216 56
4558 940 840
4559 188 168
4560 81 21
4561 243 63
4562 376 336
4563 54 14
4564 752 672
4565 188 168
4566 1880 1680
4567 1504 1344
4568 188 168
4569 940 840
4570 81 21
4571 1128 1008
4572 243 63
4573 81 21
4574 189 49
4575 27 7
4576 81 21
4577 27 7
4578 752 672
4579 188 168
4580 243 63
4581 376 336
4582 243 63
4583 1692 1512
4584 135 35
4585 376 336
4586 243 63
4587 1880 1680
4588 243 63
4589 940 840
4590 1880 1680
4591 135 35
4592 108 28
4593 135 35
4594 243 63
4595 940 840
4596 1504 1344
4597 940 840
4598 189 49
4599 1316 1176
4600 188 168
4601 1128 1008
4602 27 7
4603 1504 1344
4604 216 56
4605 216 56
4606 1316 1176
4607 27 7
4608 940 840
4609 162 42
4610 270 70
4611 1128 1008
4612 564 504
4613 108 28
4614 27 7
4615 216 56
4616 162 42
4617 1880 1680
4618 940 840
4619 1504 1344
4620 216 56
4621 564 504
4622 189 49
4623 940 840
4624 243 63
4625 1504 1344
4626 376 336
4627 81 21
4628 564 504
4629 270 70
4630 752 672
4631 1316 1176
4632 27 7
4633 188 168
4634 564 504
4635 216 56
4636 108 28
4637 27 7
4638 27 7
4639 376 336
4640 189 49
4641 27 7
4642 564 504
4643 216 56
4644 243 63
4645 1692 1512
4646 27 7
4647 940 840
4648 940 840
4649 135 35
4650 1504 1344
4651 27 7
4652 1128 1008
4653 1692 1512
4654 1692 1512
4655 81 21
4656 940 840
4657 108 28
4658 188 168
4659 81 21
4660 189 49
4661 1880 1680
4662 1692 1512
4663 27 7
4664 752 672
4665 752 672
4666 1692 1512
4667 27 7
4668 135 35
4669 81 21
4670 189 49
4671 376 336
4672 564 504
4673 216 56
4674 752 672
4675 1504 1344
4676 940 840
4677 1692 1512
4678 162 42
4679 162 42
4680 108 28
4681 270 70
4682 135 35
4683 1692 1512
4684 940 840
4685 81 21
4686 1316 1176
4687 270 70
4688 135 35
4689 188 168
4690 108 28
4691 189 49
4692 376 336
4693 270 70
4694 940 840
4695 108 28
4696 135 35
4697 1128 1008
4698 81 21
4699 54 14
4700 243 63
4701 752 672
4702 1504 1344
4703 1880 1680
4704 216 56
4705 1692 1512
4706 108 28
4707 1880 1680
4708 940 840
4709 270 70
4710 940 840
4711 243 63
4712 189 49
4713 1316 1176
4714 189 49
4715 376 336
4716 1316 1176
4717 162 42
4718 1880 1680
4719 27 7
4720 1504 1344
4721 1128 1008
4722 243 63
4723 270 70
4724 243 63
4725 162 42
4726 81 21
4727 1504 1344
4728 270 70
4729 940 840
4730 1692 1512
4731 1692 1512
4732 54 14
4733 243 63
4734 81 21
4735 243 63
4736 27 7
4737 188 168
4738 1504 1344
4739 188 168
4740 189 49
4741 270 70
4742 270 70
4743 1692 1512
4744 1692 1512
4745 189 49
4746 1128 1008
4747 162 42
4748 189 49
4749 162 42
4750 54 14
4751 1128 1008
4752 135 35
4753 54 14
4754 1128 1008
4755 376 336
4756 1316 1176
4757 27 7
4758 216 56
4759 564 504
4760 135 35
4761 1692 1512
4762 54 14
4763 188 168
4764 1692 1512
4765 216 56
4766 27 7
4767 243 63
4768 243 63
4769 1316 1176
4770 1504 1344
4771 752 672
4772 270 70
4773 216 56
4774 54 14
4775 189 49
4776 81 21
4777 940 840
4778 189 49
4779 216 56
4780 135 35
4781 162 42
4782 81 21
4783 188 168
4784 270 70
4785 376 336
4786 1128 1008
4787 162 42
4788 162 42
4789 1692 1512
4790 1128 1008
4791 1316 1176
4792 162 42
4793 135 35
4794 27 7
4795 564 504
4796 1128 1008
4797 27 7
4798 27 7
4799 1880 1680
4800 1692 1512
4801 1128 1008
4802 108 28
4803 135 35
4804 54 14
4805 216 56
4806 1128 1008
4807 564 504
4808 564 504
4809 216 56
4810 1692 1512
4811 243 63
4812 1692 1512
4813 243 63
4814 243 63
4815 54 14
4816 216 56
4817 752 672
4818 108 28
4819 188 168
4820 27 7
4821 27 7
4822 54 14
4823 188 168
4824 376 336
4825 162 42
4826 1692 1512
4827 243 63
4828 135 35
4829 1504 1344
4830 27 7
4831 940 840
4832 752 672
4833 188 168
4834 1880 1680
4835 1316 1176
4836 54 14
4837 564 504
4838 1504 1344
4839 81 21
4840 27 7
4841 752 672
4842 1504 1344
4843 270 70
4844 376 336
4845 1316 1176
4846 27 7
4847 216 56
4848 54 14
4849 1316 1176
4850 270 70
4851 940 840
4852 216 56
4853 1316 1176
4854 189 49
4855 1128 1008
4856 752 672
4857 188 168
4858 1692 1512
4859 1316 1176
4860 1316 1176
4861 940 840
4862 27 7
4863 243 63
4864 27 7
4865 27 7
4866 27 7
4867 752 672
4868 1316 1176
4869 216 56
4870 940 840
4871 54 14
4872 752 672
4873 108 28
4874 216 56
4875 81 21
4876 564 504
4877 216 56
4878 940 840
4879 270 70
4880 188 168
4881 1316 1176
4882 135 35
4883 376 336
4884 27 7
4885 1504 1344
4886 243 63
4887 216 56
4888 216 56
4889 189 49
4890 270 70
4891 108 28
4892 108 28
4893 752 672
4894 1880 1680
4895 1880 1680
4896 1880 1680
4897 81 21
4898 752 672
4899 81 21
4900 1504 1344
4901 940 840
4902 108 28
4903 1504 1344
4904 216 56
4905 940 840
4906 162 42
4907 270 70
4908 54 14
4909 376 336
4910 27 7
4911 376 336
4912 216 56
4913 54 14
4914 752 672
4915 188 168
4916 27 7
4917 1692 1512
4918 27 7
4919 189 49
4920 1128 1008
4921 216 56
4922 27 7
4923 940 840
4924 376 336
4925 189 49
4926 189 49
4927 752 672
4928 1316 1176
4929 162 42
4930 108 28
4931 27 7
4932 135 35
4933 940 840
4934 940 840
4935 940 840
4936 752 672
4937 270 70
4938 108 28
4939 940 840
4940 162 42
4941 243 63
4942 1128 1008
4943 216 56
4944 1316 1176
4945 135 35
4946 376 336
4947 81 21
4948 1880 1680
4949 108 28
4950 1128 1008
4951 1692 1512
4952 1316 1176
4953 1504 1344
4954 1692 1512
4955 216 56
4956 243 63
4957 376 336
4958 1316 1176
4959 162 42
4960 752 672
4961 243 63
4962 1316 1176
4963 1880 1680
4964 1504 1344
4965 135 35
4966 188 168
4967 162 42
4968 243 63
4969 81 21
4970 54 14
4971 81 21
4972 188 168
4973 940 840
4974 940 840
4975 188 168
4976 189 49
4977 1880 1680
4978 188 168
4979 1504 1344
4980 752 672
4981 188 168
4982 27 7
4983 564 504
4984 135 35
4985 108 28
4986 270 70
4987 243 63
4988 1692 1512
4989 564 504
4990 27 7
4991 216 56
4992 1128 1008
4993 162 42
4994 1692 1512
4995 752 672
4996 940 840
4997 81 21
4998 27 7
4999 1504 1344
5000 1692 1512
