5000 1294471 13_5000_1000_2952
1 288 248
2 1152 992
3 720 620
4 864 744
5 237 177
6 395 295
7 790 590
8 553 413
9 711 531
10 576 496
11 432 372
12 790 590
13 711 531
14 553 413
15 79 59
16 158 118
17 288 248
18 1008 868
19 395 295
20 79 59
21 720 620
22 632 472
23 79 59
24 395 295
25 288 248
26 576 496
27 144 124
28 144 124
29 316 236
30 316 236
31 1440 1240
32 158 118
33 79 59
34 237 177
35 1152 992
36 576 496
37 553 413
38 576 496
39 1296 1116
40 1440 1240
41 1296 1116
42 576 496
43 1152 992
44 316 236
45 720 620
46 432 372
47 1152 992
48 711 531
49 144 124
50 1440 1240
51 79 59
52 576 496
53 1008 868
54 144 124
55 1296 1116
56 553 413
57 288 248
58 711 531
59 553 413
60 288 248
61 711 531
62 237 177
63 711 531
64 158 118
65 1296 1116
66 711 531
67 576 496
68 237 177
69 79 59
70 711 531
71 711 531
72 1152 992
73 316 236
74 288 248
75 79 59
76 1152 992
77 632 472
78 790 590
79 553 413
80 144 124
81 576 496
82 474 354
83 79 59
84 711 531
85 237 177
86 632 472
87 790 590
88 1152 992
89 632 472
90 1008 868
91 158 118
92 395 295
93 79 59
94 158 118
95 237 177
96 1152 992
97 1152 992
98 632 472
99 1440 1240
100 790 590
101 1152 992
102 720 620
103 1152 992
104 1296 1116
105 288 248
106 632 472
107 632 472
108 1008 868
109 316 236
110 395 295
111 1440 1240
112 432 372
113 158 118
114 432 372
115 144 124
116 158 118
117 1008 868
118 288 248
119 144 124
120 316 236
121 432 372
122 237 177
123 790 590
124 711 531
125 1296 1116
126 790 590
127 790 590
128 720 620
129 553 413
130 1296 1116
131 864 744
132 632 472
133 79 59
134 1152 992
135 711 531
136 288 248
137 576 496
138 144 124
139 79 59
140 79 59
141 158 118
142 158 118
143 79 59
144 237 177
145 474 354
146 395 295
147 395 295
148 576 496
149 1152 992
150 1296 1116
151 553 413
152 316 236
153 632 472
154 79 59
155 432 372
156 1440 1240
157 316 236
158 316 236
159 395 295
160 316 236
161 158 118
162 288 248
163 553 413
164 144 124
165 1440 1240
166 432 372
167 711 531
168 1440 1240
169 316 236
170 158 118
171 1296 1116
172 790 590
173 632 472
174 288 248
175 79 59
176 790 590
177 864 744
178 79 59
179 474 354
180 432 372
181 576 496
182 790 590
183 1296 1116
184 1152 992
185 790 590
186 711 531
187 1296 1116
188 474 354
189 576 496
190 864 744
191 711 531
192 316 236
193 1296 1116
194 79 59
195 432 372
196 864 744
197 864 744
198 395 295
199 576 496
200 1008 868
201 288 248
202 576 496
203 720 620
204 158 118
205 1152 992
206 864 744
207 144 124
208 720 620
209 1296 1116
210 720 620
211 632 472
212 432 372
213 864 744
214 158 118
215 576 496
216 632 472
217 576 496
218 790 590
219 158 118
220 553 413
221 553 413
222 1008 868
223 474 354
224 316 236
225 288 248
226 720 620
227 864 744
228 711 531
229 1296 1116
230 158 118
231 576 496
232 1440 1240
233 144 124
234 79 59
235 720 620
236 720 620
237 158 118
238 576 496
239 720 620
240 1008 868
241 79 59
242 79 59
243 158 118
244 474 354
245 158 118
246 316 236
247 144 124
248 720 620
249 1008 868
250 632 472
251 576 496
252 720 620
253 711 531
254 474 354
255 316 236
256 1152 992
257 395 295
258 720 620
259 1296 1116
260 864 744
261 553 413
262 720 620
263 711 531
264 720 620
265 720 620
266 1152 992
267 237 177
268 1008 868
269 1152 992
270 1008 868
271 1008 868
272 1008 868
273 553 413
274 288 248
275 237 177
276 790 590
277 553 413
278 237 177
279 432 372
280 790 590
281 632 472
282 395 295
283 316 236
284 1008 868
285 864 744
286 1296 1116
287 576 496
288 1008 868
289 711 531
290 474 354
291 1296 1116
292 237 177
293 1008 868
294 553 413
295 1152 992
296 474 354
297 553 413
298 158 118
299 158 118
300 288 248
301 632 472
302 632 472
303 864 744
304 1440 1240
305 79 59
306 711 531
307 720 620
308 1440 1240
309 1296 1116
310 1008 868
311 144 124
312 1008 868
313 1152 992
314 474 354
315 432 372
316 79 59
317 474 354
318 1296 1116
319 158 118
320 158 118
321 632 472
322 432 372
323 553 413
324 1008 868
325 237 177
326 316 236
327 474 354
328 1440 1240
329 632 472
330 144 124
331 79 59
332 144 124
333 158 118
334 237 177
335 553 413
336 158 118
337 158 118
338 1152 992
339 79 59
340 395 295
341 288 248
342 1008 868
343 1152 992
344 395 295
345 790 590
346 1296 1116
347 79 59
348 1008 868
349 711 531
350 79 59
351 432 372
352 790 590
353 632 472
354 432 372
355 553 413
356 1440 1240
357 632 472
358 720 620
359 144 124
360 474 354
361 79 59
362 1008 868
363 432 372
364 1440 1240
365 1152 992
366 553 413
367 790 590
368 1152 992
369 79 59
370 576 496
371 632 472
372 432 372
373 316 236
374 1152 992
375 576 496
376 720 620
377 79 59
378 316 236
379 790 590
380 720 620
381 720 620
382 553 413
383 79 59
384 576 496
385 158 118
386 395 295
387 553 413
388 288 248
389 790 590
390 720 620
391 1296 1116
392 864 744
393 553 413
394 1152 992
395 158 118
396 711 531
397 790 590
398 432 372
399 1296 1116
400 553 413
401 432 372
402 474 354
403 158 118
404 1008 868
405 1008 868
406 576 496
407 316 236
408 1440 1240
409 432 372
410 1296 1116
411 158 118
412 79 59
413 158 118
414 790 590
415 576 496
416 1440 1240
417 144 124
418 288 248
419 1152 992
420 1008 868
421 720 620
422 576 496
423 711 531
424 632 472
425 237 177
426 576 496
427 158 118
428 711 531
429 790 590
430 79 59
431 1008 868
432 1296 1116
433 237 177
434 1008 868
435 237 177
436 316 236
437 711 531
438 395 295
439 158 118
440 395 295
441 1008 868
442 144 124
443 144 124
444 316 236
445 288 248
446 711 531
447 553 413
448 720 620
449 474 354
450 553 413
451 720 620
452 1296 1116
453 711 531
454 79 59
455 632 472
456 1440 1240
457 790 590
458 790 590
459 288 248
460 790 590
461 864 744
462 288 248
463 158 118
464 1152 992
465 1152 992
466 553 413
467 576 496
468 632 472
469 158 118
470 1152 992
471 158 118
472 720 620
473 720 620
474 1440 1240
475 432 372
476 553 413
477 395 295
478 474 354
479 790 590
480 288 248
481 720 620
482 864 744
483 711 531
484 711 531
485 576 496
486 144 124
487 79 59
488 316 236
489 1008 868
490 1008 868
491 1296 1116
492 316 236
493 632 472
494 553 413
495 1152 992
496 1008 868
497 144 124
498 158 118
499 474 354
500 158 118
501 790 590
502 720 620
503 395 295
504 864 744
505 864 744
506 576 496
507 720 620
508 864 744
509 1440 1240
510 1152 992
511 864 744
512 474 354
513 432 372
514 711 531
515 790 590
516 237 177
517 720 620
518 395 295
519 79 59
520 316 236
521 144 124
522 237 177
523 1152 992
524 395 295
525 1296 1116
526 474 354
527 576 496
528 1152 992
529 237 177
530 864 744
531 432 372
532 720 620
533 432 372
534 864 744
535 474 354
536 553 413
537 316 236
538 474 354
539 316 236
540 576 496
541 79 59
542 576 496
543 864 744
544 576 496
545 711 531
546 790 590
547 1440 1240
548 288 248
549 790 590
550 553 413
551 237 177
552 1296 1116
553 144 124
554 237 177
555 553 413
556 432 372
557 237 177
558 632 472
559 237 177
560 158 118
561 79 59
562 1440 1240
563 1296 1116
564 432 372
565 395 295
566 79 59
567 395 295
568 1008 868
569 1440 1240
570 474 354
571 158 118
572 474 354
573 711 531
574 864 744
575 864 744
576 316 236
577 790 590
578 432 372
579 316 236
580 1008 868
581 474 354
582 864 744
583 144 124
584 237 177
585 158 118
586 1440 1240
587 288 248
588 790 590
589 553 413
590 288 248
591 144 124
592 1152 992
593 1440 1240
594 474 354
595 720 620
596 632 472
597 1296 1116
598 720 620
599 790 590
600 144 124
601 144 124
602 632 472
603 711 531
604 158 118
605 864 744
606 720 620
607 1440 1240
608 79 59
609 632 472
610 632 472
611 553 413
612 553 413
613 144 124
614 79 59
615 1152 992
616 395 295
617 432 372
618 144 124
619 1152 992
620 1440 1240
621 474 354
622 632 472
623 1152 992
624 237 177
625 237 177
626 790 590
627 288 248
628 864 744
629 144 124
630 1296 1116
631 864 744
632 158 118
633 576 496
634 553 413
635 576 496
636 395 295
637 711 531
638 790 590
639 576 496
640 576 496
641 711 531
642 432 372
643 237 177
644 395 295
645 144 124
646 1152 992
647 632 472
648 576 496
649 1296 1116
650 576 496
651 553 413
652 632 472
653 158 118
654 432 372
655 1296 1116
656 288 248
657 864 744
658 1008 868
659 316 236
660 395 295
661 864 744
662 288 248
663 237 177
664 474 354
665 720 620
666 1008 868
667 1152 992
668 1152 992
669 474 354
670 790 590
671 79 59
672 632 472
673 632 472
674 553 413
675 474 354
676 1008 868
677 288 248
678 288 248
679 237 177
680 395 295
681 316 236
682 1296 1116
683 790 590
684 474 354
685 864 744
686 158 118
687 864 744
688 432 372
689 790 590
690 1008 868
691 1152 992
692 474 354
693 576 496
694 158 118
695 144 124
696 316 236
697 632 472
698 1440 1240
699 1152 992
700 1008 868
701 237 177
702 316 236
703 316 236
704 474 354
705 553 413
706 632 472
707 432 372
708 576 496
709 432 372
710 1152 992
711 553 413
712 395 295
713 1008 868
714 158 118
715 316 236
716 1440 1240
717 553 413
718 316 236
719 288 248
720 1008 868
721 432 372
722 158 118
723 711 531
724 1008 868
725 474 354
726 576 496
727 711 531
728 432 372
729 316 236
730 395 295
731 158 118
732 158 118
733 1152 992
734 1440 1240
735 1008 868
736 474 354
737 632 472
738 288 248
739 79 59
740 632 472
741 316 236
742 158 118
743 79 59
744 144 124
745 474 354
746 632 472
747 1008 868
748 158 118
749 79 59
750 632 472
751 432 372
752 1296 1116
753 790 590
754 158 118
755 553 413
756 1440 1240
757 316 236
758 711 531
759 576 496
760 288 248
761 576 496
762 474 354
763 288 248
764 576 496
765 432 372
766 632 472
767 632 472
768 720 620
769 79 59
770 790 590
771 474 354
772 395 295
773 1440 1240
774 720 620
775 632 472
776 432 372
777 864 744
778 1008 868
779 790 590
780 864 744
781 790 590
782 864 744
783 711 531
784 395 295
785 237 177
786 158 118
787 711 531
788 144 124
789 237 177
790 711 531
791 632 472
792 158 118
793 864 744
794 1296 1116
795 79 59
796 576 496
797 1440 1240
798 553 413
799 1296 1116
800 720 620
801 158 118
802 1152 992
803 432 372
804 288 248
805 316 236
806 1152 992
807 576 496
808 1440 1240
809 432 372
810 432 372
811 237 177
812 237 177
813 288 248
814 1440 1240
815 1008 868
816 288 248
817 144 124
818 1008 868
819 553 413
820 864 744
821 632 472
822 720 620
823 237 177
824 1152 992
825 790 590
826 1296 1116
827 864 744
828 790 590
829 553 413
830 474 354
831 237 177
832 316 236
833 288 248
834 474 354
835 1296 1116
836 474 354
837 316 236
838 432 372
839 1440 1240
840 553 413
841 316 236
842 711 531
843 1008 868
844 395 295
845 1008 868
846 1296 1116
847 288 248
848 158 118
849 144 124
850 144 124
851 1008 868
852 790 590
853 553 413
854 316 236
855 790 590
856 1440 1240
857 720 620
858 474 354
859 553 413
860 711 531
861 1152 992
862 576 496
863 395 295
864 474 354
865 432 372
866 432 372
867 474 354
868 1296 1116
869 790 590
870 395 295
871 288 248
872 316 236
873 864 744
874 1008 868
875 632 472
876 1440 1240
877 432 372
878 790 590
879 790 590
880 576 496
881 632 472
882 288 248
883 237 177
884 1296 1116
885 288 248
886 432 372
887 711 531
888 1008 868
889 316 236
890 288 248
891 158 118
892 432 372
893 144 124
894 790 590
895 432 372
896 237 177
897 395 295
898 1296 1116
899 632 472
900 316 236
901 1152 992
902 1008 868
903 1152 992
904 1296 1116
905 288 248
906 711 531
907 553 413
908 474 354
909 158 118
910 576 496
911 144 124
912 1152 992
913 790 590
914 1440 1240
915 144 124
916 395 295
917 720 620
918 1440 1240
919 288 248
920 288 248
921 1152 992
922 632 472
923 1152 992
924 237 177
925 316 236
926 158 118
927 1008 868
928 632 472
929 432 372
930 474 354
931 316 236
932 237 177
933 158 118
934 1440 1240
935 720 620
936 711 531
937 720 620
938 474 354
939 720 620
940 79 59
941 1296 1116
942 474 354
943 576 496
944 576 496
945 432 372
946 79 59
947 144 124
948 864 744
949 864 744
950 1008 868
951 316 236
952 720 620
953 237 177
954 632 472
955 288 248
956 79 59
957 432 372
958 288 248
959 288 248
960 432 372
961 237 177
962 720 620
963 432 372
964 864 744
965 158 118
966 288 248
967 1008 868
968 474 354
969 316 236
970 576 496
971 632 472
972 864 744
973 432 372
974 790 590
975 711 531
976 144 124
977 576 496
978 79 59
979 576 496
980 632 472
981 432 372
982 790 590
983 632 472
984 158 118
985 864 744
986 1440 1240
987 1296 1116
988 1152 992
989 576 496
990 711 531
991 144 124
992 79 59
993 632 472
994 576 496
995 144 124
996 576 496
997 316 236
998 576 496
999 1008 868
1000 144 124
1001 632 472
1002 720 620
1003 553 413
1004 720 620
1005 158 118
1006 1296 1116
1007 632 472
1008 395 295
1009 864 744
1010 395 295
1011 79 59
1012 158 118
1013 474 354
1014 1152 992
1015 1152 992
1016 1440 1240
1017 432 372
1018 1152 992
1019 237 177
1020 720 620
1021 1440 1240
1022 288 248
1023 1152 992
1024 1008 868
1025 158 118
1026 553 413
1027 1008 868
1028 237 177
1029 474 354
1030 632 472
1031 395 295
1032 553 413
1033 474 354
1034 288 248
1035 288 248
1036 474 354
1037 1008 868
1038 395 295
1039 864 744
1040 553 413
1041 1008 868
1042 790 590
1043 288 248
1044 316 236
1045 1296 1116
1046 432 372
1047 1152 992
1048 711 531
1049 79 59
1050 576 496
1051 864 744
1052 1152 992
1053 711 531
1054 1440 1240
1055 1008 868
1056 711 531
1057 790 590
1058 144 124
1059 576 496
1060 711 531
1061 576 496
1062 553 413
1063 1296 1116
1064 474 354
1065 711 531
1066 1008 868
1067 237 177
1068 144 124
1069 432 372
1070 553 413
1071 1152 992
1072 79 59
1073 720 620
1074 474 354
1075 395 295
1076 158 118
1077 158 118
1078 720 620
1079 711 531
1080 790 590
1081 316 236
1082 720 620
1083 1008 868
1084 720 620
1085 632 472
1086 790 590
1087 720 620
1088 632 472
1089 474 354
1090 1440 1240
1091 632 472
1092 1152 992
1093 553 413
1094 158 118
1095 790 590
1096 720 620
1097 632 472
1098 158 118
1099 553 413
1100 1440 1240
1101 288 248
1102 864 744
1103 288 248
1104 1008 868
1105 79 59
1106 553 413
1107 144 124
1108 316 236
1109 632 472
1110 79 59
1111 432 372
1112 632 472
1113 1296 1116
1114 474 354
1115 79 59
1116 1296 1116
1117 711 531
1118 1440 1240
1119 632 472
1120 790 590
1121 1296 1116
1122 158 118
1123 1296 1116
1124 316 236
1125 632 472
1126 711 531
1127 79 59
1128 1008 868
1129 316 236
1130 1296 1116
1131 144 124
1132 790 590
1133 711 531
1134 864 744
1135 1440 1240
1136 1440 1240
1137 1440 1240
1138 553 413
1139 144 124
1140 316 236
1141 474 354
1142 288 248
1143 553 413
1144 144 124
1145 1296 1116
1146 1008 868
1147 158 118
1148 553 413
1149 144 124
1150 237 177
1151 576 496
1152 395 295
1153 1440 1240
1154 395 295
1155 1152 992
1156 864 744
1157 237 177
1158 1440 1240
1159 158 118
1160 1296 1116
1161 237 177
1162 79 59
1163 158 118
1164 711 531
1165 1152 992
1166 1440 1240
1167 711 531
1168 790 590
1169 711 531
1170 632 472
1171 1440 1240
1172 288 248
1173 1440 1240
1174 432 372
1175 288 248
1176 790 590
1177 432 372
1178 316 236
1179 553 413
1180 432 372
1181 632 472
1182 158 118
1183 158 118
1184 864 744
1185 1440 1240
1186 864 744
1187 576 496
1188 79 59
1189 711 531
1190 553 413
1191 1008 868
1192 158 118
1193 1440 1240
1194 632 472
1195 474 354
1196 864 744
1197 711 531
1198 720 620
1199 395 295
1200 864 744
1201 474 354
1202 553 413
1203 158 118
1204 79 59
1205 711 531
1206 1440 1240
1207 864 744
1208 395 295
1209 288 248
1210 720 620
1211 1296 1116
1212 158 118
1213 316 236
1214 1008 868
1215 1008 868
1216 632 472
1217 158 118
1218 720 620
1219 1008 868
1220 432 372
1221 1152 992
1222 316 236
1223 1008 868
1224 79 59
1225 1008 868
1226 474 354
1227 1008 868
1228 316 236
1229 632 472
1230 1152 992
1231 576 496
1232 864 744
1233 864 744
1234 79 59
1235 1008 868
1236 144 124
1237 553 413
1238 576 496
1239 237 177
1240 158 118
1241 720 620
1242 316 236
1243 79 59
1244 720 620
1245 144 124
1246 79 59
1247 711 531
1248 1008 868
1249 144 124
1250 864 744
1251 1152 992
1252 1008 868
1253 553 413
1254 1296 1116
1255 158 118
1256 553 413
1257 711 531
1258 316 236
1259 237 177
1260 632 472
1261 711 531
1262 553 413
1263 79 59
1264 395 295
1265 79 59
1266 158 118
1267 790 590
1268 316 236
1269 1296 1116
1270 790 590
1271 553 413
1272 576 496
1273 1296 1116
1274 1440 1240
1275 632 472
1276 576 496
1277 316 236
1278 553 413
1279 1152 992
1280 158 118
1281 288 248
1282 474 354
1283 790 590
1284 720 620
1285 316 236
1286 1152 992
1287 395 295
1288 1440 1240
1289 474 354
1290 790 590
1291 474 354
1292 1008 868
1293 316 236
1294 237 177
1295 720 620
1296 1152 992
1297 288 248
1298 316 236
1299 864 744
1300 553 413
1301 237 177
1302 316 236
1303 474 354
1304 864 744
1305 720 620
1306 395 295
1307 1296 1116
1308 158 118
1309 790 590
1310 711 531
1311 1296 1116
1312 316 236
1313 316 236
1314 553 413
1315 144 124
1316 1440 1240
1317 632 472
1318 144 124
1319 474 354
1320 144 124
1321 1008 868
1322 553 413
1323 632 472
1324 237 177
1325 711 531
1326 395 295
1327 158 118
1328 553 413
1329 1296 1116
1330 711 531
1331 720 620
1332 711 531
1333 790 590
1334 553 413
1335 553 413
1336 316 236
1337 1440 1240
1338 144 124
1339 79 59
1340 720 620
1341 79 59
1342 288 248
1343 1440 1240
1344 632 472
1345 1440 1240
1346 790 590
1347 1008 868
1348 474 354
1349 553 413
1350 474 354
1351 711 531
1352 395 295
1353 316 236
1354 553 413
1355 474 354
1356 432 372
1357 864 744
1358 553 413
1359 1440 1240
1360 237 177
1361 1008 868
1362 144 124
1363 288 248
1364 316 236
1365 316 236
1366 632 472
1367 79 59
1368 711 531
1369 474 354
1370 237 177
1371 79 59
1372 864 744
1373 720 620
1374 553 413
1375 1296 1116
1376 237 177
1377 711 531
1378 432 372
1379 144 124
1380 316 236
1381 144 124
1382 158 118
1383 711 531
1384 1296 1116
1385 1008 868
1386 288 248
1387 632 472
1388 711 531
1389 720 620
1390 1440 1240
1391 864 744
1392 237 177
1393 1008 868
1394 1296 1116
1395 553 413
1396 79 59
1397 720 620
1398 288 248
1399 864 744
1400 632 472
1401 237 177
1402 1296 1116
1403 144 124
1404 632 472
1405 237 177
1406 158 118
1407 1296 1116
1408 1152 992
1409 864 744
1410 288 248
1411 576 496
1412 432 372
1413 316 236
1414 432 372
1415 1296 1116
1416 864 744
1417 395 295
1418 316 236
1419 553 413
1420 395 295
1421 288 248
1422 720 620
1423 632 472
1424 316 236
1425 864 744
1426 432 372
1427 1008 868
1428 158 118
1429 1008 868
1430 720 620
1431 144 124
1432 1152 992
1433 576 496
1434 1440 1240
1435 237 177
1436 632 472
1437 158 118
1438 864 744
1439 720 620
1440 432 372
1441 553 413
1442 720 620
1443 790 590
1444 711 531
1445 632 472
1446 395 295
1447 1296 1116
1448 474 354
1449 144 124
1450 1296 1116
1451 288 248
1452 864 744
1453 711 531
1454 1152 992
1455 711 531
1456 237 177
1457 237 177
1458 79 59
1459 395 295
1460 1008 868
1461 288 248
1462 395 295
1463 395 295
1464 790 590
1465 432 372
1466 1152 992
1467 553 413
1468 288 248
1469 1440 1240
1470 1152 992
1471 1296 1116
1472 144 124
1473 1296 1116
1474 1440 1240
1475 144 124
1476 316 236
1477 237 177
1478 553 413
1479 79 59
1480 288 248
1481 316 236
1482 576 496
1483 720 620
1484 158 118
1485 632 472
1486 790 590
1487 316 236
1488 432 372
1489 553 413
1490 158 118
1491 395 295
1492 158 118
1493 790 590
1494 1296 1116
1495 79 59
1496 1008 868
1497 790 590
1498 1008 868
1499 576 496
1500 553 413
1501 632 472
1502 288 248
1503 711 531
1504 711 531
1505 864 744
1506 576 496
1507 790 590
1508 1008 868
1509 553 413
1510 316 236
1511 1152 992
1512 1296 1116
1513 144 124
1514 1296 1116
1515 158 118
1516 576 496
1517 395 295
1518 1152 992
1519 474 354
1520 395 295
1521 432 372
1522 158 118
1523 553 413
1524 1440 1240
1525 1008 868
1526 720 620
1527 237 177
1528 711 531
1529 864 744
1530 474 354
1531 553 413
1532 1296 1116
1533 237 177
1534 432 372
1535 632 472
1536 158 118
1537 395 295
1538 711 531
1539 632 472
1540 864 744
1541 864 744
1542 474 354
1543 316 236
1544 395 295
1545 144 124
1546 432 372
1547 864 744
1548 632 472
1549 711 531
1550 1296 1116
1551 158 118
1552 395 295
1553 1152 992
1554 1008 868
1555 474 354
1556 237 177
1557 1296 1116
1558 1296 1116
1559 553 413
1560 144 124
1561 395 295
1562 720 620
1563 395 295
1564 790 590
1565 432 372
1566 1152 992
1567 1152 992
1568 237 177
1569 790 590
1570 158 118
1571 237 177
1572 432 372
1573 632 472
1574 1440 1240
1575 1152 992
1576 553 413
1577 237 177
1578 790 590
1579 576 496
1580 474 354
1581 474 354
1582 720 620
1583 79 59
1584 288 248
1585 395 295
1586 1152 992
1587 720 620
1588 711 531
1589 576 496
1590 395 295
1591 395 295
1592 158 118
1593 576 496
1594 632 472
1595 288 248
1596 576 496
1597 553 413
1598 79 59
1599 79 59
1600 474 354
1601 1152 992
1602 553 413
1603 474 354
1604 864 744
1605 711 531
1606 1296 1116
1607 1440 1240
1608 711 531
1609 553 413
1610 474 354
1611 720 620
1612 158 118
1613 432 372
1614 316 236
1615 864 744
1616 720 620
1617 711 531
1618 711 531
1619 316 236
1620 790 590
1621 1296 1116
1622 720 620
1623 1296 1116
1624 1296 1116
1625 632 472
1626 711 531
1627 316 236
1628 553 413
1629 720 620
1630 553 413
1631 432 372
1632 158 118
1633 632 472
1634 632 472
1635 316 236
1636 720 620
1637 158 118
1638 864 744
1639 790 590
1640 288 248
1641 432 372
1642 288 248
1643 711 531
1644 553 413
1645 553 413
1646 1152 992
1647 158 118
1648 1440 1240
1649 144 124
1650 474 354
1651 1440 1240
1652 632 472
1653 158 118
1654 720 620
1655 288 248
1656 1296 1116
1657 864 744
1658 1152 992
1659 553 413
1660 288 248
1661 158 118
1662 395 295
1663 474 354
1664 864 744
1665 1008 868
1666 316 236
1667 1008 868
1668 632 472
1669 79 59
1670 288 248
1671 553 413
1672 1440 1240
1673 576 496
1674 1440 1240
1675 632 472
1676 395 295
1677 864 744
1678 864 744
1679 790 590
1680 790 590
1681 711 531
1682 288 248
1683 720 620
1684 632 472
1685 1152 992
1686 553 413
1687 632 472
1688 316 236
1689 79 59
1690 864 744
1691 720 620
1692 432 372
1693 632 472
1694 576 496
1695 474 354
1696 711 531
1697 1152 992
1698 711 531
1699 1152 992
1700 1296 1116
1701 432 372
1702 553 413
1703 711 531
1704 288 248
1705 1152 992
1706 474 354
1707 720 620
1708 720 620
1709 432 372
1710 1440 1240
1711 576 496
1712 79 59
1713 1440 1240
1714 1296 1116
1715 864 744
1716 474 354
1717 432 372
1718 553 413
1719 288 248
1720 1296 1116
1721 790 590
1722 474 354
1723 158 118
1724 474 354
1725 632 472
1726 316 236
1727 432 372
1728 864 744
1729 288 248
1730 237 177
1731 237 177
1732 237 177
1733 288 248
1734 1296 1116
1735 237 177
1736 1296 1116
1737 864 744
1738 576 496
1739 395 295
1740 576 496
1741 144 124
1742 316 236
1743 432 372
1744 144 124
1745 790 590
1746 237 177
1747 1152 992
1748 1440 1240
1749 1152 992
1750 553 413
1751 474 354
1752 1296 1116
1753 288 248
1754 395 295
1755 79 59
1756 237 177
1757 316 236
1758 474 354
1759 720 620
1760 576 496
1761 632 472
1762 1440 1240
1763 576 496
1764 288 248
1765 395 295
1766 1008 868
1767 316 236
1768 1008 868
1769 576 496
1770 711 531
1771 288 248
1772 1008 868
1773 158 118
1774 711 531
1775 474 354
1776 316 236
1777 1440 1240
1778 711 531
1779 711 531
1780 158 118
1781 1008 868
1782 1008 868
1783 864 744
1784 79 59
1785 288 248
1786 864 744
1787 576 496
1788 864 744
1789 1440 1240
1790 237 177
1791 288 248
1792 1296 1116
1793 720 620
1794 432 372
1795 1296 1116
1796 632 472
1797 316 236
1798 576 496
1799 288 248
1800 1008 868
1801 144 124
1802 395 295
1803 632 472
1804 1152 992
1805 1152 992
1806 632 472
1807 1440 1240
1808 632 472
1809 158 118
1810 144 124
1811 1296 1116
1812 288 248
1813 711 531
1814 79 59
1815 1008 868
1816 576 496
1817 553 413
1818 864 744
1819 474 354
1820 158 118
1821 158 118
1822 1296 1116
1823 288 248
1824 288 248
1825 316 236
1826 288 248
1827 632 472
1828 632 472
1829 576 496
1830 237 177
1831 79 59
1832 1152 992
1833 720 620
1834 158 118
1835 1008 868
1836 1440 1240
1837 1296 1116
1838 158 118
1839 288 248
1840 158 118
1841 79 59
1842 79 59
1843 711 531
1844 158 118
1845 1008 868
1846 144 124
1847 79 59
1848 1152 992
1849 632 472
1850 158 118
1851 790 590
1852 711 531
1853 316 236
1854 79 59
1855 144 124
1856 158 118
1857 316 236
1858 1008 868
1859 1296 1116
1860 316 236
1861 474 354
1862 720 620
1863 711 531
1864 144 124
1865 79 59
1866 553 413
1867 720 620
1868 711 531
1869 395 295
1870 864 744
1871 720 620
1872 632 472
1873 864 744
1874 474 354
1875 158 118
1876 632 472
1877 432 372
1878 720 620
1879 395 295
1880 790 590
1881 474 354
1882 553 413
1883 158 118
1884 1296 1116
1885 790 590
1886 790 590
1887 474 354
1888 316 236
1889 864 744
1890 432 372
1891 553 413
1892 395 295
1893 288 248
1894 1152 992
1895 553 413
1896 1296 1116
1897 474 354
1898 288 248
1899 1440 1240
1900 237 177
1901 1440 1240
1902 1440 1240
1903 1440 1240
1904 237 177
1905 1152 992
1906 1152 992
1907 790 590
1908 720 620
1909 1008 868
1910 1008 868
1911 711 531
1912 158 118
1913 237 177
1914 144 124
1915 79 59
1916 474 354
1917 1152 992
1918 790 590
1919 711 531
1920 1008 868
1921 864 744
1922 316 236
1923 237 177
1924 237 177
1925 1440 1240
1926 864 744
1927 576 496
1928 1440 1240
1929 1008 868
1930 720 620
1931 711 531
1932 474 354
1933 576 496
1934 1152 992
1935 288 248
1936 576 496
1937 237 177
1938 79 59
1939 474 354
1940 1296 1116
1941 144 124
1942 553 413
1943 711 531
1944 632 472
1945 632 472
1946 288 248
1947 237 177
1948 576 496
1949 288 248
1950 288 248
1951 288 248
1952 144 124
1953 79 59
1954 474 354
1955 395 295
1956 1152 992
1957 864 744
1958 316 236
1959 316 236
1960 1008 868
1961 864 744
1962 237 177
1963 711 531
1964 288 248
1965 1296 1116
1966 553 413
1967 288 248
1968 790 590
1969 79 59
1970 720 620
1971 144 124
1972 474 354
1973 237 177
1974 474 354
1975 553 413
1976 158 118
1977 711 531
1978 1008 868
1979 474 354
1980 711 531
1981 432 372
1982 711 531
1983 790 590
1984 395 295
1985 1008 868
1986 158 118
1987 237 177
1988 474 354
1989 632 472
1990 1440 1240
1991 79 59
1992 553 413
1993 395 295
1994 158 118
1995 158 118
1996 288 248
1997 711 531
1998 1152 992
1999 474 354
2000 1152 992
2001 553 413
2002 553 413
2003 395 295
2004 237 177
2005 432 372
2006 720 620
2007 1296 1116
2008 288 248
2009 432 372
2010 1440 1240
2011 1440 1240
2012 316 236
2013 395 295
2014 395 295
2015 864 744
2016 632 472
2017 79 59
2018 316 236
2019 432 372
2020 1440 1240
2021 632 472
2022 632 472
2023 720 620
2024 79 59
2025 576 496
2026 1152 992
2027 864 744
2028 316 236
2029 395 295
2030 790 590
2031 553 413
2032 288 248
2033 474 354
2034 395 295
2035 474 354
2036 576 496
2037 1008 868
2038 158 118
2039 288 248
2040 395 295
2041 288 248
2042 79 59
2043 1008 868
2044 553 413
2045 432 372
2046 1296 1116
2047 474 354
2048 553 413
2049 720 620
2050 1440 1240
2051 395 295
2052 790 590
2053 474 354
2054 474 354
2055 720 620
2056 474 354
2057 237 177
2058 632 472
2059 1152 992
2060 553 413
2061 395 295
2062 576 496
2063 1008 868
2064 432 372
2065 632 472
2066 720 620
2067 1296 1116
2068 432 372
2069 1296 1116
2070 316 236
2071 711 531
2072 1296 1116
2073 720 620
2074 711 531
2075 553 413
2076 316 236
2077 720 620
2078 790 590
2079 1440 1240
2080 720 620
2081 316 236
2082 432 372
2083 711 531
2084 1008 868
2085 711 531
2086 1008 868
2087 632 472
2088 1296 1116
2089 720 620
2090 576 496
2091 720 620
2092 632 472
2093 1440 1240
2094 1152 992
2095 632 472
2096 1152 992
2097 553 413
2098 632 472
2099 79 59
2100 158 118
2101 144 124
2102 237 177
2103 79 59
2104 432 372
2105 632 472
2106 632 472
2107 432 372
2108 711 531
2109 553 413
2110 1296 1116
2111 474 354
2112 474 354
2113 1152 992
2114 711 531
2115 316 236
2116 144 124
2117 474 354
2118 632 472
2119 158 118
2120 1296 1116
2121 79 59
2122 576 496
2123 158 118
2124 864 744
2125 790 590
2126 1008 868
2127 432 372
2128 288 248
2129 790 590
2130 288 248
2131 474 354
2132 395 295
2133 790 590
2134 576 496
2135 553 413
2136 316 236
2137 632 472
2138 474 354
2139 576 496
2140 1440 1240
2141 1152 992
2142 1440 1240
2143 79 59
2144 432 372
2145 1008 868
2146 632 472
2147 237 177
2148 1152 992
2149 237 177
2150 864 744
2151 711 531
2152 790 590
2153 864 744
2154 864 744
2155 237 177
2156 720 620
2157 632 472
2158 576 496
2159 316 236
2160 632 472
2161 576 496
2162 711 531
2163 1008 868
2164 576 496
2165 432 372
2166 474 354
2167 395 295
2168 1440 1240
2169 432 372
2170 1440 1240
2171 432 372
2172 288 248
2173 632 472
2174 474 354
2175 158 118
2176 790 590
2177 864 744
2178 288 248
2179 316 236
2180 720 620
2181 432 372
2182 720 620
2183 632 472
2184 1008 868
2185 553 413
2186 1008 868
2187 316 236
2188 474 354
2189 288 248
2190 432 372
2191 1152 992
2192 1008 868
2193 288 248
2194 576 496
2195 237 177
2196 432 372
2197 288 248
2198 474 354
2199 711 531
2200 288 248
2201 316 236
2202 158 118
2203 632 472
2204 553 413
2205 144 124
2206 576 496
2207 79 59
2208 144 124
2209 1440 1240
2210 576 496
2211 432 372
2212 864 744
2213 144 124
2214 864 744
2215 790 590
2216 144 124
2217 1008 868
2218 720 620
2219 1440 1240
2220 79 59
2221 474 354
2222 632 472
2223 288 248
2224 711 531
2225 158 118
2226 79 59
2227 158 118
2228 1008 868
2229 1440 1240
2230 144 124
2231 1440 1240
2232 632 472
2233 288 248
2234 1152 992
2235 79 59
2236 720 620
2237 237 177
2238 288 248
2239 632 472
2240 288 248
2241 316 236
2242 790 590
2243 158 118
2244 790 590
2245 237 177
2246 790 590
2247 144 124
2248 316 236
2249 864 744
2250 576 496
2251 1440 1240
2252 316 236
2253 1152 992
2254 1440 1240
2255 790 590
2256 1008 868
2257 79 59
2258 288 248
2259 1152 992
2260 864 744
2261 711 531
2262 144 124
2263 1440 1240
2264 316 236
2265 632 472
2266 711 531
2267 474 354
2268 1440 1240
2269 144 124
2270 144 124
2271 632 472
2272 288 248
2273 1296 1116
2274 790 590
2275 237 177
2276 288 248
2277 1152 992
2278 553 413
2279 1296 1116
2280 1296 1116
2281 79 59
2282 144 124
2283 1152 992
2284 432 372
2285 474 354
2286 1008 868
2287 158 118
2288 576 496
2289 720 620
2290 1440 1240
2291 790 590
2292 1152 992
2293 432 372
2294 576 496
2295 79 59
2296 790 590
2297 720 620
2298 1296 1116
2299 288 248
2300 158 118
2301 1152 992
2302 474 354
2303 632 472
2304 395 295
2305 790 590
2306 144 124
2307 158 118
2308 1008 868
2309 864 744
2310 1152 992
2311 1152 992
2312 1440 1240
2313 237 177
2314 864 744
2315 79 59
2316 432 372
2317 1440 1240
2318 395 295
2319 474 354
2320 576 496
2321 720 620
2322 395 295
2323 237 177
2324 395 295
2325 711 531
2326 1296 1116
2327 316 236
2328 1440 1240
2329 395 295
2330 474 354
2331 864 744
2332 553 413
2333 474 354
2334 720 620
2335 1152 992
2336 395 295
2337 158 118
2338 79 59
2339 316 236
2340 1152 992
2341 711 531
2342 158 118
2343 144 124
2344 711 531
2345 553 413
2346 1152 992
2347 1296 1116
2348 288 248
2349 316 236
2350 576 496
2351 79 59
2352 720 620
2353 1008 868
2354 720 620
2355 1008 868
2356 1008 868
2357 237 177
2358 553 413
2359 79 59
2360 144 124
2361 1152 992
2362 720 620
2363 237 177
2364 576 496
2365 432 372
2366 720 620
2367 474 354
2368 1296 1116
2369 553 413
2370 316 236
2371 553 413
2372 553 413
2373 711 531
2374 237 177
2375 1296 1116
2376 790 590
2377 79 59
2378 144 124
2379 790 590
2380 720 620
2381 316 236
2382 790 590
2383 1296 1116
2384 474 354
2385 576 496
2386 632 472
2387 79 59
2388 237 177
2389 632 472
2390 237 177
2391 864 744
2392 432 372
2393 1296 1116
2394 474 354
2395 1440 1240
2396 711 531
2397 720 620
2398 1296 1116
2399 288 248
2400 864 744
2401 553 413
2402 1008 868
2403 1152 992
2404 395 295
2405 864 744
2406 1152 992
2407 1440 1240
2408 79 59
2409 1152 992
2410 432 372
2411 790 590
2412 288 248
2413 864 744
2414 237 177
2415 1440 1240
2416 1008 868
2417 720 620
2418 432 372
2419 395 295
2420 432 372
2421 790 590
2422 632 472
2423 576 496
2424 79 59
2425 632 472
2426 1296 1116
2427 237 177
2428 316 236
2429 790 590
2430 711 531
2431 237 177
2432 158 118
2433 79 59
2434 632 472
2435 316 236
2436 158 118
2437 158 118
2438 1152 992
2439 576 496
2440 1296 1116
2441 288 248
2442 1152 992
2443 711 531
2444 237 177
2445 632 472
2446 1008 868
2447 158 118
2448 237 177
2449 144 124
2450 432 372
2451 79 59
2452 395 295
2453 720 620
2454 474 354
2455 474 354
2456 632 472
2457 237 177
2458 790 590
2459 576 496
2460 576 496
2461 1296 1116
2462 576 496
2463 864 744
2464 632 472
2465 158 118
2466 1008 868
2467 553 413
2468 632 472
2469 395 295
2470 864 744
2471 316 236
2472 1152 992
2473 474 354
2474 288 248
2475 395 295
2476 711 531
2477 474 354
2478 790 590
2479 553 413
2480 237 177
2481 432 372
2482 395 295
2483 395 295
2484 79 59
2485 720 620
2486 576 496
2487 395 295
2488 432 372
2489 1008 868
2490 316 236
2491 711 531
2492 790 590
2493 144 124
2494 720 620
2495 79 59
2496 553 413
2497 79 59
2498 79 59
2499 632 472
2500 553 413
2501 720 620
2502 316 236
2503 432 372
2504 1008 868
2505 395 295
2506 474 354
2507 1440 1240
2508 158 118
2509 1152 992
2510 79 59
2511 144 124
2512 144 124
2513 632 472
2514 432 372
2515 1008 868
2516 237 177
2517 474 354
2518 711 531
2519 864 744
2520 395 295
2521 288 248
2522 720 620
2523 1008 868
2524 288 248
2525 1152 992
2526 158 118
2527 316 236
2528 1152 992
2529 1152 992
2530 474 354
2531 237 177
2532 395 295
2533 576 496
2534 720 620
2535 395 295
2536 711 531
2537 316 236
2538 474 354
2539 1152 992
2540 79 59
2541 316 236
2542 790 590
2543 237 177
2544 864 744
2545 79 59
2546 288 248
2547 237 177
2548 237 177
2549 790 590
2550 711 531
2551 711 531
2552 632 472
2553 1296 1116
2554 553 413
2555 395 295
2556 395 295
2557 237 177
2558 864 744
2559 864 744
2560 864 744
2561 288 248
2562 288 248
2563 864 744
2564 720 620
2565 288 248
2566 158 118
2567 1440 1240
2568 711 531
2569 474 354
2570 237 177
2571 1296 1116
2572 790 590
2573 1008 868
2574 144 124
2575 79 59
2576 158 118
2577 432 372
2578 553 413
2579 1152 992
2580 158 118
2581 144 124
2582 316 236
2583 576 496
2584 144 124
2585 1440 1240
2586 720 620
2587 288 248
2588 395 295
2589 144 124
2590 158 118
2591 432 372
2592 790 590
2593 474 354
2594 790 590
2595 553 413
2596 395 295
2597 144 124
2598 395 295
2599 790 590
2600 576 496
2601 720 620
2602 711 531
2603 474 354
2604 720 620
2605 395 295
2606 711 531
2607 144 124
2608 395 295
2609 720 620
2610 864 744
2611 553 413
2612 1152 992
2613 474 354
2614 720 620
2615 79 59
2616 237 177
2617 288 248
2618 1296 1116
2619 474 354
2620 1008 868
2621 288 248
2622 790 590
2623 720 620
2624 144 124
2625 395 295
2626 1152 992
2627 576 496
2628 1296 1116
2629 553 413
2630 1296 1116
2631 1440 1240
2632 790 590
2633 720 620
2634 1440 1240
2635 1008 868
2636 158 118
2637 432 372
2638 79 59
2639 158 118
2640 432 372
2641 316 236
2642 432 372
2643 395 295
2644 237 177
2645 144 124
2646 632 472
2647 474 354
2648 1008 868
2649 1296 1116
2650 79 59
2651 1296 1116
2652 79 59
2653 79 59
2654 720 620
2655 720 620
2656 720 620
2657 395 295
2658 790 590
2659 1008 868
2660 395 295
2661 1152 992
2662 632 472
2663 432 372
2664 632 472
2665 553 413
2666 720 620
2667 432 372
2668 864 744
2669 553 413
2670 711 531
2671 79 59
2672 158 118
2673 432 372
2674 790 590
2675 864 744
2676 1440 1240
2677 720 620
2678 237 177
2679 1152 992
2680 316 236
2681 864 744
2682 158 118
2683 553 413
2684 1440 1240
2685 576 496
2686 158 118
2687 1152 992
2688 144 124
2689 158 118
2690 576 496
2691 1440 1240
2692 395 295
2693 553 413
2694 144 124
2695 79 59
2696 720 620
2697 1296 1116
2698 632 472
2699 79 59
2700 711 531
2701 632 472
2702 864 744
2703 316 236
2704 79 59
2705 158 118
2706 711 531
2707 1440 1240
2708 790 590
2709 576 496
2710 316 236
2711 720 620
2712 288 248
2713 158 118
2714 1152 992
2715 1440 1240
2716 237 177
2717 720 620
2718 790 590
2719 316 236
2720 864 744
2721 1008 868
2722 316 236
2723 432 372
2724 158 118
2725 474 354
2726 720 620
2727 1152 992
2728 1440 1240
2729 553 413
2730 237 177
2731 144 124
2732 632 472
2733 1440 1240
2734 720 620
2735 395 295
2736 576 496
2737 576 496
2738 711 531
2739 158 118
2740 144 124
2741 237 177
2742 711 531
2743 288 248
2744 632 472
2745 474 354
2746 720 620
2747 474 354
2748 158 118
2749 474 354
2750 553 413
2751 711 531
2752 288 248
2753 711 531
2754 864 744
2755 316 236
2756 790 590
2757 316 236
2758 720 620
2759 158 118
2760 1152 992
2761 1152 992
2762 576 496
2763 553 413
2764 720 620
2765 395 295
2766 237 177
2767 474 354
2768 1152 992
2769 395 295
2770 1296 1116
2771 711 531
2772 576 496
2773 1440 1240
2774 474 354
2775 720 620
2776 720 620
2777 553 413
2778 288 248
2779 1152 992
2780 1296 1116
2781 720 620
2782 553 413
2783 288 248
2784 395 295
2785 553 413
2786 790 590
2787 864 744
2788 395 295
2789 432 372
2790 158 118
2791 864 744
2792 79 59
2793 158 118
2794 288 248
2795 474 354
2796 790 590
2797 553 413
2798 288 248
2799 158 118
2800 316 236
2801 1152 992
2802 720 620
2803 553 413
2804 720 620
2805 316 236
2806 144 124
2807 1152 992
2808 316 236
2809 576 496
2810 720 620
2811 474 354
2812 158 118
2813 632 472
2814 158 118
2815 553 413
2816 1440 1240
2817 790 590
2818 395 295
2819 237 177
2820 1008 868
2821 316 236
2822 288 248
2823 144 124
2824 864 744
2825 576 496
2826 395 295
2827 395 295
2828 576 496
2829 632 472
2830 395 295
2831 1152 992
2832 553 413
2833 1008 868
2834 158 118
2835 632 472
2836 432 372
2837 474 354
2838 1440 1240
2839 790 590
2840 1152 992
2841 474 354
2842 864 744
2843 711 531
2844 237 177
2845 237 177
2846 1296 1116
2847 432 372
2848 237 177
2849 395 295
2850 1152 992
2851 790 590
2852 1440 1240
2853 553 413
2854 1008 868
2855 237 177
2856 711 531
2857 553 413
2858 237 177
2859 474 354
2860 237 177
2861 864 744
2862 720 620
2863 474 354
2864 864 744
2865 1296 1116
2866 553 413
2867 79 59
2868 1440 1240
2869 474 354
2870 711 531
2871 79 59
2872 237 177
2873 395 295
2874 576 496
2875 288 248
2876 1296 1116
2877 864 744
2878 158 118
2879 395 295
2880 432 372
2881 720 620
2882 158 118
2883 790 590
2884 79 59
2885 288 248
2886 1152 992
2887 237 177
2888 864 744
2889 1152 992
2890 1296 1116
2891 790 590
2892 79 59
2893 720 620
2894 316 236
2895 316 236
2896 79 59
2897 1008 868
2898 237 177
2899 1296 1116
2900 720 620
2901 1296 1116
2902 474 354
2903 864 744
2904 316 236
2905 1008 868
2906 79 59
2907 720 620
2908 288 248
2909 1008 868
2910 553 413
2911 79 59
2912 720 620
2913 864 744
2914 1296 1116
2915 395 295
2916 1440 1240
2917 79 59
2918 158 118
2919 432 372
2920 432 372
2921 144 124
2922 720 620
2923 474 354
2924 1440 1240
2925 432 372
2926 711 531
2927 720 620
2928 720 620
2929 576 496
2930 790 590
2931 316 236
2932 553 413
2933 316 236
2934 711 531
2935 288 248
2936 144 124
2937 711 531
2938 395 295
2939 1008 868
2940 158 118
2941 288 248
2942 395 295
2943 1296 1116
2944 144 124
2945 158 118
2946 711 531
2947 432 372
2948 1296 1116
2949 144 124
2950 864 744
2951 553 413
2952 576 496
2953 158 118
2954 237 177
2955 316 236
2956 632 472
2957 632 472
2958 720 620
2959 79 59
2960 1296 1116
2961 576 496
2962 288 248
2963 432 372
2964 1440 1240
2965 144 124
2966 711 531
2967 1440 1240
2968 790 590
2969 432 372
2970 144 124
2971 632 472
2972 720 620
2973 144 124
2974 474 354
2975 1008 868
2976 576 496
2977 474 354
2978 316 236
2979 553 413
2980 632 472
2981 711 531
2982 720 620
2983 576 496
2984 474 354
2985 474 354
2986 474 354
2987 576 496
2988 79 59
2989 864 744
2990 288 248
2991 790 590
2992 1440 1240
2993 237 177
2994 1296 1116
2995 1296 1116
2996 790 590
2997 576 496
2998 790 590
2999 711 531
3000 395 295
3001 395 295
3002 1440 1240
3003 1152 992
3004 1440 1240
3005 632 472
3006 632 472
3007 1152 992
3008 395 295
3009 158 118
3010 576 496
3011 632 472
3012 79 59
3013 1296 1116
3014 144 124
3015 158 118
3016 79 59
3017 474 354
3018 1152 992
3019 237 177
3020 1296 1116
3021 1008 868
3022 144 124
3023 576 496
3024 432 372
3025 790 590
3026 576 496
3027 288 248
3028 474 354
3029 1008 868
3030 576 496
3031 1152 992
3032 1152 992
3033 790 590
3034 395 295
3035 711 531
3036 79 59
3037 79 59
3038 1008 868
3039 1440 1240
3040 1008 868
3041 237 177
3042 474 354
3043 864 744
3044 316 236
3045 144 124
3046 1008 868
3047 790 590
3048 864 744
3049 432 372
3050 711 531
3051 790 590
3052 144 124
3053 474 354
3054 711 531
3055 144 124
3056 316 236
3057 158 118
3058 288 248
3059 790 590
3060 1296 1116
3061 316 236
3062 790 590
3063 395 295
3064 1440 1240
3065 288 248
3066 144 124
3067 237 177
3068 790 590
3069 1440 1240
3070 288 248
3071 1008 868
3072 553 413
3073 237 177
3074 79 59
3075 790 590
3076 158 118
3077 1440 1240
3078 158 118
3079 1008 868
3080 158 118
3081 288 248
3082 576 496
3083 144 124
3084 711 531
3085 1152 992
3086 1440 1240
3087 79 59
3088 1152 992
3089 237 177
3090 864 744
3091 632 472
3092 1296 1116
3093 1440 1240
3094 711 531
3095 576 496
3096 1296 1116
3097 316 236
3098 553 413
3099 316 236
3100 237 177
3101 316 236
3102 576 496
3103 1296 1116
3104 1440 1240
3105 711 531
3106 1152 992
3107 790 590
3108 432 372
3109 553 413
3110 158 118
3111 1440 1240
3112 553 413
3113 576 496
3114 720 620
3115 395 295
3116 144 124
3117 720 620
3118 1296 1116
3119 158 118
3120 632 472
3121 395 295
3122 1440 1240
3123 144 124
3124 720 620
3125 288 248
3126 711 531
3127 79 59
3128 632 472
3129 79 59
3130 158 118
3131 79 59
3132 316 236
3133 720 620
3134 864 744
3135 864 744
3136 1008 868
3137 79 59
3138 1008 868
3139 144 124
3140 1008 868
3141 288 248
3142 790 590
3143 158 118
3144 1440 1240
3145 864 744
3146 1152 992
3147 632 472
3148 864 744
3149 288 248
3150 1296 1116
3151 316 236
3152 432 372
3153 1296 1116
3154 1296 1116
3155 144 124
3156 720 620
3157 316 236
3158 144 124
3159 790 590
3160 316 236
3161 790 590
3162 237 177
3163 1296 1116
3164 711 531
3165 576 496
3166 632 472
3167 158 118
3168 1152 992
3169 576 496
3170 474 354
3171 790 590
3172 158 118
3173 1440 1240
3174 237 177
3175 576 496
3176 288 248
3177 1152 992
3178 720 620
3179 432 372
3180 474 354
3181 711 531
3182 395 295
3183 79 59
3184 1152 992
3185 316 236
3186 576 496
3187 1008 868
3188 158 118
3189 144 124
3190 790 590
3191 553 413
3192 395 295
3193 1296 1116
3194 158 118
3195 237 177
3196 576 496
3197 790 590
3198 79 59
3199 1440 1240
3200 576 496
3201 237 177
3202 79 59
3203 237 177
3204 288 248
3205 864 744
3206 1008 868
3207 1008 868
3208 576 496
3209 790 590
3210 553 413
3211 79 59
3212 474 354
3213 632 472
3214 144 124
3215 144 124
3216 432 372
3217 432 372
3218 1296 1116
3219 432 372
3220 1152 992
3221 864 744
3222 79 59
3223 576 496
3224 1152 992
3225 864 744
3226 432 372
3227 144 124
3228 474 354
3229 432 372
3230 237 177
3231 790 590
3232 474 354
3233 1296 1116
3234 144 124
3235 720 620
3236 288 248
3237 288 248
3238 553 413
3239 288 248
3240 711 531
3241 711 531
3242 1440 1240
3243 474 354
3244 1152 992
3245 237 177
3246 288 248
3247 1440 1240
3248 1008 868
3249 576 496
3250 288 248
3251 288 248
3252 316 236
3253 395 295
3254 395 295
3255 288 248
3256 432 372
3257 288 248
3258 474 354
3259 1008 868
3260 432 372
3261 1152 992
3262 1008 868
3263 1440 1240
3264 288 248
3265 1008 868
3266 720 620
3267 158 118
3268 158 118
3269 237 177
3270 790 590
3271 1152 992
3272 790 590
3273 720 620
3274 632 472
3275 316 236
3276 237 177
3277 632 472
3278 711 531
3279 711 531
3280 144 124
3281 316 236
3282 144 124
3283 237 177
3284 144 124
3285 553 413
3286 158 118
3287 79 59
3288 576 496
3289 1152 992
3290 1008 868
3291 1152 992
3292 237 177
3293 158 118
3294 632 472
3295 553 413
3296 711 531
3297 576 496
3298 316 236
3299 474 354
3300 158 118
3301 1008 868
3302 864 744
3303 144 124
3304 316 236
3305 720 620
3306 1152 992
3307 316 236
3308 790 590
3309 474 354
3310 1440 1240
3311 576 496
3312 158 118
3313 1008 868
3314 288 248
3315 1152 992
3316 711 531
3317 158 118
3318 576 496
3319 237 177
3320 432 372
3321 432 372
3322 79 59
3323 864 744
3324 237 177
3325 144 124
3326 474 354
3327 720 620
3328 720 620
3329 1296 1116
3330 790 590
3331 576 496
3332 790 590
3333 1440 1240
3334 576 496
3335 1440 1240
3336 432 372
3337 553 413
3338 474 354
3339 79 59
3340 432 372
3341 711 531
3342 790 590
3343 395 295
3344 432 372
3345 316 236
3346 576 496
3347 864 744
3348 316 236
3349 158 118
3350 288 248
3351 432 372
3352 864 744
3353 1440 1240
3354 288 248
3355 474 354
3356 79 59
3357 1296 1116
3358 395 295
3359 1152 992
3360 720 620
3361 711 531
3362 711 531
3363 553 413
3364 790 590
3365 720 620
3366 395 295
3367 474 354
3368 1440 1240
3369 632 472
3370 432 372
3371 395 295
3372 237 177
3373 632 472
3374 790 590
3375 1008 868
3376 553 413
3377 237 177
3378 144 124
3379 432 372
3380 432 372
3381 720 620
3382 144 124
3383 553 413
3384 864 744
3385 395 295
3386 790 590
3387 144 124
3388 474 354
3389 576 496
3390 432 372
3391 288 248
3392 1008 868
3393 720 620
3394 720 620
3395 316 236
3396 790 590
3397 288 248
3398 553 413
3399 1440 1240
3400 316 236
3401 576 496
3402 79 59
3403 1008 868
3404 1008 868
3405 1440 1240
3406 576 496
3407 395 295
3408 316 236
3409 79 59
3410 288 248
3411 144 124
3412 576 496
3413 316 236
3414 1152 992
3415 1296 1116
3416 432 372
3417 632 472
3418 632 472
3419 144 124
3420 553 413
3421 790 590
3422 474 354
3423 720 620
3424 432 372
3425 553 413
3426 1152 992
3427 395 295
3428 720 620
3429 158 118
3430 711 531
3431 720 620
3432 1296 1116
3433 632 472
3434 576 496
3435 1008 868
3436 79 59
3437 720 620
3438 237 177
3439 1008 868
3440 711 531
3441 553 413
3442 79 59
3443 79 59
3444 474 354
3445 432 372
3446 158 118
3447 711 531
3448 864 744
3449 790 590
3450 632 472
3451 553 413
3452 288 248
3453 432 372
3454 474 354
3455 144 124
3456 632 472
3457 432 372
3458 432 372
3459 158 118
3460 553 413
3461 1296 1116
3462 1440 1240
3463 790 590
3464 576 496
3465 1296 1116
3466 1440 1240
3467 316 236
3468 395 295
3469 288 248
3470 1440 1240
3471 144 124
3472 711 531
3473 316 236
3474 158 118
3475 576 496
3476 316 236
3477 144 124
3478 79 59
3479 79 59
3480 790 590
3481 1152 992
3482 79 59
3483 720 620
3484 144 124
3485 720 620
3486 553 413
3487 576 496
3488 1152 992
3489 316 236
3490 144 124
3491 632 472
3492 864 744
3493 144 124
3494 158 118
3495 474 354
3496 237 177
3497 158 118
3498 1008 868
3499 1296 1116
3500 288 248
3501 711 531
3502 1296 1116
3503 720 620
3504 1296 1116
3505 720 620
3506 158 118
3507 237 177
3508 1008 868
3509 632 472
3510 864 744
3511 720 620
3512 158 118
3513 711 531
3514 711 531
3515 1440 1240
3516 553 413
3517 395 295
3518 288 248
3519 432 372
3520 79 59
3521 1440 1240
3522 790 590
3523 1152 992
3524 474 354
3525 576 496
3526 632 472
3527 864 744
3528 432 372
3529 576 496
3530 576 496
3531 864 744
3532 553 413
3533 316 236
3534 79 59
3535 576 496
3536 288 248
3537 711 531
3538 1008 868
3539 316 236
3540 790 590
3541 316 236
3542 790 590
3543 711 531
3544 553 413
3545 237 177
3546 158 118
3547 158 118
3548 864 744
3549 1152 992
3550 158 118
3551 553 413
3552 288 248
3553 144 124
3554 316 236
3555 720 620
3556 711 531
3557 288 248
3558 553 413
3559 432 372
3560 632 472
3561 288 248
3562 237 177
3563 1440 1240
3564 1152 992
3565 395 295
3566 432 372
3567 1008 868
3568 632 472
3569 720 620
3570 1008 868
3571 432 372
3572 1296 1116
3573 474 354
3574 553 413
3575 1152 992
3576 1296 1116
3577 1008 868
3578 1296 1116
3579 1008 868
3580 474 354
3581 1152 992
3582 711 531
3583 711 531
3584 1152 992
3585 79 59
3586 395 295
3587 395 295
3588 576 496
3589 711 531
3590 632 472
3591 1008 868
3592 316 236
3593 79 59
3594 432 372
3595 1008 868
3596 632 472
3597 316 236
3598 144 124
3599 1440 1240
3600 316 236
3601 1152 992
3602 864 744
3603 395 295
3604 553 413
3605 1152 992
3606 474 354
3607 711 531
3608 144 124
3609 316 236
3610 1440 1240
3611 432 372
3612 720 620
3613 790 590
3614 288 248
3615 1152 992
3616 1296 1116
3617 79 59
3618 237 177
3619 158 118
3620 144 124
3621 316 236
3622 1296 1116
3623 553 413
3624 632 472
3625 474 354
3626 790 590
3627 553 413
3628 395 295
3629 158 118
3630 864 744
3631 288 248
3632 144 124
3633 1008 868
3634 632 472
3635 237 177
3636 316 236
3637 1296 1116
3638 864 744
3639 237 177
3640 1152 992
3641 144 124
3642 79 59
3643 79 59
3644 237 177
3645 1440 1240
3646 553 413
3647 553 413
3648 432 372
3649 720 620
3650 79 59
3651 1296 1116
3652 1440 1240
3653 720 620
3654 1152 992
3655 237 177
3656 158 118
3657 576 496
3658 632 472
3659 288 248
3660 158 118
3661 237 177
3662 79 59
3663 711 531
3664 288 248
3665 720 620
3666 632 472
3667 288 248
3668 1440 1240
3669 144 124
3670 711 531
3671 1296 1116
3672 79 59
3673 158 118
3674 1440 1240
3675 864 744
3676 864 744
3677 144 124
3678 553 413
3679 864 744
3680 720 620
3681 395 295
3682 553 413
3683 1296 1116
3684 237 177
3685 720 620
3686 1296 1116
3687 720 620
3688 1008 868
3689 144 124
3690 864 744
3691 316 236
3692 79 59
3693 158 118
3694 395 295
3695 144 124
3696 1152 992
3697 553 413
3698 432 372
3699 1440 1240
3700 432 372
3701 632 472
3702 237 177
3703 576 496
3704 237 177
3705 720 620
3706 711 531
3707 144 124
3708 711 531
3709 144 124
3710 711 531
3711 316 236
3712 395 295
3713 1440 1240
3714 711 531
3715 316 236
3716 79 59
3717 316 236
3718 720 620
3719 288 248
3720 144 124
3721 864 744
3722 576 496
3723 553 413
3724 79 59
3725 1152 992
3726 288 248
3727 1296 1116
3728 632 472
3729 711 531
3730 432 372
3731 395 295
3732 1296 1116
3733 576 496
3734 720 620
3735 316 236
3736 288 248
3737 1296 1116
3738 553 413
3739 237 177
3740 316 236
3741 711 531
3742 395 295
3743 711 531
3744 720 620
3745 720 620
3746 316 236
3747 474 354
3748 1152 992
3749 576 496
3750 790 590
3751 553 413
3752 474 354
3753 237 177
3754 790 590
3755 632 472
3756 1296 1116
3757 432 372
3758 395 295
3759 711 531
3760 158 118
3761 474 354
3762 158 118
3763 790 590
3764 711 531
3765 576 496
3766 1008 868
3767 790 590
3768 237 177
3769 79 59
3770 432 372
3771 1152 992
3772 720 620
3773 1296 1116
3774 288 248
3775 720 620
3776 1008 868
3777 720 620
3778 632 472
3779 1152 992
3780 79 59
3781 316 236
3782 288 248
3783 864 744
3784 1296 1116
3785 553 413
3786 790 590
3787 1152 992
3788 432 372
3789 864 744
3790 720 620
3791 553 413
3792 720 620
3793 576 496
3794 1440 1240
3795 432 372
3796 432 372
3797 576 496
3798 144 124
3799 474 354
3800 395 295
3801 316 236
3802 864 744
3803 144 124
3804 864 744
3805 144 124
3806 1296 1116
3807 1296 1116
3808 158 118
3809 395 295
3810 158 118
3811 432 372
3812 432 372
3813 316 236
3814 864 744
3815 79 59
3816 288 248
3817 474 354
3818 432 372
3819 864 744
3820 720 620
3821 158 118
3822 474 354
3823 864 744
3824 1152 992
3825 474 354
3826 720 620
3827 1296 1116
3828 1008 868
3829 432 372
3830 711 531
3831 1440 1240
3832 144 124
3833 432 372
3834 711 531
3835 474 354
3836 1008 868
3837 553 413
3838 1296 1116
3839 1296 1116
3840 790 590
3841 1440 1240
3842 158 118
3843 395 295
3844 864 744
3845 79 59
3846 144 124
3847 432 372
3848 576 496
3849 1296 1116
3850 144 124
3851 316 236
3852 576 496
3853 1296 1116
3854 237 177
3855 79 59
3856 395 295
3857 576 496
3858 474 354
3859 711 531
3860 711 531
3861 474 354
3862 720 620
3863 1296 1116
3864 576 496
3865 1296 1116
3866 237 177
3867 864 744
3868 432 372
3869 1008 868
3870 553 413
3871 576 496
3872 316 236
3873 711 531
3874 1440 1240
3875 711 531
3876 288 248
3877 158 118
3878 316 236
3879 864 744
3880 1008 868
3881 576 496
3882 158 118
3883 1440 1240
3884 576 496
3885 1296 1116
3886 288 248
3887 316 236
3888 553 413
3889 720 620
3890 711 531
3891 79 59
3892 158 118
3893 1296 1116
3894 632 472
3895 237 177
3896 576 496
3897 720 620
3898 720 620
3899 1440 1240
3900 288 248
3901 720 620
3902 1008 868
3903 864 744
3904 144 124
3905 237 177
3906 288 248
3907 864 744
3908 474 354
3909 1296 1116
3910 576 496
3911 158 118
3912 576 496
3913 864 744
3914 395 295
3915 158 118
3916 395 295
3917 158 118
3918 632 472
3919 237 177
3920 316 236
3921 158 118
3922 576 496
3923 474 354
3924 864 744
3925 864 744
3926 632 472
3927 395 295
3928 632 472
3929 144 124
3930 288 248
3931 864 744
3932 790 590
3933 720 620
3934 1296 1116
3935 711 531
3936 158 118
3937 720 620
3938 1440 1240
3939 864 744
3940 576 496
3941 158 118
3942 1008 868
3943 316 236
3944 158 118
3945 432 372
3946 288 248
3947 432 372
3948 432 372
3949 864 744
3950 1440 1240
3951 79 59
3952 1008 868
3953 474 354
3954 316 236
3955 158 118
3956 576 496
3957 1296 1116
3958 395 295
3959 864 744
3960 1296 1116
3961 553 413
3962 158 118
3963 711 531
3964 1296 1116
3965 711 531
3966 632 472
3967 237 177
3968 1008 868
3969 1296 1116
3970 1296 1116
3971 1296 1116
3972 1440 1240
3973 711 531
3974 576 496
3975 79 59
3976 432 372
3977 474 354
3978 432 372
3979 316 236
3980 790 590
3981 1440 1240
3982 1296 1116
3983 79 59
3984 288 248
3985 288 248
3986 1008 868
3987 158 118
3988 1008 868
3989 144 124
3990 288 248
3991 395 295
3992 158 118
3993 1440 1240
3994 720 620
3995 237 177
3996 237 177
3997 711 531
3998 79 59
3999 864 744
4000 395 295
4001 790 590
4002 316 236
4003 864 744
4004 632 472
4005 316 236
4006 474 354
4007 79 59
4008 316 236
4009 1152 992
4010 711 531
4011 288 248
4012 1440 1240
4013 720 620
4014 632 472
4015 79 59
4016 395 295
4017 1008 868
4018 790 590
4019 1440 1240
4020 144 124
4021 395 295
4022 1152 992
4023 1296 1116
4024 864 744
4025 288 248
4026 474 354
4027 1296 1116
4028 1152 992
4029 79 59
4030 395 295
4031 79 59
4032 158 118
4033 1440 1240
4034 79 59
4035 864 744
4036 316 236
4037 720 620
4038 144 124
4039 790 590
4040 158 118
4041 864 744
4042 288 248
4043 237 177
4044 1008 868
4045 395 295
4046 144 124
4047 237 177
4048 432 372
4049 288 248
4050 79 59
4051 395 295
4052 576 496
4053 474 354
4054 553 413
4055 395 295
4056 1152 992
4057 1152 992
4058 711 531
4059 316 236
4060 288 248
4061 576 496
4062 395 295
4063 1296 1116
4064 864 744
4065 316 236
4066 158 118
4067 553 413
4068 1440 1240
4069 316 236
4070 711 531
4071 576 496
4072 790 590
4073 237 177
4074 790 590
4075 720 620
4076 316 236
4077 395 295
4078 1008 868
4079 1296 1116
4080 288 248
4081 576 496
4082 1152 992
4083 288 248
4084 79 59
4085 144 124
4086 576 496
4087 237 177
4088 144 124
4089 864 744
4090 576 496
4091 395 295
4092 1440 1240
4093 316 236
4094 553 413
4095 237 177
4096 237 177
4097 1152 992
4098 720 620
4099 288 248
4100 79 59
4101 1008 868
4102 553 413
4103 576 496
4104 1008 868
4105 1440 1240
4106 474 354
4107 1152 992
4108 395 295
4109 158 118
4110 720 620
4111 632 472
4112 1296 1116
4113 1152 992
4114 790 590
4115 1008 868
4116 1152 992
4117 864 744
4118 864 744
4119 144 124
4120 144 124
4121 553 413
4122 316 236
4123 711 531
4124 144 124
4125 316 236
4126 1440 1240
4127 1296 1116
4128 79 59
4129 237 177
4130 1440 1240
4131 632 472
4132 553 413
4133 576 496
4134 1296 1116
4135 553 413
4136 632 472
4137 632 472
4138 576 496
4139 576 496
4140 632 472
4141 576 496
4142 553 413
4143 1008 868
4144 1152 992
4145 432 372
4146 864 744
4147 720 620
4148 553 413
4149 237 177
4150 288 248
4151 553 413
4152 237 177
4153 711 531
4154 1296 1116
4155 864 744
4156 288 248
4157 288 248
4158 1008 868
4159 474 354
4160 720 620
4161 1152 992
4162 474 354
4163 395 295
4164 316 236
4165 1440 1240
4166 79 59
4167 144 124
4168 720 620
4169 720 620
4170 790 590
4171 79 59
4172 576 496
4173 474 354
4174 144 124
4175 474 354
4176 1008 868
4177 864 744
4178 395 295
4179 316 236
4180 864 744
4181 576 496
4182 474 354
4183 1008 868
4184 576 496
4185 720 620
4186 144 124
4187 576 496
4188 553 413
4189 237 177
4190 288 248
4191 395 295
4192 79 59
4193 1152 992
4194 395 295
4195 237 177
4196 864 744
4197 474 354
4198 144 124
4199 790 590
4200 395 295
4201 316 236
4202 288 248
4203 1440 1240
4204 1152 992
4205 632 472
4206 1440 1240
4207 720 620
4208 237 177
4209 316 236
4210 576 496
4211 144 124
4212 1296 1116
4213 316 236
4214 79 59
4215 237 177
4216 288 248
4217 316 236
4218 1296 1116
4219 395 295
4220 79 59
4221 79 59
4222 553 413
4223 711 531
4224 1152 992
4225 144 124
4226 288 248
4227 1296 1116
4228 553 413
4229 1440 1240
4230 720 620
4231 720 620
4232 720 620
4233 144 124
4234 1008 868
4235 395 295
4236 316 236
4237 1440 1240
4238 790 590
4239 316 236
4240 1152 992
4241 316 236
4242 632 472
4243 158 118
4244 553 413
4245 790 590
4246 1440 1240
4247 720 620
4248 1152 992
4249 395 295
4250 1008 868
4251 864 744
4252 1152 992
4253 553 413
4254 144 124
4255 237 177
4256 720 620
4257 1008 868
4258 1296 1116
4259 158 118
4260 632 472
4261 237 177
4262 1296 1116
4263 1008 868
4264 1440 1240
4265 1296 1116
4266 144 124
4267 144 124
4268 144 124
4269 711 531
4270 553 413
4271 158 118
4272 79 59
4273 1152 992
4274 288 248
4275 432 372
4276 158 118
4277 158 118
4278 79 59
4279 790 590
4280 395 295
4281 1296 1116
4282 395 295
4283 432 372
4284 632 472
4285 1152 992
4286 158 118
4287 790 590
4288 79 59
4289 79 59
4290 632 472
4291 1440 1240
4292 711 531
4293 711 531
4294 395 295
4295 158 118
4296 395 295
4297 711 531
4298 1152 992
4299 711 531
4300 711 531
4301 395 295
4302 711 531
4303 1152 992
4304 288 248
4305 432 372
4306 158 118
4307 864 744
4308 711 531
4309 711 531
4310 553 413
4311 158 118
4312 1440 1240
4313 711 531
4314 864 744
4315 144 124
4316 553 413
4317 316 236
4318 1440 1240
4319 237 177
4320 1008 868
4321 1152 992
4322 474 354
4323 158 118
4324 1440 1240
4325 237 177
4326 1296 1116
4327 632 472
4328 1152 992
4329 711 531
4330 720 620
4331 1296 1116
4332 1008 868
4333 237 177
4334 316 236
4335 288 248
4336 1152 992
4337 395 295
4338 288 248
4339 432 372
4340 1008 868
4341 432 372
4342 237 177
4343 553 413
4344 576 496
4345 1152 992
4346 790 590
4347 237 177
4348 144 124
4349 1008 868
4350 432 372
4351 711 531
4352 720 620
4353 237 177
4354 576 496
4355 79 59
4356 395 295
4357 432 372
4358 1296 1116
4359 144 124
4360 632 472
4361 864 744
4362 288 248
4363 864 744
4364 1296 1116
4365 144 124
4366 474 354
4367 1008 868
4368 576 496
4369 553 413
4370 395 295
4371 790 590
4372 144 124
4373 474 354
4374 711 531
4375 790 590
4376 632 472
4377 237 177
4378 1008 868
4379 553 413
4380 864 744
4381 1296 1116
4382 144 124
4383 1008 868
4384 316 236
4385 711 531
4386 237 177
4387 720 620
4388 1152 992
4389 158 118
4390 432 372
4391 158 118
4392 158 118
4393 576 496
4394 1152 992
4395 1296 1116
4396 576 496
4397 711 531
4398 720 620
4399 720 620
4400 474 354
4401 711 531
4402 316 236
4403 144 124
4404 316 236
4405 632 472
4406 1440 1240
4407 432 372
4408 395 295
4409 711 531
4410 288 248
4411 79 59
4412 720 620
4413 288 248
4414 316 236
4415 553 413
4416 720 620
4417 576 496
4418 316 236
4419 288 248
4420 1152 992
4421 1440 1240
4422 553 413
4423 1152 992
4424 711 531
4425 1296 1116
4426 1008 868
4427 288 248
4428 720 620
4429 79 59
4430 576 496
4431 790 590
4432 79 59
4433 474 354
4434 1296 1116
4435 790 590
4436 1440 1240
4437 711 531
4438 144 124
4439 474 354
4440 144 124
4441 1008 868
4442 144 124
4443 864 744
4444 1152 992
4445 632 472
4446 1440 1240
4447 316 236
4448 158 118
4449 316 236
4450 576 496
4451 395 295
4452 553 413
4453 432 372
4454 720 620
4455 553 413
4456 474 354
4457 288 248
4458 432 372
4459 395 295
4460 864 744
4461 432 372
4462 1152 992
4463 553 413
4464 576 496
4465 711 531
4466 553 413
4467 711 531
4468 474 354
4469 144 124
4470 1440 1240
4471 711 531
4472 711 531
4473 1440 1240
4474 1440 1240
4475 432 372
4476 432 372
4477 1008 868
4478 1008 868
4479 474 354
4480 576 496
4481 790 590
4482 790 590
4483 432 372
4484 632 472
4485 1296 1116
4486 288 248
4487 237 177
4488 864 744
4489 576 496
4490 632 472
4491 553 413
4492 79 59
4493 158 118
4494 158 118
4495 1440 1240
4496 316 236
4497 553 413
4498 1296 1116
4499 237 177
4500 158 118
4501 158 118
4502 1440 1240
4503 288 248
4504 790 590
4505 158 118
4506 432 372
4507 864 744
4508 553 413
4509 395 295
4510 1296 1116
4511 1296 1116
4512 1008 868
4513 711 531
4514 720 620
4515 864 744
4516 790 590
4517 316 236
4518 1296 1116
4519 432 372
4520 1296 1116
4521 288 248
4522 1152 992
4523 395 295
4524 553 413
4525 316 236
4526 432 372
4527 576 496
4528 632 472
4529 237 177
4530 288 248
4531 474 354
4532 316 236
4533 576 496
4534 790 590
4535 1296 1116
4536 79 59
4537 158 118
4538 1296 1116
4539 288 248
4540 1008 868
4541 316 236
4542 1152 992
4543 632 472
4544 576 496
4545 632 472
4546 576 496
4547 1152 992
4548 632 472
4549 864 744
4550 790 590
4551 1440 1240
4552 474 354
4553 1008 868
4554 316 236
4555 1296 1116
4556 711 531
4557 576 496
4558 553 413
4559 79 59
4560 1008 868
4561 576 496
4562 790 590
4563 237 177
4564 144 124
4565 1296 1116
4566 1008 868
4567 864 744
4568 395 295
4569 474 354
4570 790 590
4571 79 59
4572 79 59
4573 553 413
4574 576 496
4575 1440 1240
4576 553 413
4577 432 372
4578 79 59
4579 576 496
4580 1008 868
4581 553 413
4582 1152 992
4583 1440 1240
4584 288 248
4585 1440 1240
4586 158 118
4587 395 295
4588 237 177
4589 158 118
4590 1152 992
4591 720 620
4592 1440 1240
4593 720 620
4594 720 620
4595 1008 868
4596 432 372
4597 432 372
4598 1008 868
4599 1152 992
4600 158 118
4601 1296 1116
4602 316 236
4603 864 744
4604 864 744
4605 432 372
4606 632 472
4607 1008 868
4608 790 590
4609 144 124
4610 576 496
4611 711 531
4612 711 531
4613 79 59
4614 79 59
4615 1008 868
4616 1152 992
4617 158 118
4618 720 620
4619 790 590
4620 632 472
4621 474 354
4622 288 248
4623 1296 1116
4624 395 295
4625 79 59
4626 720 620
4627 576 496
4628 237 177
4629 576 496
4630 432 372
4631 864 744
4632 395 295
4633 144 124
4634 158 118
4635 632 472
4636 1152 992
4637 474 354
4638 474 354
4639 144 124
4640 1152 992
4641 711 531
4642 711 531
4643 432 372
4644 720 620
4645 316 236
4646 158 118
4647 144 124
4648 720 620
4649 316 236
4650 79 59
4651 1008 868
4652 288 248
4653 237 177
4654 1296 1116
4655 158 118
4656 553 413
4657 79 59
4658 79 59
4659 79 59
4660 316 236
4661 790 590
4662 316 236
4663 1296 1116
4664 79 59
4665 1296 1116
4666 158 118
4667 432 372
4668 79 59
4669 711 531
4670 790 590
4671 144 124
4672 553 413
4673 790 590
4674 432 372
4675 711 531
4676 711 531
4677 576 496
4678 1152 992
4679 553 413
4680 432 372
4681 1008 868
4682 576 496
4683 1440 1240
4684 632 472
4685 720 620
4686 158 118
4687 576 496
4688 432 372
4689 864 744
4690 237 177
4691 632 472
4692 576 496
4693 553 413
4694 1440 1240
4695 288 248
4696 79 59
4697 1152 992
4698 288 248
4699 576 496
4700 1440 1240
4701 576 496
4702 237 177
4703 1296 1116
4704 474 354
4705 1152 992
4706 711 531
4707 790 590
4708 1008 868
4709 474 354
4710 316 236
4711 632 472
4712 144 124
4713 158 118
4714 432 372
4715 288 248
4716 1440 1240
4717 553 413
4718 288 248
4719 1008 868
4720 553 413
4721 79 59
4722 432 372
4723 144 124
4724 79 59
4725 144 124
4726 864 744
4727 316 236
4728 288 248
4729 395 295
4730 1008 868
4731 79 59
4732 79 59
4733 395 295
4734 864 744
4735 720 620
4736 79 59
4737 237 177
4738 576 496
4739 474 354
4740 288 248
4741 288 248
4742 288 248
4743 864 744
4744 288 248
4745 632 472
4746 790 590
4747 316 236
4748 395 295
4749 316 236
4750 237 177
4751 1152 992
4752 316 236
4753 1440 1240
4754 1152 992
4755 864 744
4756 1152 992
4757 237 177
4758 720 620
4759 144 124
4760 288 248
4761 79 59
4762 237 177
4763 474 354
4764 720 620
4765 79 59
4766 432 372
4767 790 590
4768 79 59
4769 1440 1240
4770 474 354
4771 632 472
4772 158 118
4773 144 124
4774 144 124
4775 1296 1116
4776 144 124
4777 720 620
4778 553 413
4779 1440 1240
4780 158 118
4781 864 744
4782 288 248
4783 1008 868
4784 864 744
4785 288 248
4786 632 472
4787 553 413
4788 1296 1116
4789 79 59
4790 1008 868
4791 790 590
4792 576 496
4793 395 295
4794 790 590
4795 158 118
4796 1296 1116
4797 288 248
4798 144 124
4799 553 413
4800 711 531
4801 790 590
4802 1296 1116
4803 1152 992
4804 316 236
4805 237 177
4806 864 744
4807 288 248
4808 1296 1116
4809 790 590
4810 1440 1240
4811 1440 1240
4812 1296 1116
4813 632 472
4814 144 124
4815 1008 868
4816 144 124
4817 1296 1116
4818 237 177
4819 632 472
4820 632 472
4821 1440 1240
4822 432 372
4823 720 620
4824 79 59
4825 288 248
4826 720 620
4827 1152 992
4828 1152 992
4829 79 59
4830 395 295
4831 864 744
4832 144 124
4833 864 744
4834 395 295
4835 474 354
4836 1008 868
4837 237 177
4838 237 177
4839 720 620
4840 632 472
4841 1008 868
4842 1152 992
4843 395 295
4844 474 354
4845 237 177
4846 1008 868
4847 864 744
4848 316 236
4849 158 118
4850 237 177
4851 576 496
4852 395 295
4853 1152 992
4854 316 236
4855 474 354
4856 158 118
4857 144 124
4858 1152 992
4859 432 372
4860 1296 1116
4861 576 496
4862 288 248
4863 711 531
4864 790 590
4865 395 295
4866 720 620
4867 288 248
4868 288 248
4869 144 124
4870 1296 1116
4871 1152 992
4872 237 177
4873 711 531
4874 237 177
4875 1440 1240
4876 576 496
4877 237 177
4878 237 177
4879 316 236
4880 632 472
4881 432 372
4882 1008 868
4883 1152 992
4884 632 472
4885 158 118
4886 632 472
4887 576 496
4888 632 472
4889 711 531
4890 79 59
4891 720 620
4892 576 496
4893 711 531
4894 720 620
4895 720 620
4896 144 124
4897 553 413
4898 1296 1116
4899 1152 992
4900 632 472
4901 1152 992
4902 1008 868
4903 790 590
4904 553 413
4905 576 496
4906 79 59
4907 432 372
4908 553 413
4909 864 744
4910 316 236
4911 1152 992
4912 720 620
4913 79 59
4914 1440 1240
4915 237 177
4916 720 620
4917 288 248
4918 288 248
4919 144 124
4920 432 372
4921 432 372
4922 553 413
4923 632 472
4924 790 590
4925 158 118
4926 288 248
4927 474 354
4928 79 59
4929 1152 992
4930 79 59
4931 576 496
4932 720 620
4933 1008 868
4934 576 496
4935 158 118
4936 1008 868
4937 144 124
4938 720 620
4939 237 177
4940 79 59
4941 864 744
4942 79 59
4943 720 620
4944 158 118
4945 553 413
4946 1008 868
4947 553 413
4948 1008 868
4949 1440 1240
4950 1008 868
4951 288 248
4952 864 744
4953 790 590
4954 864 744
4955 79 59
4956 711 531
4957 553 413
4958 553 413
4959 576 496
4960 237 177
4961 1296 1116
4962 1440 1240
4963 432 372
4964 790 590
4965 288 248
4966 158 118
4967 790 590
4968 1152 992
4969 711 531
4970 144 124
4971 237 177
4972 158 118
4973 1296 1116
4974 864 744
4975 395 295
4976 790 590
4977 576 496
4978 316 236
4979 790 590
4980 316 236
4981 632 472
4982 1296 1116
4983 864 744
4984 474 354
4985 432 372
4986 288 248
4987 237 177
4988 144 124
4989 632 472
4990 1008 868
4991 864 744
4992 474 354
4993 711 531
4994 632 472
4995 158 118
4996 1296 1116
4997 553 413
4998 432 372
4999 474 354
5000 1296 1116
