200 45262 15_200_1000_1547
1 381 381
2 273 273
3 792 791
4 201 199
5 306 304
6 165 164
7 657 656
8 48 46
9 687 685
10 510 509
11 207 206
12 654 654
13 291 290
14 93 93
15 942 942
16 216 215
17 543 541
18 222 221
19 714 713
20 573 572
21 129 128
22 876 874
23 99 99
24 372 371
25 417 416
26 315 313
27 801 799
28 132 130
29 27 25
30 372 371
31 990 988
32 27 27
33 483 483
34 858 858
35 66 66
36 216 216
37 594 592
38 564 562
39 846 845
40 495 494
41 627 627
42 906 904
43 177 176
44 951 950
45 465 465
46 63 62
47 972 971
48 816 815
49 933 931
50 693 692
51 318 318
52 894 893
53 330 330
54 945 944
55 243 243
56 69 69
57 267 265
58 408 407
59 432 431
60 222 222
61 528 527
62 777 777
63 297 296
64 258 256
65 579 577
66 984 984
67 24 24
68 642 640
69 987 987
70 273 272
71 561 560
72 282 282
73 177 176
74 561 560
75 957 957
76 189 189
77 189 189
78 177 176
79 33 31
80 756 754
81 786 786
82 867 865
83 228 228
84 879 877
85 129 128
86 615 615
87 681 681
88 132 130
89 885 883
90 243 241
91 699 697
92 954 952
93 690 688
94 192 191
95 219 219
96 219 217
97 690 688
98 492 491
99 519 519
100 639 639
101 531 531
102 609 608
103 435 433
104 912 912
105 624 622
106 759 758
107 981 981
108 75 75
109 597 597
110 189 187
111 33 32
112 546 545
113 129 128
114 459 458
115 309 309
116 276 276
117 444 442
118 945 944
119 429 429
120 819 818
121 78 76
122 435 433
123 591 589
124 291 290
125 528 526
126 753 751
127 459 459
128 597 597
129 534 534
130 603 603
131 939 937
132 894 894
133 72 71
134 627 625
135 648 648
136 492 490
137 69 67
138 786 784
139 711 710
140 570 568
141 834 833
142 999 999
143 777 776
144 930 930
145 585 583
146 714 713
147 777 776
148 699 698
149 720 719
150 315 313
151 720 719
152 462 461
153 183 182
154 816 814
155 699 699
156 165 163
157 186 184
158 48 48
159 906 906
160 141 140
161 255 253
162 456 456
163 975 973
164 540 540
165 81 79
166 438 436
167 294 294
168 495 495
169 531 529
170 960 960
171 153 153
172 141 141
173 129 129
174 942 941
175 567 566
176 87 87
177 678 678
178 207 205
179 789 789
180 711 711
181 450 450
182 93 92
183 642 640
184 630 628
185 561 560
186 504 504
187 132 132
188 765 763
189 528 526
190 156 154
191 351 351
192 135 134
193 270 268
194 204 203
195 276 275
196 489 488
197 267 267
198 375 375
199 402 401
200 471 471
