5000 2384011 13_5000_1000_2967
1 642 582
2 2140 1940
3 840 640
4 504 384
5 168 128
6 1070 970
7 840 640
8 420 320
9 214 194
10 642 582
11 1498 1358
12 428 388
13 168 128
14 840 640
15 1498 1358
16 588 448
17 214 194
18 168 128
19 252 192
20 840 640
21 756 576
22 336 256
23 504 384
24 756 576
25 428 388
26 252 192
27 420 320
28 84 64
29 672 512
30 588 448
31 84 64
32 1284 1164
33 1284 1164
34 214 194
35 856 776
36 1498 1358
37 756 576
38 214 194
39 1498 1358
40 1498 1358
41 420 320
42 252 192
43 642 582
44 420 320
45 1712 1552
46 840 640
47 672 512
48 252 192
49 840 640
50 1926 1746
51 588 448
52 1070 970
53 168 128
54 1284 1164
55 504 384
56 168 128
57 588 448
58 420 320
59 756 576
60 1926 1746
61 856 776
62 1284 1164
63 84 64
64 336 256
65 1926 1746
66 1926 1746
67 642 582
68 214 194
69 504 384
70 588 448
71 1070 970
72 1926 1746
73 642 582
74 1284 1164
75 504 384
76 428 388
77 672 512
78 336 256
79 1070 970
80 672 512
81 756 576
82 252 192
83 856 776
84 428 388
85 1498 1358
86 428 388
87 588 448
88 642 582
89 1926 1746
90 84 64
91 1498 1358
92 672 512
93 168 128
94 642 582
95 336 256
96 1284 1164
97 642 582
98 168 128
99 1070 970
100 856 776
101 420 320
102 588 448
103 642 582
104 420 320
105 168 128
106 504 384
107 1070 970
108 1498 1358
109 840 640
110 252 192
111 672 512
112 428 388
113 1712 1552
114 856 776
115 84 64
116 252 192
117 1926 1746
118 856 776
119 588 448
120 672 512
121 1712 1552
122 756 576
123 168 128
124 252 192
125 588 448
126 840 640
127 214 194
128 420 320
129 420 320
130 840 640
131 588 448
132 214 194
133 1926 1746
134 420 320
135 642 582
136 1926 1746
137 642 582
138 672 512
139 420 320
140 588 448
141 2140 1940
142 588 448
143 168 128
144 756 576
145 840 640
146 252 192
147 1284 1164
148 168 128
149 252 192
150 840 640
151 588 448
152 428 388
153 252 192
154 252 192
155 1926 1746
156 336 256
157 756 576
158 2140 1940
159 2140 1940
160 504 384
161 168 128
162 428 388
163 428 388
164 856 776
165 428 388
166 252 192
167 1070 970
168 1926 1746
169 588 448
170 756 576
171 428 388
172 2140 1940
173 420 320
174 428 388
175 1712 1552
176 1284 1164
177 642 582
178 428 388
179 672 512
180 168 128
181 588 448
182 1070 970
183 1712 1552
184 642 582
185 1070 970
186 642 582
187 428 388
188 504 384
189 1712 1552
190 642 582
191 1070 970
192 252 192
193 1498 1358
194 168 128
195 168 128
196 588 448
197 214 194
198 642 582
199 672 512
200 588 448
201 840 640
202 168 128
203 672 512
204 2140 1940
205 420 320
206 504 384
207 1070 970
208 642 582
209 840 640
210 84 64
211 336 256
212 588 448
213 856 776
214 84 64
215 2140 1940
216 428 388
217 252 192
218 84 64
219 428 388
220 672 512
221 2140 1940
222 214 194
223 756 576
224 84 64
225 642 582
226 840 640
227 1712 1552
228 336 256
229 856 776
230 756 576
231 672 512
232 1712 1552
233 642 582
234 84 64
235 428 388
236 642 582
237 252 192
238 672 512
239 1712 1552
240 840 640
241 1926 1746
242 1498 1358
243 672 512
244 756 576
245 504 384
246 588 448
247 756 576
248 428 388
249 1284 1164
250 1712 1552
251 840 640
252 856 776
253 214 194
254 672 512
255 84 64
256 672 512
257 84 64
258 214 194
259 1498 1358
260 214 194
261 1284 1164
262 588 448
263 168 128
264 856 776
265 856 776
266 504 384
267 252 192
268 168 128
269 1070 970
270 1926 1746
271 1712 1552
272 84 64
273 1070 970
274 504 384
275 214 194
276 856 776
277 1926 1746
278 214 194
279 336 256
280 336 256
281 420 320
282 672 512
283 840 640
284 1498 1358
285 1926 1746
286 1284 1164
287 756 576
288 428 388
289 428 388
290 1070 970
291 84 64
292 1712 1552
293 252 192
294 420 320
295 672 512
296 504 384
297 1498 1358
298 252 192
299 856 776
300 1498 1358
301 214 194
302 168 128
303 214 194
304 1498 1358
305 336 256
306 672 512
307 84 64
308 840 640
309 642 582
310 336 256
311 672 512
312 252 192
313 1926 1746
314 214 194
315 672 512
316 428 388
317 2140 1940
318 1070 970
319 1070 970
320 840 640
321 756 576
322 504 384
323 672 512
324 84 64
325 252 192
326 642 582
327 336 256
328 588 448
329 214 194
330 84 64
331 1926 1746
332 420 320
333 642 582
334 642 582
335 1070 970
336 856 776
337 1712 1552
338 642 582
339 856 776
340 1284 1164
341 642 582
342 1926 1746
343 214 194
344 420 320
345 428 388
346 336 256
347 1926 1746
348 756 576
349 1284 1164
350 1070 970
351 84 64
352 1926 1746
353 1926 1746
354 1070 970
355 642 582
356 84 64
357 840 640
358 84 64
359 588 448
360 840 640
361 1712 1552
362 336 256
363 336 256
364 214 194
365 1926 1746
366 1926 1746
367 504 384
368 84 64
369 336 256
370 336 256
371 1498 1358
372 672 512
373 642 582
374 1284 1164
375 1070 970
376 420 320
377 252 192
378 84 64
379 856 776
380 1284 1164
381 1070 970
382 168 128
383 1712 1552
384 1498 1358
385 252 192
386 672 512
387 420 320
388 2140 1940
389 672 512
390 84 64
391 336 256
392 1712 1552
393 856 776
394 856 776
395 840 640
396 168 128
397 1926 1746
398 84 64
399 336 256
400 1498 1358
401 1284 1164
402 1712 1552
403 588 448
404 856 776
405 672 512
406 840 640
407 840 640
408 1284 1164
409 336 256
410 252 192
411 588 448
412 1070 970
413 588 448
414 1284 1164
415 252 192
416 336 256
417 1926 1746
418 84 64
419 504 384
420 428 388
421 756 576
422 420 320
423 588 448
424 1926 1746
425 1284 1164
426 840 640
427 672 512
428 642 582
429 428 388
430 2140 1940
431 1926 1746
432 1926 1746
433 2140 1940
434 428 388
435 214 194
436 2140 1940
437 672 512
438 168 128
439 84 64
440 672 512
441 856 776
442 168 128
443 642 582
444 428 388
445 168 128
446 1498 1358
447 672 512
448 168 128
449 428 388
450 1070 970
451 672 512
452 588 448
453 214 194
454 672 512
455 336 256
456 856 776
457 1498 1358
458 428 388
459 856 776
460 336 256
461 1284 1164
462 856 776
463 420 320
464 214 194
465 84 64
466 840 640
467 1498 1358
468 1284 1164
469 1284 1164
470 420 320
471 1070 970
472 1284 1164
473 642 582
474 428 388
475 756 576
476 1284 1164
477 756 576
478 588 448
479 214 194
480 2140 1940
481 168 128
482 840 640
483 168 128
484 252 192
485 856 776
486 856 776
487 856 776
488 1284 1164
489 1712 1552
490 1284 1164
491 504 384
492 856 776
493 168 128
494 1926 1746
495 214 194
496 1712 1552
497 672 512
498 1926 1746
499 252 192
500 1498 1358
501 168 128
502 84 64
503 672 512
504 856 776
505 1712 1552
506 1712 1552
507 1070 970
508 1926 1746
509 1498 1358
510 856 776
511 856 776
512 1498 1358
513 504 384
514 2140 1940
515 1498 1358
516 1070 970
517 2140 1940
518 214 194
519 252 192
520 336 256
521 168 128
522 672 512
523 252 192
524 1498 1358
525 672 512
526 252 192
527 588 448
528 1712 1552
529 1926 1746
530 1284 1164
531 672 512
532 1926 1746
533 420 320
534 756 576
535 1284 1164
536 84 64
537 214 194
538 428 388
539 588 448
540 1070 970
541 2140 1940
542 588 448
543 336 256
544 588 448
545 1712 1552
546 336 256
547 840 640
548 84 64
549 1070 970
550 1712 1552
551 428 388
552 642 582
553 420 320
554 642 582
555 1712 1552
556 420 320
557 168 128
558 1284 1164
559 1926 1746
560 588 448
561 1284 1164
562 252 192
563 1070 970
564 672 512
565 214 194
566 336 256
567 168 128
568 252 192
569 214 194
570 856 776
571 1284 1164
572 856 776
573 642 582
574 588 448
575 840 640
576 840 640
577 1926 1746
578 2140 1940
579 1498 1358
580 1926 1746
581 84 64
582 2140 1940
583 756 576
584 420 320
585 1498 1358
586 504 384
587 1070 970
588 504 384
589 1926 1746
590 642 582
591 1712 1552
592 168 128
593 504 384
594 504 384
595 1498 1358
596 504 384
597 336 256
598 168 128
599 336 256
600 840 640
601 856 776
602 840 640
603 588 448
604 856 776
605 856 776
606 856 776
607 856 776
608 1926 1746
609 168 128
610 168 128
611 1712 1552
612 252 192
613 1712 1552
614 840 640
615 504 384
616 252 192
617 642 582
618 504 384
619 642 582
620 588 448
621 84 64
622 1926 1746
623 1712 1552
624 336 256
625 252 192
626 1498 1358
627 336 256
628 642 582
629 504 384
630 428 388
631 856 776
632 1498 1358
633 1926 1746
634 672 512
635 336 256
636 2140 1940
637 214 194
638 252 192
639 1070 970
640 428 388
641 856 776
642 1926 1746
643 1284 1164
644 420 320
645 588 448
646 336 256
647 428 388
648 856 776
649 588 448
650 1070 970
651 588 448
652 672 512
653 252 192
654 672 512
655 588 448
656 1498 1358
657 756 576
658 856 776
659 840 640
660 1284 1164
661 588 448
662 214 194
663 2140 1940
664 672 512
665 756 576
666 1070 970
667 84 64
668 1712 1552
669 420 320
670 2140 1940
671 1070 970
672 1498 1358
673 336 256
674 672 512
675 1712 1552
676 168 128
677 672 512
678 642 582
679 84 64
680 1498 1358
681 1498 1358
682 642 582
683 1926 1746
684 84 64
685 1284 1164
686 1070 970
687 252 192
688 856 776
689 420 320
690 168 128
691 856 776
692 336 256
693 1712 1552
694 756 576
695 856 776
696 2140 1940
697 420 320
698 2140 1940
699 84 64
700 840 640
701 428 388
702 168 128
703 840 640
704 642 582
705 1926 1746
706 2140 1940
707 756 576
708 504 384
709 336 256
710 336 256
711 2140 1940
712 1498 1358
713 168 128
714 168 128
715 2140 1940
716 504 384
717 504 384
718 1712 1552
719 856 776
720 856 776
721 588 448
722 336 256
723 2140 1940
724 420 320
725 252 192
726 1070 970
727 856 776
728 588 448
729 856 776
730 84 64
731 214 194
732 2140 1940
733 84 64
734 840 640
735 642 582
736 336 256
737 504 384
738 336 256
739 1070 970
740 84 64
741 1284 1164
742 1498 1358
743 504 384
744 840 640
745 1284 1164
746 84 64
747 336 256
748 420 320
749 588 448
750 840 640
751 1284 1164
752 428 388
753 168 128
754 428 388
755 756 576
756 84 64
757 1070 970
758 2140 1940
759 1712 1552
760 336 256
761 1498 1358
762 336 256
763 2140 1940
764 428 388
765 504 384
766 252 192
767 1284 1164
768 1926 1746
769 856 776
770 1070 970
771 672 512
772 1498 1358
773 840 640
774 84 64
775 756 576
776 420 320
777 168 128
778 1070 970
779 214 194
780 420 320
781 1070 970
782 428 388
783 428 388
784 1070 970
785 672 512
786 1712 1552
787 840 640
788 168 128
789 1498 1358
790 856 776
791 336 256
792 840 640
793 84 64
794 214 194
795 428 388
796 214 194
797 420 320
798 856 776
799 840 640
800 168 128
801 1712 1552
802 336 256
803 504 384
804 428 388
805 84 64
806 420 320
807 1070 970
808 420 320
809 1712 1552
810 214 194
811 756 576
812 1498 1358
813 168 128
814 84 64
815 840 640
816 840 640
817 1712 1552
818 1284 1164
819 1498 1358
820 588 448
821 642 582
822 2140 1940
823 672 512
824 214 194
825 1070 970
826 856 776
827 756 576
828 588 448
829 1712 1552
830 756 576
831 504 384
832 168 128
833 756 576
834 672 512
835 504 384
836 84 64
837 840 640
838 336 256
839 1712 1552
840 1498 1358
841 840 640
842 420 320
843 168 128
844 1926 1746
845 1284 1164
846 504 384
847 1712 1552
848 1926 1746
849 2140 1940
850 168 128
851 1498 1358
852 336 256
853 420 320
854 252 192
855 2140 1940
856 856 776
857 856 776
858 672 512
859 336 256
860 504 384
861 588 448
862 336 256
863 856 776
864 428 388
865 168 128
866 214 194
867 84 64
868 428 388
869 756 576
870 168 128
871 756 576
872 1284 1164
873 420 320
874 756 576
875 840 640
876 840 640
877 642 582
878 1926 1746
879 420 320
880 214 194
881 252 192
882 588 448
883 428 388
884 428 388
885 1070 970
886 1070 970
887 428 388
888 168 128
889 504 384
890 252 192
891 168 128
892 504 384
893 672 512
894 672 512
895 1712 1552
896 428 388
897 642 582
898 756 576
899 2140 1940
900 642 582
901 2140 1940
902 252 192
903 428 388
904 428 388
905 1070 970
906 1926 1746
907 336 256
908 588 448
909 588 448
910 840 640
911 1926 1746
912 420 320
913 672 512
914 84 64
915 588 448
916 252 192
917 756 576
918 1070 970
919 1498 1358
920 1712 1552
921 428 388
922 1926 1746
923 2140 1940
924 756 576
925 428 388
926 504 384
927 168 128
928 252 192
929 1926 1746
930 2140 1940
931 840 640
932 672 512
933 420 320
934 1284 1164
935 504 384
936 1284 1164
937 428 388
938 642 582
939 672 512
940 672 512
941 336 256
942 336 256
943 672 512
944 840 640
945 840 640
946 336 256
947 672 512
948 1498 1358
949 756 576
950 336 256
951 756 576
952 1926 1746
953 1284 1164
954 1070 970
955 336 256
956 84 64
957 84 64
958 84 64
959 84 64
960 588 448
961 840 640
962 428 388
963 642 582
964 252 192
965 2140 1940
966 1284 1164
967 428 388
968 588 448
969 1498 1358
970 856 776
971 420 320
972 1284 1164
973 252 192
974 504 384
975 84 64
976 1926 1746
977 504 384
978 420 320
979 336 256
980 642 582
981 588 448
982 672 512
983 856 776
984 588 448
985 756 576
986 1070 970
987 336 256
988 642 582
989 840 640
990 1712 1552
991 252 192
992 1284 1164
993 1070 970
994 168 128
995 214 194
996 168 128
997 1070 970
998 168 128
999 1070 970
1000 428 388
1001 252 192
1002 428 388
1003 504 384
1004 856 776
1005 84 64
1006 1926 1746
1007 214 194
1008 428 388
1009 1498 1358
1010 84 64
1011 168 128
1012 168 128
1013 642 582
1014 672 512
1015 756 576
1016 588 448
1017 214 194
1018 1498 1358
1019 1070 970
1020 252 192
1021 84 64
1022 1926 1746
1023 504 384
1024 336 256
1025 168 128
1026 1926 1746
1027 428 388
1028 672 512
1029 840 640
1030 642 582
1031 840 640
1032 2140 1940
1033 336 256
1034 84 64
1035 588 448
1036 1712 1552
1037 428 388
1038 504 384
1039 856 776
1040 672 512
1041 672 512
1042 1070 970
1043 428 388
1044 504 384
1045 252 192
1046 756 576
1047 642 582
1048 420 320
1049 1070 970
1050 504 384
1051 1712 1552
1052 642 582
1053 428 388
1054 428 388
1055 168 128
1056 588 448
1057 1284 1164
1058 856 776
1059 84 64
1060 1070 970
1061 588 448
1062 84 64
1063 336 256
1064 428 388
1065 336 256
1066 168 128
1067 588 448
1068 1712 1552
1069 1498 1358
1070 588 448
1071 428 388
1072 1284 1164
1073 1712 1552
1074 1070 970
1075 756 576
1076 168 128
1077 420 320
1078 672 512
1079 840 640
1080 642 582
1081 336 256
1082 672 512
1083 1498 1358
1084 756 576
1085 504 384
1086 856 776
1087 214 194
1088 2140 1940
1089 252 192
1090 756 576
1091 642 582
1092 1498 1358
1093 672 512
1094 756 576
1095 1926 1746
1096 1926 1746
1097 672 512
1098 336 256
1099 588 448
1100 1712 1552
1101 1712 1552
1102 756 576
1103 2140 1940
1104 252 192
1105 504 384
1106 2140 1940
1107 756 576
1108 840 640
1109 84 64
1110 756 576
1111 504 384
1112 1070 970
1113 84 64
1114 756 576
1115 672 512
1116 252 192
1117 1070 970
1118 420 320
1119 84 64
1120 1070 970
1121 1070 970
1122 672 512
1123 420 320
1124 504 384
1125 1712 1552
1126 428 388
1127 420 320
1128 1070 970
1129 428 388
1130 420 320
1131 252 192
1132 336 256
1133 588 448
1134 1498 1358
1135 214 194
1136 168 128
1137 672 512
1138 1498 1358
1139 1498 1358
1140 1926 1746
1141 504 384
1142 588 448
1143 420 320
1144 1926 1746
1145 2140 1940
1146 168 128
1147 2140 1940
1148 428 388
1149 1284 1164
1150 756 576
1151 588 448
1152 588 448
1153 642 582
1154 1498 1358
1155 428 388
1156 1712 1552
1157 214 194
1158 336 256
1159 84 64
1160 1498 1358
1161 2140 1940
1162 168 128
1163 756 576
1164 252 192
1165 252 192
1166 252 192
1167 214 194
1168 84 64
1169 1926 1746
1170 428 388
1171 756 576
1172 252 192
1173 672 512
1174 1926 1746
1175 856 776
1176 336 256
1177 214 194
1178 756 576
1179 1712 1552
1180 428 388
1181 428 388
1182 504 384
1183 642 582
1184 84 64
1185 336 256
1186 214 194
1187 1070 970
1188 168 128
1189 2140 1940
1190 1712 1552
1191 336 256
1192 672 512
1193 1498 1358
1194 672 512
1195 168 128
1196 588 448
1197 840 640
1198 504 384
1199 336 256
1200 588 448
1201 1926 1746
1202 1070 970
1203 84 64
1204 756 576
1205 504 384
1206 214 194
1207 856 776
1208 336 256
1209 214 194
1210 504 384
1211 504 384
1212 214 194
1213 1926 1746
1214 428 388
1215 420 320
1216 2140 1940
1217 588 448
1218 252 192
1219 1498 1358
1220 168 128
1221 420 320
1222 1498 1358
1223 504 384
1224 336 256
1225 420 320
1226 1284 1164
1227 588 448
1228 428 388
1229 1926 1746
1230 642 582
1231 588 448
1232 214 194
1233 588 448
1234 168 128
1235 1498 1358
1236 336 256
1237 2140 1940
1238 840 640
1239 756 576
1240 1284 1164
1241 642 582
1242 672 512
1243 642 582
1244 420 320
1245 1712 1552
1246 420 320
1247 672 512
1248 756 576
1249 1926 1746
1250 672 512
1251 588 448
1252 168 128
1253 1926 1746
1254 214 194
1255 588 448
1256 168 128
1257 252 192
1258 336 256
1259 428 388
1260 2140 1940
1261 336 256
1262 672 512
1263 1712 1552
1264 428 388
1265 420 320
1266 420 320
1267 84 64
1268 856 776
1269 1498 1358
1270 1926 1746
1271 588 448
1272 588 448
1273 1712 1552
1274 420 320
1275 168 128
1276 504 384
1277 168 128
1278 1926 1746
1279 428 388
1280 672 512
1281 642 582
1282 504 384
1283 1070 970
1284 168 128
1285 856 776
1286 420 320
1287 588 448
1288 840 640
1289 642 582
1290 2140 1940
1291 1284 1164
1292 504 384
1293 420 320
1294 1284 1164
1295 756 576
1296 252 192
1297 856 776
1298 84 64
1299 420 320
1300 84 64
1301 1926 1746
1302 588 448
1303 642 582
1304 840 640
1305 642 582
1306 252 192
1307 252 192
1308 642 582
1309 84 64
1310 588 448
1311 252 192
1312 1284 1164
1313 1712 1552
1314 1070 970
1315 168 128
1316 840 640
1317 2140 1940
1318 428 388
1319 1926 1746
1320 2140 1940
1321 672 512
1322 504 384
1323 588 448
1324 504 384
1325 2140 1940
1326 2140 1940
1327 214 194
1328 756 576
1329 840 640
1330 672 512
1331 756 576
1332 336 256
1333 504 384
1334 672 512
1335 336 256
1336 428 388
1337 168 128
1338 420 320
1339 336 256
1340 856 776
1341 420 320
1342 1712 1552
1343 168 128
1344 856 776
1345 2140 1940
1346 1926 1746
1347 1498 1358
1348 672 512
1349 214 194
1350 2140 1940
1351 672 512
1352 756 576
1353 168 128
1354 84 64
1355 1498 1358
1356 588 448
1357 84 64
1358 168 128
1359 214 194
1360 1070 970
1361 642 582
1362 588 448
1363 252 192
1364 588 448
1365 1712 1552
1366 428 388
1367 2140 1940
1368 84 64
1369 420 320
1370 84 64
1371 336 256
1372 856 776
1373 2140 1940
1374 84 64
1375 504 384
1376 168 128
1377 1070 970
1378 1712 1552
1379 2140 1940
1380 1498 1358
1381 336 256
1382 1712 1552
1383 336 256
1384 1284 1164
1385 1712 1552
1386 252 192
1387 1712 1552
1388 336 256
1389 856 776
1390 1926 1746
1391 756 576
1392 1070 970
1393 672 512
1394 672 512
1395 588 448
1396 856 776
1397 1926 1746
1398 840 640
1399 588 448
1400 840 640
1401 84 64
1402 756 576
1403 1284 1164
1404 336 256
1405 856 776
1406 672 512
1407 336 256
1408 756 576
1409 1284 1164
1410 1070 970
1411 756 576
1412 84 64
1413 1070 970
1414 84 64
1415 1926 1746
1416 1498 1358
1417 420 320
1418 336 256
1419 336 256
1420 588 448
1421 756 576
1422 840 640
1423 756 576
1424 856 776
1425 642 582
1426 1926 1746
1427 1284 1164
1428 1498 1358
1429 1498 1358
1430 214 194
1431 84 64
1432 856 776
1433 1498 1358
1434 84 64
1435 840 640
1436 756 576
1437 428 388
1438 672 512
1439 588 448
1440 1498 1358
1441 428 388
1442 420 320
1443 588 448
1444 1712 1552
1445 1498 1358
1446 2140 1940
1447 1712 1552
1448 84 64
1449 1284 1164
1450 84 64
1451 642 582
1452 336 256
1453 1070 970
1454 420 320
1455 642 582
1456 588 448
1457 504 384
1458 1070 970
1459 856 776
1460 840 640
1461 1284 1164
1462 1284 1164
1463 642 582
1464 1498 1358
1465 672 512
1466 2140 1940
1467 84 64
1468 1070 970
1469 588 448
1470 2140 1940
1471 214 194
1472 420 320
1473 504 384
1474 504 384
1475 214 194
1476 84 64
1477 856 776
1478 756 576
1479 336 256
1480 756 576
1481 428 388
1482 504 384
1483 2140 1940
1484 336 256
1485 336 256
1486 1498 1358
1487 1712 1552
1488 2140 1940
1489 840 640
1490 428 388
1491 840 640
1492 1070 970
1493 168 128
1494 1712 1552
1495 672 512
1496 1284 1164
1497 840 640
1498 168 128
1499 2140 1940
1500 588 448
1501 1070 970
1502 420 320
1503 1284 1164
1504 1498 1358
1505 504 384
1506 168 128
1507 840 640
1508 84 64
1509 84 64
1510 504 384
1511 756 576
1512 336 256
1513 504 384
1514 1926 1746
1515 2140 1940
1516 252 192
1517 588 448
1518 588 448
1519 642 582
1520 168 128
1521 1712 1552
1522 504 384
1523 756 576
1524 168 128
1525 1070 970
1526 588 448
1527 428 388
1528 420 320
1529 428 388
1530 1926 1746
1531 252 192
1532 420 320
1533 642 582
1534 420 320
1535 168 128
1536 642 582
1537 642 582
1538 84 64
1539 336 256
1540 1284 1164
1541 840 640
1542 1926 1746
1543 756 576
1544 1926 1746
1545 642 582
1546 856 776
1547 336 256
1548 1070 970
1549 1712 1552
1550 252 192
1551 672 512
1552 428 388
1553 856 776
1554 588 448
1555 84 64
1556 856 776
1557 420 320
1558 1712 1552
1559 84 64
1560 252 192
1561 84 64
1562 1712 1552
1563 504 384
1564 1712 1552
1565 642 582
1566 856 776
1567 420 320
1568 428 388
1569 2140 1940
1570 252 192
1571 420 320
1572 214 194
1573 840 640
1574 756 576
1575 2140 1940
1576 252 192
1577 2140 1940
1578 1712 1552
1579 504 384
1580 1284 1164
1581 588 448
1582 504 384
1583 252 192
1584 1070 970
1585 504 384
1586 1926 1746
1587 214 194
1588 420 320
1589 336 256
1590 1284 1164
1591 168 128
1592 336 256
1593 856 776
1594 84 64
1595 856 776
1596 1926 1746
1597 168 128
1598 168 128
1599 428 388
1600 1284 1164
1601 672 512
1602 84 64
1603 672 512
1604 856 776
1605 1926 1746
1606 2140 1940
1607 1498 1358
1608 1284 1164
1609 840 640
1610 856 776
1611 856 776
1612 840 640
1613 420 320
1614 1926 1746
1615 84 64
1616 504 384
1617 756 576
1618 1070 970
1619 420 320
1620 84 64
1621 2140 1940
1622 1498 1358
1623 1284 1164
1624 840 640
1625 756 576
1626 840 640
1627 840 640
1628 856 776
1629 336 256
1630 672 512
1631 1926 1746
1632 336 256
1633 252 192
1634 84 64
1635 642 582
1636 588 448
1637 214 194
1638 1284 1164
1639 252 192
1640 588 448
1641 84 64
1642 252 192
1643 420 320
1644 2140 1940
1645 672 512
1646 2140 1940
1647 1070 970
1648 856 776
1649 756 576
1650 336 256
1651 1070 970
1652 168 128
1653 1070 970
1654 336 256
1655 428 388
1656 428 388
1657 672 512
1658 428 388
1659 840 640
1660 1284 1164
1661 840 640
1662 672 512
1663 168 128
1664 428 388
1665 588 448
1666 756 576
1667 252 192
1668 588 448
1669 840 640
1670 168 128
1671 672 512
1672 1926 1746
1673 168 128
1674 252 192
1675 840 640
1676 672 512
1677 642 582
1678 168 128
1679 588 448
1680 1712 1552
1681 504 384
1682 336 256
1683 1926 1746
1684 840 640
1685 856 776
1686 2140 1940
1687 756 576
1688 504 384
1689 1712 1552
1690 756 576
1691 588 448
1692 2140 1940
1693 1284 1164
1694 504 384
1695 1712 1552
1696 252 192
1697 588 448
1698 840 640
1699 1498 1358
1700 856 776
1701 1926 1746
1702 588 448
1703 2140 1940
1704 420 320
1705 84 64
1706 214 194
1707 588 448
1708 1926 1746
1709 1498 1358
1710 2140 1940
1711 1926 1746
1712 336 256
1713 252 192
1714 1498 1358
1715 1926 1746
1716 2140 1940
1717 588 448
1718 1498 1358
1719 672 512
1720 1926 1746
1721 756 576
1722 1926 1746
1723 420 320
1724 168 128
1725 336 256
1726 1926 1746
1727 1284 1164
1728 1284 1164
1729 168 128
1730 504 384
1731 214 194
1732 756 576
1733 504 384
1734 504 384
1735 756 576
1736 2140 1940
1737 1926 1746
1738 1284 1164
1739 428 388
1740 672 512
1741 2140 1940
1742 756 576
1743 252 192
1744 1070 970
1745 504 384
1746 642 582
1747 1498 1358
1748 428 388
1749 420 320
1750 1712 1552
1751 588 448
1752 1498 1358
1753 588 448
1754 1070 970
1755 672 512
1756 168 128
1757 672 512
1758 1712 1552
1759 856 776
1760 214 194
1761 420 320
1762 504 384
1763 428 388
1764 642 582
1765 168 128
1766 504 384
1767 2140 1940
1768 214 194
1769 840 640
1770 504 384
1771 1284 1164
1772 1284 1164
1773 504 384
1774 1284 1164
1775 428 388
1776 336 256
1777 168 128
1778 672 512
1779 336 256
1780 336 256
1781 1070 970
1782 2140 1940
1783 428 388
1784 336 256
1785 1284 1164
1786 588 448
1787 504 384
1788 336 256
1789 1284 1164
1790 428 388
1791 336 256
1792 588 448
1793 84 64
1794 168 128
1795 1284 1164
1796 214 194
1797 672 512
1798 588 448
1799 336 256
1800 504 384
1801 756 576
1802 420 320
1803 1712 1552
1804 336 256
1805 756 576
1806 1070 970
1807 1926 1746
1808 336 256
1809 214 194
1810 756 576
1811 214 194
1812 428 388
1813 214 194
1814 84 64
1815 428 388
1816 672 512
1817 1712 1552
1818 420 320
1819 420 320
1820 2140 1940
1821 504 384
1822 252 192
1823 252 192
1824 642 582
1825 1926 1746
1826 672 512
1827 336 256
1828 1284 1164
1829 504 384
1830 1926 1746
1831 84 64
1832 1284 1164
1833 672 512
1834 1712 1552
1835 168 128
1836 672 512
1837 588 448
1838 840 640
1839 1284 1164
1840 1712 1552
1841 2140 1940
1842 1284 1164
1843 1926 1746
1844 1926 1746
1845 2140 1940
1846 672 512
1847 168 128
1848 168 128
1849 428 388
1850 856 776
1851 214 194
1852 1498 1358
1853 504 384
1854 428 388
1855 1498 1358
1856 1712 1552
1857 856 776
1858 2140 1940
1859 1926 1746
1860 504 384
1861 642 582
1862 756 576
1863 856 776
1864 428 388
1865 672 512
1866 214 194
1867 756 576
1868 1926 1746
1869 840 640
1870 428 388
1871 84 64
1872 1284 1164
1873 1498 1358
1874 756 576
1875 336 256
1876 420 320
1877 252 192
1878 840 640
1879 588 448
1880 1712 1552
1881 856 776
1882 672 512
1883 840 640
1884 252 192
1885 856 776
1886 1712 1552
1887 2140 1940
1888 420 320
1889 168 128
1890 856 776
1891 642 582
1892 2140 1940
1893 856 776
1894 1284 1164
1895 642 582
1896 336 256
1897 1926 1746
1898 168 128
1899 1284 1164
1900 1926 1746
1901 856 776
1902 504 384
1903 84 64
1904 84 64
1905 756 576
1906 1498 1358
1907 672 512
1908 252 192
1909 672 512
1910 252 192
1911 428 388
1912 214 194
1913 428 388
1914 1070 970
1915 1712 1552
1916 336 256
1917 336 256
1918 588 448
1919 252 192
1920 428 388
1921 588 448
1922 1070 970
1923 672 512
1924 428 388
1925 588 448
1926 252 192
1927 1284 1164
1928 1284 1164
1929 1284 1164
1930 588 448
1931 420 320
1932 672 512
1933 1070 970
1934 756 576
1935 756 576
1936 856 776
1937 1070 970
1938 428 388
1939 1498 1358
1940 168 128
1941 1498 1358
1942 2140 1940
1943 672 512
1944 2140 1940
1945 1498 1358
1946 1712 1552
1947 1498 1358
1948 672 512
1949 428 388
1950 504 384
1951 84 64
1952 336 256
1953 1284 1164
1954 856 776
1955 252 192
1956 428 388
1957 672 512
1958 588 448
1959 2140 1940
1960 252 192
1961 168 128
1962 504 384
1963 2140 1940
1964 214 194
1965 84 64
1966 856 776
1967 1498 1358
1968 1070 970
1969 856 776
1970 588 448
1971 168 128
1972 420 320
1973 1284 1164
1974 672 512
1975 1070 970
1976 672 512
1977 1498 1358
1978 168 128
1979 336 256
1980 1284 1164
1981 428 388
1982 840 640
1983 1284 1164
1984 420 320
1985 1926 1746
1986 420 320
1987 642 582
1988 168 128
1989 1926 1746
1990 856 776
1991 214 194
1992 214 194
1993 504 384
1994 336 256
1995 672 512
1996 2140 1940
1997 1926 1746
1998 420 320
1999 642 582
2000 1070 970
2001 252 192
2002 1712 1552
2003 2140 1940
2004 756 576
2005 1070 970
2006 756 576
2007 588 448
2008 588 448
2009 1498 1358
2010 840 640
2011 1926 1746
2012 1284 1164
2013 504 384
2014 504 384
2015 840 640
2016 756 576
2017 1070 970
2018 504 384
2019 336 256
2020 856 776
2021 168 128
2022 214 194
2023 672 512
2024 756 576
2025 1070 970
2026 1926 1746
2027 2140 1940
2028 336 256
2029 336 256
2030 336 256
2031 420 320
2032 336 256
2033 1926 1746
2034 756 576
2035 840 640
2036 1284 1164
2037 840 640
2038 168 128
2039 84 64
2040 504 384
2041 1498 1358
2042 84 64
2043 214 194
2044 168 128
2045 856 776
2046 504 384
2047 2140 1940
2048 420 320
2049 856 776
2050 756 576
2051 1498 1358
2052 420 320
2053 1926 1746
2054 1926 1746
2055 420 320
2056 856 776
2057 336 256
2058 642 582
2059 168 128
2060 1284 1164
2061 672 512
2062 168 128
2063 672 512
2064 756 576
2065 588 448
2066 1070 970
2067 756 576
2068 756 576
2069 252 192
2070 428 388
2071 2140 1940
2072 84 64
2073 168 128
2074 840 640
2075 1498 1358
2076 1712 1552
2077 1498 1358
2078 2140 1940
2079 504 384
2080 672 512
2081 214 194
2082 1284 1164
2083 756 576
2084 252 192
2085 2140 1940
2086 856 776
2087 2140 1940
2088 672 512
2089 2140 1940
2090 1498 1358
2091 214 194
2092 588 448
2093 2140 1940
2094 1070 970
2095 642 582
2096 504 384
2097 1284 1164
2098 420 320
2099 252 192
2100 856 776
2101 1498 1358
2102 336 256
2103 504 384
2104 336 256
2105 168 128
2106 1284 1164
2107 420 320
2108 168 128
2109 588 448
2110 214 194
2111 252 192
2112 856 776
2113 1712 1552
2114 1712 1552
2115 840 640
2116 428 388
2117 1712 1552
2118 756 576
2119 588 448
2120 336 256
2121 588 448
2122 1712 1552
2123 756 576
2124 1284 1164
2125 2140 1940
2126 588 448
2127 336 256
2128 504 384
2129 1070 970
2130 428 388
2131 1712 1552
2132 588 448
2133 588 448
2134 756 576
2135 642 582
2136 588 448
2137 1284 1164
2138 1284 1164
2139 252 192
2140 642 582
2141 1498 1358
2142 214 194
2143 756 576
2144 504 384
2145 428 388
2146 756 576
2147 336 256
2148 1712 1552
2149 504 384
2150 588 448
2151 1712 1552
2152 420 320
2153 642 582
2154 336 256
2155 428 388
2156 1070 970
2157 588 448
2158 336 256
2159 1498 1358
2160 1284 1164
2161 1284 1164
2162 420 320
2163 428 388
2164 840 640
2165 1070 970
2166 252 192
2167 84 64
2168 168 128
2169 420 320
2170 1712 1552
2171 2140 1940
2172 856 776
2173 1284 1164
2174 336 256
2175 2140 1940
2176 1070 970
2177 840 640
2178 336 256
2179 1712 1552
2180 1498 1358
2181 1712 1552
2182 504 384
2183 336 256
2184 1284 1164
2185 1498 1358
2186 1712 1552
2187 336 256
2188 756 576
2189 642 582
2190 1070 970
2191 856 776
2192 336 256
2193 1284 1164
2194 1070 970
2195 428 388
2196 856 776
2197 1712 1552
2198 856 776
2199 1926 1746
2200 168 128
2201 840 640
2202 1712 1552
2203 588 448
2204 1498 1358
2205 2140 1940
2206 1284 1164
2207 642 582
2208 2140 1940
2209 420 320
2210 1926 1746
2211 214 194
2212 168 128
2213 588 448
2214 840 640
2215 504 384
2216 2140 1940
2217 84 64
2218 588 448
2219 756 576
2220 1284 1164
2221 84 64
2222 1070 970
2223 336 256
2224 1926 1746
2225 252 192
2226 588 448
2227 756 576
2228 642 582
2229 642 582
2230 588 448
2231 168 128
2232 1926 1746
2233 1712 1552
2234 428 388
2235 1712 1552
2236 1926 1746
2237 672 512
2238 336 256
2239 1926 1746
2240 2140 1940
2241 428 388
2242 1284 1164
2243 1498 1358
2244 84 64
2245 84 64
2246 856 776
2247 214 194
2248 840 640
2249 1926 1746
2250 1712 1552
2251 420 320
2252 2140 1940
2253 756 576
2254 1926 1746
2255 840 640
2256 1712 1552
2257 504 384
2258 642 582
2259 168 128
2260 856 776
2261 2140 1940
2262 1926 1746
2263 840 640
2264 336 256
2265 840 640
2266 1284 1164
2267 840 640
2268 2140 1940
2269 420 320
2270 1498 1358
2271 840 640
2272 1284 1164
2273 2140 1940
2274 336 256
2275 84 64
2276 856 776
2277 504 384
2278 840 640
2279 1070 970
2280 588 448
2281 428 388
2282 84 64
2283 840 640
2284 84 64
2285 420 320
2286 642 582
2287 336 256
2288 1712 1552
2289 420 320
2290 588 448
2291 252 192
2292 168 128
2293 672 512
2294 1498 1358
2295 420 320
2296 2140 1940
2297 1498 1358
2298 1926 1746
2299 1712 1552
2300 84 64
2301 252 192
2302 1284 1164
2303 504 384
2304 856 776
2305 168 128
2306 428 388
2307 252 192
2308 84 64
2309 642 582
2310 420 320
2311 756 576
2312 756 576
2313 504 384
2314 856 776
2315 1284 1164
2316 252 192
2317 1070 970
2318 1712 1552
2319 252 192
2320 2140 1940
2321 756 576
2322 1712 1552
2323 428 388
2324 168 128
2325 1070 970
2326 336 256
2327 336 256
2328 672 512
2329 2140 1940
2330 1070 970
2331 1712 1552
2332 840 640
2333 1284 1164
2334 252 192
2335 336 256
2336 252 192
2337 1070 970
2338 214 194
2339 756 576
2340 428 388
2341 840 640
2342 252 192
2343 1712 1552
2344 214 194
2345 168 128
2346 420 320
2347 1926 1746
2348 1070 970
2349 1070 970
2350 588 448
2351 420 320
2352 428 388
2353 428 388
2354 84 64
2355 840 640
2356 1926 1746
2357 642 582
2358 2140 1940
2359 1712 1552
2360 2140 1940
2361 336 256
2362 1712 1552
2363 2140 1940
2364 504 384
2365 840 640
2366 756 576
2367 428 388
2368 856 776
2369 840 640
2370 168 128
2371 1926 1746
2372 2140 1940
2373 856 776
2374 428 388
2375 84 64
2376 336 256
2377 756 576
2378 1070 970
2379 856 776
2380 252 192
2381 214 194
2382 840 640
2383 504 384
2384 84 64
2385 336 256
2386 840 640
2387 1712 1552
2388 252 192
2389 428 388
2390 420 320
2391 420 320
2392 84 64
2393 1284 1164
2394 1070 970
2395 588 448
2396 1712 1552
2397 588 448
2398 642 582
2399 252 192
2400 504 384
2401 856 776
2402 428 388
2403 420 320
2404 84 64
2405 642 582
2406 756 576
2407 428 388
2408 84 64
2409 336 256
2410 672 512
2411 588 448
2412 1498 1358
2413 1070 970
2414 168 128
2415 1498 1358
2416 756 576
2417 1712 1552
2418 1712 1552
2419 756 576
2420 1070 970
2421 840 640
2422 504 384
2423 252 192
2424 642 582
2425 1070 970
2426 2140 1940
2427 168 128
2428 428 388
2429 588 448
2430 1498 1358
2431 1498 1358
2432 672 512
2433 336 256
2434 2140 1940
2435 214 194
2436 756 576
2437 214 194
2438 588 448
2439 642 582
2440 168 128
2441 168 128
2442 1284 1164
2443 642 582
2444 84 64
2445 1498 1358
2446 1712 1552
2447 428 388
2448 672 512
2449 168 128
2450 504 384
2451 252 192
2452 642 582
2453 214 194
2454 1070 970
2455 856 776
2456 856 776
2457 588 448
2458 840 640
2459 252 192
2460 336 256
2461 2140 1940
2462 856 776
2463 504 384
2464 840 640
2465 1712 1552
2466 420 320
2467 1070 970
2468 840 640
2469 672 512
2470 504 384
2471 336 256
2472 428 388
2473 336 256
2474 2140 1940
2475 756 576
2476 1498 1358
2477 1070 970
2478 840 640
2479 840 640
2480 428 388
2481 336 256
2482 642 582
2483 2140 1940
2484 84 64
2485 252 192
2486 2140 1940
2487 642 582
2488 428 388
2489 420 320
2490 214 194
2491 1926 1746
2492 420 320
2493 1070 970
2494 1070 970
2495 252 192
2496 756 576
2497 1926 1746
2498 1712 1552
2499 1926 1746
2500 672 512
2501 1712 1552
2502 252 192
2503 588 448
2504 252 192
2505 588 448
2506 1284 1164
2507 1498 1358
2508 168 128
2509 2140 1940
2510 1498 1358
2511 1498 1358
2512 1926 1746
2513 214 194
2514 642 582
2515 1070 970
2516 672 512
2517 336 256
2518 1498 1358
2519 1926 1746
2520 856 776
2521 84 64
2522 252 192
2523 642 582
2524 420 320
2525 1070 970
2526 1498 1358
2527 214 194
2528 504 384
2529 588 448
2530 420 320
2531 214 194
2532 856 776
2533 756 576
2534 642 582
2535 84 64
2536 1926 1746
2537 1712 1552
2538 856 776
2539 336 256
2540 428 388
2541 168 128
2542 840 640
2543 252 192
2544 2140 1940
2545 504 384
2546 504 384
2547 420 320
2548 840 640
2549 504 384
2550 756 576
2551 1712 1552
2552 2140 1940
2553 856 776
2554 420 320
2555 214 194
2556 504 384
2557 840 640
2558 840 640
2559 856 776
2560 1284 1164
2561 672 512
2562 428 388
2563 1284 1164
2564 420 320
2565 756 576
2566 856 776
2567 336 256
2568 1712 1552
2569 856 776
2570 504 384
2571 336 256
2572 1926 1746
2573 336 256
2574 84 64
2575 1070 970
2576 1070 970
2577 1070 970
2578 336 256
2579 856 776
2580 1712 1552
2581 756 576
2582 214 194
2583 1284 1164
2584 336 256
2585 2140 1940
2586 642 582
2587 252 192
2588 168 128
2589 756 576
2590 336 256
2591 504 384
2592 336 256
2593 1070 970
2594 252 192
2595 840 640
2596 588 448
2597 504 384
2598 642 582
2599 84 64
2600 1070 970
2601 1284 1164
2602 420 320
2603 1926 1746
2604 252 192
2605 168 128
2606 756 576
2607 672 512
2608 588 448
2609 168 128
2610 856 776
2611 856 776
2612 642 582
2613 642 582
2614 1284 1164
2615 1284 1164
2616 214 194
2617 856 776
2618 252 192
2619 168 128
2620 756 576
2621 336 256
2622 420 320
2623 504 384
2624 1284 1164
2625 2140 1940
2626 1284 1164
2627 168 128
2628 588 448
2629 1070 970
2630 214 194
2631 1712 1552
2632 856 776
2633 84 64
2634 336 256
2635 214 194
2636 168 128
2637 642 582
2638 1926 1746
2639 504 384
2640 642 582
2641 1284 1164
2642 504 384
2643 856 776
2644 252 192
2645 1284 1164
2646 428 388
2647 214 194
2648 856 776
2649 756 576
2650 1926 1746
2651 84 64
2652 588 448
2653 840 640
2654 420 320
2655 1712 1552
2656 756 576
2657 588 448
2658 588 448
2659 1498 1358
2660 428 388
2661 168 128
2662 252 192
2663 642 582
2664 2140 1940
2665 1284 1164
2666 336 256
2667 2140 1940
2668 756 576
2669 1498 1358
2670 504 384
2671 252 192
2672 252 192
2673 642 582
2674 504 384
2675 1498 1358
2676 428 388
2677 642 582
2678 840 640
2679 420 320
2680 420 320
2681 840 640
2682 1926 1746
2683 1712 1552
2684 756 576
2685 84 64
2686 214 194
2687 1284 1164
2688 672 512
2689 588 448
2690 2140 1940
2691 214 194
2692 856 776
2693 504 384
2694 168 128
2695 756 576
2696 588 448
2697 428 388
2698 1926 1746
2699 856 776
2700 336 256
2701 1926 1746
2702 1498 1358
2703 1712 1552
2704 1284 1164
2705 642 582
2706 1070 970
2707 168 128
2708 588 448
2709 428 388
2710 420 320
2711 1284 1164
2712 840 640
2713 84 64
2714 672 512
2715 1712 1552
2716 214 194
2717 672 512
2718 1284 1164
2719 1926 1746
2720 336 256
2721 84 64
2722 672 512
2723 672 512
2724 672 512
2725 1498 1358
2726 2140 1940
2727 168 128
2728 1926 1746
2729 252 192
2730 2140 1940
2731 1712 1552
2732 336 256
2733 428 388
2734 840 640
2735 1498 1358
2736 428 388
2737 1498 1358
2738 1070 970
2739 1070 970
2740 840 640
2741 2140 1940
2742 1070 970
2743 672 512
2744 840 640
2745 840 640
2746 420 320
2747 214 194
2748 1498 1358
2749 756 576
2750 856 776
2751 840 640
2752 428 388
2753 336 256
2754 214 194
2755 84 64
2756 252 192
2757 336 256
2758 588 448
2759 252 192
2760 1498 1358
2761 1284 1164
2762 336 256
2763 642 582
2764 504 384
2765 672 512
2766 756 576
2767 588 448
2768 1284 1164
2769 214 194
2770 1712 1552
2771 672 512
2772 642 582
2773 84 64
2774 252 192
2775 1712 1552
2776 1498 1358
2777 1498 1358
2778 214 194
2779 336 256
2780 420 320
2781 1712 1552
2782 840 640
2783 214 194
2784 1712 1552
2785 420 320
2786 420 320
2787 1498 1358
2788 642 582
2789 756 576
2790 428 388
2791 756 576
2792 420 320
2793 252 192
2794 420 320
2795 588 448
2796 588 448
2797 84 64
2798 756 576
2799 840 640
2800 2140 1940
2801 428 388
2802 168 128
2803 840 640
2804 1284 1164
2805 168 128
2806 168 128
2807 588 448
2808 1070 970
2809 504 384
2810 1070 970
2811 672 512
2812 1070 970
2813 1926 1746
2814 428 388
2815 856 776
2816 756 576
2817 642 582
2818 1926 1746
2819 642 582
2820 1284 1164
2821 420 320
2822 672 512
2823 336 256
2824 504 384
2825 1926 1746
2826 214 194
2827 428 388
2828 336 256
2829 1926 1746
2830 642 582
2831 336 256
2832 336 256
2833 1284 1164
2834 336 256
2835 840 640
2836 1070 970
2837 84 64
2838 672 512
2839 1498 1358
2840 214 194
2841 840 640
2842 336 256
2843 756 576
2844 336 256
2845 428 388
2846 214 194
2847 756 576
2848 2140 1940
2849 214 194
2850 588 448
2851 756 576
2852 336 256
2853 214 194
2854 504 384
2855 1712 1552
2856 336 256
2857 2140 1940
2858 1498 1358
2859 1284 1164
2860 1498 1358
2861 336 256
2862 428 388
2863 1712 1552
2864 420 320
2865 840 640
2866 756 576
2867 336 256
2868 856 776
2869 84 64
2870 840 640
2871 1712 1552
2872 1498 1358
2873 1284 1164
2874 252 192
2875 214 194
2876 2140 1940
2877 420 320
2878 1712 1552
2879 252 192
2880 2140 1940
2881 840 640
2882 1498 1358
2883 1070 970
2884 214 194
2885 1498 1358
2886 252 192
2887 1498 1358
2888 856 776
2889 84 64
2890 420 320
2891 756 576
2892 1498 1358
2893 1284 1164
2894 2140 1940
2895 420 320
2896 84 64
2897 504 384
2898 214 194
2899 2140 1940
2900 336 256
2901 588 448
2902 642 582
2903 1284 1164
2904 2140 1940
2905 84 64
2906 1070 970
2907 252 192
2908 1498 1358
2909 428 388
2910 504 384
2911 1926 1746
2912 840 640
2913 756 576
2914 1284 1164
2915 856 776
2916 336 256
2917 1284 1164
2918 420 320
2919 428 388
2920 1070 970
2921 214 194
2922 420 320
2923 1070 970
2924 672 512
2925 252 192
2926 840 640
2927 214 194
2928 428 388
2929 642 582
2930 1498 1358
2931 840 640
2932 1926 1746
2933 642 582
2934 84 64
2935 856 776
2936 856 776
2937 2140 1940
2938 856 776
2939 856 776
2940 1926 1746
2941 1926 1746
2942 1712 1552
2943 642 582
2944 1926 1746
2945 1284 1164
2946 672 512
2947 84 64
2948 214 194
2949 84 64
2950 756 576
2951 1284 1164
2952 84 64
2953 1070 970
2954 84 64
2955 642 582
2956 168 128
2957 252 192
2958 642 582
2959 672 512
2960 1926 1746
2961 2140 1940
2962 1712 1552
2963 504 384
2964 84 64
2965 1498 1358
2966 420 320
2967 84 64
2968 2140 1940
2969 672 512
2970 504 384
2971 856 776
2972 1284 1164
2973 168 128
2974 856 776
2975 672 512
2976 1284 1164
2977 428 388
2978 214 194
2979 1284 1164
2980 1712 1552
2981 428 388
2982 1498 1358
2983 642 582
2984 214 194
2985 840 640
2986 420 320
2987 672 512
2988 504 384
2989 336 256
2990 252 192
2991 1926 1746
2992 1498 1358
2993 504 384
2994 642 582
2995 1712 1552
2996 1284 1164
2997 1926 1746
2998 1284 1164
2999 214 194
3000 642 582
3001 642 582
3002 1284 1164
3003 1284 1164
3004 856 776
3005 1070 970
3006 588 448
3007 168 128
3008 642 582
3009 420 320
3010 428 388
3011 252 192
3012 588 448
3013 214 194
3014 1712 1552
3015 214 194
3016 856 776
3017 84 64
3018 428 388
3019 428 388
3020 856 776
3021 252 192
3022 214 194
3023 168 128
3024 1712 1552
3025 1284 1164
3026 588 448
3027 252 192
3028 504 384
3029 1070 970
3030 1498 1358
3031 2140 1940
3032 252 192
3033 504 384
3034 336 256
3035 856 776
3036 840 640
3037 1926 1746
3038 214 194
3039 252 192
3040 252 192
3041 428 388
3042 420 320
3043 168 128
3044 252 192
3045 1926 1746
3046 588 448
3047 1284 1164
3048 214 194
3049 84 64
3050 856 776
3051 214 194
3052 1498 1358
3053 756 576
3054 2140 1940
3055 588 448
3056 1284 1164
3057 252 192
3058 756 576
3059 168 128
3060 168 128
3061 588 448
3062 856 776
3063 84 64
3064 214 194
3065 756 576
3066 336 256
3067 420 320
3068 2140 1940
3069 1284 1164
3070 420 320
3071 336 256
3072 1498 1358
3073 84 64
3074 1712 1552
3075 252 192
3076 1712 1552
3077 1926 1746
3078 1712 1552
3079 420 320
3080 1070 970
3081 84 64
3082 588 448
3083 756 576
3084 856 776
3085 1712 1552
3086 84 64
3087 84 64
3088 84 64
3089 1284 1164
3090 168 128
3091 1070 970
3092 504 384
3093 1926 1746
3094 420 320
3095 420 320
3096 1712 1552
3097 1926 1746
3098 1926 1746
3099 428 388
3100 336 256
3101 252 192
3102 336 256
3103 252 192
3104 1498 1358
3105 1498 1358
3106 1712 1552
3107 856 776
3108 1926 1746
3109 756 576
3110 84 64
3111 642 582
3112 1498 1358
3113 168 128
3114 1284 1164
3115 428 388
3116 1712 1552
3117 214 194
3118 504 384
3119 588 448
3120 428 388
3121 168 128
3122 168 128
3123 672 512
3124 504 384
3125 168 128
3126 1712 1552
3127 1712 1552
3128 84 64
3129 856 776
3130 420 320
3131 756 576
3132 1284 1164
3133 168 128
3134 2140 1940
3135 1498 1358
3136 428 388
3137 504 384
3138 588 448
3139 1284 1164
3140 420 320
3141 214 194
3142 840 640
3143 336 256
3144 504 384
3145 84 64
3146 168 128
3147 428 388
3148 1284 1164
3149 504 384
3150 1284 1164
3151 84 64
3152 2140 1940
3153 2140 1940
3154 756 576
3155 1070 970
3156 504 384
3157 420 320
3158 1712 1552
3159 840 640
3160 420 320
3161 252 192
3162 1284 1164
3163 840 640
3164 1284 1164
3165 840 640
3166 504 384
3167 504 384
3168 1498 1358
3169 2140 1940
3170 588 448
3171 1070 970
3172 642 582
3173 588 448
3174 214 194
3175 672 512
3176 2140 1940
3177 588 448
3178 252 192
3179 840 640
3180 672 512
3181 2140 1940
3182 1498 1358
3183 420 320
3184 756 576
3185 856 776
3186 84 64
3187 856 776
3188 840 640
3189 504 384
3190 1926 1746
3191 2140 1940
3192 588 448
3193 252 192
3194 1070 970
3195 504 384
3196 756 576
3197 420 320
3198 1498 1358
3199 840 640
3200 1498 1358
3201 2140 1940
3202 428 388
3203 168 128
3204 672 512
3205 504 384
3206 756 576
3207 168 128
3208 504 384
3209 840 640
3210 336 256
3211 1712 1552
3212 1070 970
3213 252 192
3214 1712 1552
3215 336 256
3216 252 192
3217 588 448
3218 840 640
3219 1926 1746
3220 856 776
3221 1712 1552
3222 588 448
3223 336 256
3224 168 128
3225 588 448
3226 1712 1552
3227 672 512
3228 420 320
3229 672 512
3230 1284 1164
3231 2140 1940
3232 1498 1358
3233 84 64
3234 642 582
3235 840 640
3236 2140 1940
3237 2140 1940
3238 214 194
3239 214 194
3240 1498 1358
3241 1498 1358
3242 168 128
3243 214 194
3244 252 192
3245 336 256
3246 2140 1940
3247 428 388
3248 588 448
3249 252 192
3250 420 320
3251 252 192
3252 420 320
3253 756 576
3254 588 448
3255 672 512
3256 1284 1164
3257 168 128
3258 642 582
3259 2140 1940
3260 672 512
3261 336 256
3262 84 64
3263 420 320
3264 840 640
3265 840 640
3266 840 640
3267 84 64
3268 1284 1164
3269 336 256
3270 1284 1164
3271 1498 1358
3272 756 576
3273 2140 1940
3274 168 128
3275 168 128
3276 1284 1164
3277 1926 1746
3278 642 582
3279 1070 970
3280 1070 970
3281 642 582
3282 420 320
3283 2140 1940
3284 214 194
3285 428 388
3286 1712 1552
3287 1926 1746
3288 840 640
3289 420 320
3290 1498 1358
3291 420 320
3292 428 388
3293 756 576
3294 1070 970
3295 588 448
3296 1070 970
3297 1712 1552
3298 420 320
3299 1284 1164
3300 840 640
3301 428 388
3302 2140 1940
3303 168 128
3304 1926 1746
3305 168 128
3306 840 640
3307 1926 1746
3308 1712 1552
3309 168 128
3310 252 192
3311 336 256
3312 336 256
3313 1070 970
3314 840 640
3315 252 192
3316 1284 1164
3317 1498 1358
3318 84 64
3319 1284 1164
3320 1070 970
3321 84 64
3322 428 388
3323 672 512
3324 1498 1358
3325 1926 1746
3326 1498 1358
3327 1284 1164
3328 2140 1940
3329 1712 1552
3330 252 192
3331 1712 1552
3332 840 640
3333 756 576
3334 168 128
3335 336 256
3336 168 128
3337 84 64
3338 840 640
3339 642 582
3340 84 64
3341 588 448
3342 336 256
3343 428 388
3344 1070 970
3345 840 640
3346 1712 1552
3347 252 192
3348 168 128
3349 420 320
3350 1070 970
3351 1926 1746
3352 1926 1746
3353 84 64
3354 856 776
3355 1070 970
3356 84 64
3357 856 776
3358 1498 1358
3359 84 64
3360 856 776
3361 642 582
3362 1284 1164
3363 1070 970
3364 84 64
3365 252 192
3366 1070 970
3367 168 128
3368 252 192
3369 1712 1552
3370 672 512
3371 672 512
3372 840 640
3373 428 388
3374 504 384
3375 252 192
3376 336 256
3377 2140 1940
3378 214 194
3379 428 388
3380 756 576
3381 168 128
3382 1712 1552
3383 1284 1164
3384 420 320
3385 672 512
3386 1712 1552
3387 504 384
3388 1070 970
3389 2140 1940
3390 672 512
3391 336 256
3392 1712 1552
3393 1498 1358
3394 1926 1746
3395 588 448
3396 1070 970
3397 428 388
3398 1284 1164
3399 588 448
3400 420 320
3401 504 384
3402 84 64
3403 214 194
3404 84 64
3405 588 448
3406 588 448
3407 420 320
3408 336 256
3409 252 192
3410 1498 1358
3411 252 192
3412 504 384
3413 1284 1164
3414 420 320
3415 428 388
3416 214 194
3417 840 640
3418 1284 1164
3419 856 776
3420 420 320
3421 588 448
3422 214 194
3423 756 576
3424 642 582
3425 856 776
3426 2140 1940
3427 252 192
3428 1926 1746
3429 336 256
3430 1498 1358
3431 756 576
3432 420 320
3433 2140 1940
3434 252 192
3435 1926 1746
3436 672 512
3437 504 384
3438 1498 1358
3439 1926 1746
3440 2140 1940
3441 856 776
3442 214 194
3443 84 64
3444 588 448
3445 642 582
3446 2140 1940
3447 588 448
3448 336 256
3449 214 194
3450 672 512
3451 1284 1164
3452 1498 1358
3453 84 64
3454 856 776
3455 252 192
3456 2140 1940
3457 1070 970
3458 420 320
3459 840 640
3460 672 512
3461 642 582
3462 504 384
3463 1712 1552
3464 840 640
3465 336 256
3466 336 256
3467 428 388
3468 1498 1358
3469 252 192
3470 2140 1940
3471 856 776
3472 756 576
3473 672 512
3474 252 192
3475 1712 1552
3476 2140 1940
3477 1926 1746
3478 840 640
3479 252 192
3480 168 128
3481 428 388
3482 1284 1164
3483 1712 1552
3484 2140 1940
3485 588 448
3486 336 256
3487 420 320
3488 588 448
3489 1926 1746
3490 840 640
3491 2140 1940
3492 1284 1164
3493 84 64
3494 214 194
3495 214 194
3496 336 256
3497 1284 1164
3498 214 194
3499 856 776
3500 168 128
3501 1712 1552
3502 856 776
3503 336 256
3504 504 384
3505 1712 1552
3506 84 64
3507 672 512
3508 1070 970
3509 856 776
3510 672 512
3511 1926 1746
3512 84 64
3513 84 64
3514 420 320
3515 642 582
3516 214 194
3517 856 776
3518 2140 1940
3519 1926 1746
3520 642 582
3521 756 576
3522 420 320
3523 588 448
3524 642 582
3525 1284 1164
3526 588 448
3527 420 320
3528 336 256
3529 588 448
3530 504 384
3531 168 128
3532 168 128
3533 252 192
3534 252 192
3535 420 320
3536 1284 1164
3537 1070 970
3538 672 512
3539 168 128
3540 168 128
3541 504 384
3542 168 128
3543 856 776
3544 168 128
3545 428 388
3546 84 64
3547 1712 1552
3548 428 388
3549 672 512
3550 840 640
3551 1926 1746
3552 1926 1746
3553 252 192
3554 588 448
3555 2140 1940
3556 336 256
3557 2140 1940
3558 672 512
3559 1712 1552
3560 252 192
3561 428 388
3562 214 194
3563 1926 1746
3564 588 448
3565 252 192
3566 1926 1746
3567 504 384
3568 756 576
3569 168 128
3570 2140 1940
3571 588 448
3572 856 776
3573 642 582
3574 1070 970
3575 856 776
3576 1498 1358
3577 588 448
3578 168 128
3579 1926 1746
3580 2140 1940
3581 672 512
3582 252 192
3583 168 128
3584 672 512
3585 428 388
3586 168 128
3587 856 776
3588 420 320
3589 420 320
3590 428 388
3591 672 512
3592 2140 1940
3593 2140 1940
3594 856 776
3595 588 448
3596 1926 1746
3597 1712 1552
3598 856 776
3599 214 194
3600 2140 1940
3601 336 256
3602 1498 1358
3603 756 576
3604 214 194
3605 1498 1358
3606 168 128
3607 642 582
3608 1712 1552
3609 1498 1358
3610 84 64
3611 428 388
3612 252 192
3613 420 320
3614 840 640
3615 756 576
3616 588 448
3617 214 194
3618 588 448
3619 2140 1940
3620 336 256
3621 1070 970
3622 840 640
3623 642 582
3624 2140 1940
3625 504 384
3626 504 384
3627 420 320
3628 856 776
3629 420 320
3630 1926 1746
3631 856 776
3632 428 388
3633 856 776
3634 1712 1552
3635 1284 1164
3636 84 64
3637 1712 1552
3638 504 384
3639 1284 1164
3640 840 640
3641 672 512
3642 1712 1552
3643 1284 1164
3644 420 320
3645 214 194
3646 856 776
3647 1712 1552
3648 840 640
3649 84 64
3650 168 128
3651 1712 1552
3652 588 448
3653 1284 1164
3654 214 194
3655 856 776
3656 642 582
3657 840 640
3658 336 256
3659 588 448
3660 168 128
3661 672 512
3662 672 512
3663 1284 1164
3664 856 776
3665 1070 970
3666 252 192
3667 756 576
3668 168 128
3669 1712 1552
3670 756 576
3671 504 384
3672 1712 1552
3673 1284 1164
3674 214 194
3675 1284 1164
3676 756 576
3677 1926 1746
3678 1070 970
3679 642 582
3680 1712 1552
3681 840 640
3682 252 192
3683 840 640
3684 840 640
3685 428 388
3686 214 194
3687 504 384
3688 672 512
3689 2140 1940
3690 84 64
3691 840 640
3692 1498 1358
3693 428 388
3694 214 194
3695 84 64
3696 1070 970
3697 1926 1746
3698 504 384
3699 642 582
3700 840 640
3701 168 128
3702 1712 1552
3703 756 576
3704 1712 1552
3705 168 128
3706 420 320
3707 1284 1164
3708 84 64
3709 642 582
3710 214 194
3711 504 384
3712 672 512
3713 1712 1552
3714 252 192
3715 1926 1746
3716 1070 970
3717 2140 1940
3718 588 448
3719 756 576
3720 504 384
3721 214 194
3722 84 64
3723 1926 1746
3724 1712 1552
3725 756 576
3726 1926 1746
3727 642 582
3728 1926 1746
3729 2140 1940
3730 1284 1164
3731 856 776
3732 672 512
3733 428 388
3734 840 640
3735 1926 1746
3736 1712 1552
3737 642 582
3738 840 640
3739 1926 1746
3740 168 128
3741 756 576
3742 672 512
3743 428 388
3744 1070 970
3745 168 128
3746 336 256
3747 840 640
3748 840 640
3749 336 256
3750 672 512
3751 756 576
3752 504 384
3753 1926 1746
3754 1926 1746
3755 336 256
3756 84 64
3757 642 582
3758 1070 970
3759 168 128
3760 588 448
3761 756 576
3762 642 582
3763 1926 1746
3764 504 384
3765 1070 970
3766 1926 1746
3767 504 384
3768 428 388
3769 428 388
3770 856 776
3771 336 256
3772 1070 970
3773 756 576
3774 214 194
3775 1498 1358
3776 672 512
3777 1926 1746
3778 672 512
3779 840 640
3780 428 388
3781 1498 1358
3782 252 192
3783 252 192
3784 1926 1746
3785 1070 970
3786 1284 1164
3787 1498 1358
3788 840 640
3789 168 128
3790 672 512
3791 2140 1940
3792 428 388
3793 1284 1164
3794 84 64
3795 1926 1746
3796 856 776
3797 588 448
3798 672 512
3799 1070 970
3800 1498 1358
3801 672 512
3802 1712 1552
3803 252 192
3804 588 448
3805 336 256
3806 1284 1164
3807 428 388
3808 84 64
3809 840 640
3810 84 64
3811 84 64
3812 420 320
3813 1712 1552
3814 642 582
3815 84 64
3816 214 194
3817 1070 970
3818 336 256
3819 1926 1746
3820 856 776
3821 588 448
3822 672 512
3823 252 192
3824 84 64
3825 1284 1164
3826 1498 1358
3827 168 128
3828 672 512
3829 1070 970
3830 840 640
3831 84 64
3832 840 640
3833 840 640
3834 840 640
3835 428 388
3836 1070 970
3837 504 384
3838 1070 970
3839 840 640
3840 84 64
3841 504 384
3842 672 512
3843 420 320
3844 642 582
3845 1926 1746
3846 672 512
3847 84 64
3848 252 192
3849 1712 1552
3850 84 64
3851 1070 970
3852 840 640
3853 756 576
3854 84 64
3855 504 384
3856 420 320
3857 252 192
3858 214 194
3859 1498 1358
3860 1712 1552
3861 252 192
3862 1498 1358
3863 336 256
3864 214 194
3865 642 582
3866 336 256
3867 336 256
3868 84 64
3869 856 776
3870 588 448
3871 336 256
3872 504 384
3873 1498 1358
3874 756 576
3875 428 388
3876 1926 1746
3877 588 448
3878 420 320
3879 336 256
3880 1284 1164
3881 1284 1164
3882 1284 1164
3883 252 192
3884 840 640
3885 672 512
3886 252 192
3887 84 64
3888 756 576
3889 428 388
3890 252 192
3891 168 128
3892 840 640
3893 1498 1358
3894 856 776
3895 856 776
3896 1284 1164
3897 2140 1940
3898 1498 1358
3899 840 640
3900 504 384
3901 856 776
3902 1070 970
3903 642 582
3904 504 384
3905 214 194
3906 672 512
3907 252 192
3908 1284 1164
3909 1498 1358
3910 672 512
3911 588 448
3912 1070 970
3913 336 256
3914 1926 1746
3915 336 256
3916 1498 1358
3917 336 256
3918 214 194
3919 428 388
3920 588 448
3921 588 448
3922 1712 1552
3923 420 320
3924 840 640
3925 1926 1746
3926 168 128
3927 1070 970
3928 504 384
3929 1712 1552
3930 1070 970
3931 856 776
3932 856 776
3933 168 128
3934 2140 1940
3935 1284 1164
3936 214 194
3937 420 320
3938 428 388
3939 1498 1358
3940 1284 1164
3941 84 64
3942 856 776
3943 336 256
3944 756 576
3945 588 448
3946 2140 1940
3947 252 192
3948 1070 970
3949 168 128
3950 1070 970
3951 214 194
3952 504 384
3953 420 320
3954 2140 1940
3955 336 256
3956 1926 1746
3957 2140 1940
3958 214 194
3959 1284 1164
3960 420 320
3961 642 582
3962 672 512
3963 504 384
3964 642 582
3965 1498 1358
3966 1070 970
3967 420 320
3968 756 576
3969 672 512
3970 1498 1358
3971 1070 970
3972 1284 1164
3973 420 320
3974 336 256
3975 642 582
3976 84 64
3977 504 384
3978 1070 970
3979 1712 1552
3980 428 388
3981 1070 970
3982 856 776
3983 642 582
3984 1498 1358
3985 420 320
3986 588 448
3987 1498 1358
3988 1070 970
3989 1070 970
3990 504 384
3991 428 388
3992 168 128
3993 2140 1940
3994 252 192
3995 252 192
3996 1498 1358
3997 84 64
3998 168 128
3999 168 128
4000 1070 970
4001 642 582
4002 1070 970
4003 2140 1940
4004 168 128
4005 588 448
4006 336 256
4007 756 576
4008 672 512
4009 428 388
4010 672 512
4011 1926 1746
4012 1070 970
4013 84 64
4014 672 512
4015 84 64
4016 588 448
4017 336 256
4018 1070 970
4019 428 388
4020 336 256
4021 336 256
4022 2140 1940
4023 642 582
4024 428 388
4025 1926 1746
4026 1070 970
4027 840 640
4028 420 320
4029 756 576
4030 1498 1358
4031 2140 1940
4032 1070 970
4033 1712 1552
4034 1070 970
4035 336 256
4036 642 582
4037 420 320
4038 1498 1358
4039 672 512
4040 1712 1552
4041 840 640
4042 840 640
4043 1498 1358
4044 1712 1552
4045 1284 1164
4046 428 388
4047 252 192
4048 1070 970
4049 1070 970
4050 588 448
4051 840 640
4052 84 64
4053 1070 970
4054 1712 1552
4055 420 320
4056 1926 1746
4057 214 194
4058 84 64
4059 252 192
4060 756 576
4061 1926 1746
4062 642 582
4063 336 256
4064 1284 1164
4065 2140 1940
4066 420 320
4067 588 448
4068 252 192
4069 642 582
4070 2140 1940
4071 756 576
4072 1926 1746
4073 1926 1746
4074 1926 1746
4075 420 320
4076 504 384
4077 168 128
4078 1926 1746
4079 856 776
4080 84 64
4081 420 320
4082 1498 1358
4083 168 128
4084 1284 1164
4085 1926 1746
4086 1926 1746
4087 588 448
4088 168 128
4089 672 512
4090 1284 1164
4091 214 194
4092 856 776
4093 1498 1358
4094 336 256
4095 1284 1164
4096 214 194
4097 1070 970
4098 252 192
4099 642 582
4100 214 194
4101 1498 1358
4102 856 776
4103 1926 1746
4104 1070 970
4105 1284 1164
4106 588 448
4107 756 576
4108 1284 1164
4109 1284 1164
4110 642 582
4111 2140 1940
4112 840 640
4113 642 582
4114 252 192
4115 840 640
4116 428 388
4117 1926 1746
4118 420 320
4119 1284 1164
4120 428 388
4121 252 192
4122 214 194
4123 588 448
4124 84 64
4125 2140 1940
4126 428 388
4127 336 256
4128 428 388
4129 2140 1940
4130 2140 1940
4131 1070 970
4132 336 256
4133 588 448
4134 1926 1746
4135 84 64
4136 84 64
4137 504 384
4138 1070 970
4139 672 512
4140 504 384
4141 1284 1164
4142 84 64
4143 84 64
4144 588 448
4145 252 192
4146 1712 1552
4147 840 640
4148 756 576
4149 214 194
4150 428 388
4151 1284 1164
4152 1712 1552
4153 856 776
4154 252 192
4155 1070 970
4156 1498 1358
4157 428 388
4158 84 64
4159 336 256
4160 336 256
4161 1926 1746
4162 856 776
4163 856 776
4164 672 512
4165 1926 1746
4166 672 512
4167 168 128
4168 252 192
4169 1712 1552
4170 1712 1552
4171 642 582
4172 856 776
4173 1070 970
4174 856 776
4175 856 776
4176 1498 1358
4177 1926 1746
4178 504 384
4179 756 576
4180 84 64
4181 672 512
4182 214 194
4183 588 448
4184 588 448
4185 1070 970
4186 1926 1746
4187 2140 1940
4188 756 576
4189 840 640
4190 672 512
4191 756 576
4192 1926 1746
4193 214 194
4194 252 192
4195 1070 970
4196 756 576
4197 2140 1940
4198 168 128
4199 252 192
4200 2140 1940
4201 642 582
4202 856 776
4203 2140 1940
4204 642 582
4205 642 582
4206 1070 970
4207 420 320
4208 1070 970
4209 168 128
4210 1926 1746
4211 1284 1164
4212 1712 1552
4213 1070 970
4214 642 582
4215 856 776
4216 856 776
4217 252 192
4218 252 192
4219 2140 1940
4220 1498 1358
4221 504 384
4222 2140 1940
4223 428 388
4224 420 320
4225 756 576
4226 84 64
4227 1926 1746
4228 504 384
4229 420 320
4230 1498 1358
4231 252 192
4232 588 448
4233 336 256
4234 1284 1164
4235 214 194
4236 214 194
4237 642 582
4238 428 388
4239 420 320
4240 420 320
4241 672 512
4242 504 384
4243 504 384
4244 214 194
4245 1284 1164
4246 588 448
4247 214 194
4248 856 776
4249 428 388
4250 1926 1746
4251 756 576
4252 672 512
4253 756 576
4254 504 384
4255 642 582
4256 756 576
4257 840 640
4258 1926 1746
4259 420 320
4260 504 384
4261 428 388
4262 672 512
4263 588 448
4264 252 192
4265 856 776
4266 588 448
4267 588 448
4268 1712 1552
4269 84 64
4270 672 512
4271 1926 1746
4272 428 388
4273 214 194
4274 214 194
4275 252 192
4276 2140 1940
4277 1712 1552
4278 1498 1358
4279 168 128
4280 588 448
4281 168 128
4282 756 576
4283 756 576
4284 336 256
4285 214 194
4286 504 384
4287 428 388
4288 336 256
4289 1926 1746
4290 1926 1746
4291 2140 1940
4292 1926 1746
4293 428 388
4294 856 776
4295 1284 1164
4296 214 194
4297 642 582
4298 2140 1940
4299 588 448
4300 1284 1164
4301 84 64
4302 1284 1164
4303 642 582
4304 856 776
4305 428 388
4306 672 512
4307 252 192
4308 428 388
4309 756 576
4310 504 384
4311 336 256
4312 672 512
4313 1712 1552
4314 420 320
4315 2140 1940
4316 756 576
4317 856 776
4318 252 192
4319 504 384
4320 336 256
4321 1070 970
4322 756 576
4323 642 582
4324 840 640
4325 1498 1358
4326 756 576
4327 856 776
4328 504 384
4329 336 256
4330 756 576
4331 252 192
4332 756 576
4333 756 576
4334 1712 1552
4335 214 194
4336 1926 1746
4337 420 320
4338 1712 1552
4339 756 576
4340 1926 1746
4341 336 256
4342 420 320
4343 428 388
4344 672 512
4345 588 448
4346 504 384
4347 504 384
4348 856 776
4349 428 388
4350 856 776
4351 504 384
4352 840 640
4353 84 64
4354 168 128
4355 2140 1940
4356 856 776
4357 84 64
4358 840 640
4359 2140 1940
4360 840 640
4361 672 512
4362 856 776
4363 214 194
4364 420 320
4365 1070 970
4366 588 448
4367 1498 1358
4368 1926 1746
4369 1926 1746
4370 84 64
4371 336 256
4372 252 192
4373 420 320
4374 856 776
4375 1712 1552
4376 214 194
4377 214 194
4378 672 512
4379 1284 1164
4380 756 576
4381 252 192
4382 756 576
4383 504 384
4384 1926 1746
4385 428 388
4386 2140 1940
4387 1712 1552
4388 588 448
4389 2140 1940
4390 672 512
4391 1070 970
4392 428 388
4393 504 384
4394 252 192
4395 1712 1552
4396 214 194
4397 642 582
4398 1284 1164
4399 2140 1940
4400 428 388
4401 420 320
4402 642 582
4403 2140 1940
4404 1070 970
4405 1070 970
4406 168 128
4407 2140 1940
4408 2140 1940
4409 840 640
4410 756 576
4411 756 576
4412 642 582
4413 214 194
4414 588 448
4415 1284 1164
4416 504 384
4417 84 64
4418 420 320
4419 168 128
4420 2140 1940
4421 84 64
4422 1926 1746
4423 1284 1164
4424 642 582
4425 428 388
4426 1498 1358
4427 214 194
4428 252 192
4429 642 582
4430 756 576
4431 642 582
4432 84 64
4433 1712 1552
4434 840 640
4435 1284 1164
4436 756 576
4437 504 384
4438 1712 1552
4439 588 448
4440 214 194
4441 588 448
4442 1712 1552
4443 1070 970
4444 588 448
4445 2140 1940
4446 756 576
4447 336 256
4448 2140 1940
4449 856 776
4450 856 776
4451 2140 1940
4452 1070 970
4453 672 512
4454 504 384
4455 2140 1940
4456 214 194
4457 214 194
4458 1712 1552
4459 168 128
4460 588 448
4461 588 448
4462 214 194
4463 428 388
4464 2140 1940
4465 168 128
4466 756 576
4467 672 512
4468 1498 1358
4469 168 128
4470 1498 1358
4471 588 448
4472 336 256
4473 1712 1552
4474 756 576
4475 1284 1164
4476 252 192
4477 2140 1940
4478 214 194
4479 1498 1358
4480 1712 1552
4481 420 320
4482 1926 1746
4483 336 256
4484 1070 970
4485 428 388
4486 1712 1552
4487 2140 1940
4488 252 192
4489 214 194
4490 428 388
4491 1284 1164
4492 1498 1358
4493 214 194
4494 1498 1358
4495 756 576
4496 336 256
4497 1926 1746
4498 214 194
4499 756 576
4500 84 64
4501 1926 1746
4502 1070 970
4503 428 388
4504 672 512
4505 1070 970
4506 642 582
4507 428 388
4508 1926 1746
4509 1498 1358
4510 336 256
4511 672 512
4512 1284 1164
4513 642 582
4514 672 512
4515 214 194
4516 1712 1552
4517 1498 1358
4518 756 576
4519 84 64
4520 756 576
4521 1498 1358
4522 428 388
4523 1284 1164
4524 642 582
4525 214 194
4526 756 576
4527 1712 1552
4528 1284 1164
4529 1712 1552
4530 84 64
4531 336 256
4532 588 448
4533 756 576
4534 504 384
4535 214 194
4536 1712 1552
4537 252 192
4538 856 776
4539 252 192
4540 1284 1164
4541 672 512
4542 588 448
4543 420 320
4544 214 194
4545 1712 1552
4546 428 388
4547 856 776
4548 1284 1164
4549 84 64
4550 168 128
4551 856 776
4552 336 256
4553 504 384
4554 336 256
4555 168 128
4556 672 512
4557 1926 1746
4558 336 256
4559 840 640
4560 856 776
4561 428 388
4562 420 320
4563 1926 1746
4564 420 320
4565 840 640
4566 756 576
4567 588 448
4568 336 256
4569 336 256
4570 1712 1552
4571 756 576
4572 2140 1940
4573 1284 1164
4574 1712 1552
4575 856 776
4576 428 388
4577 1284 1164
4578 420 320
4579 840 640
4580 428 388
4581 756 576
4582 428 388
4583 504 384
4584 2140 1940
4585 756 576
4586 1712 1552
4587 84 64
4588 428 388
4589 840 640
4590 252 192
4591 428 388
4592 214 194
4593 1284 1164
4594 428 388
4595 672 512
4596 420 320
4597 336 256
4598 2140 1940
4599 840 640
4600 168 128
4601 420 320
4602 1284 1164
4603 588 448
4604 1926 1746
4605 1498 1358
4606 840 640
4607 1284 1164
4608 336 256
4609 1926 1746
4610 1926 1746
4611 420 320
4612 504 384
4613 1926 1746
4614 1712 1552
4615 1926 1746
4616 1498 1358
4617 84 64
4618 168 128
4619 756 576
4620 1926 1746
4621 168 128
4622 2140 1940
4623 336 256
4624 2140 1940
4625 588 448
4626 84 64
4627 1284 1164
4628 840 640
4629 1926 1746
4630 756 576
4631 672 512
4632 428 388
4633 672 512
4634 504 384
4635 1498 1358
4636 1070 970
4637 1712 1552
4638 428 388
4639 588 448
4640 2140 1940
4641 1712 1552
4642 336 256
4643 1498 1358
4644 1284 1164
4645 168 128
4646 1712 1552
4647 840 640
4648 336 256
4649 2140 1940
4650 588 448
4651 428 388
4652 756 576
4653 336 256
4654 672 512
4655 1284 1164
4656 840 640
4657 642 582
4658 840 640
4659 856 776
4660 2140 1940
4661 252 192
4662 168 128
4663 1712 1552
4664 252 192
4665 420 320
4666 504 384
4667 428 388
4668 1712 1552
4669 428 388
4670 1284 1164
4671 252 192
4672 840 640
4673 1926 1746
4674 756 576
4675 588 448
4676 168 128
4677 504 384
4678 1498 1358
4679 1070 970
4680 214 194
4681 1926 1746
4682 1712 1552
4683 336 256
4684 672 512
4685 2140 1940
4686 840 640
4687 1926 1746
4688 428 388
4689 336 256
4690 642 582
4691 428 388
4692 252 192
4693 1070 970
4694 840 640
4695 1498 1358
4696 428 388
4697 588 448
4698 1284 1164
4699 214 194
4700 856 776
4701 756 576
4702 756 576
4703 756 576
4704 214 194
4705 672 512
4706 1926 1746
4707 84 64
4708 504 384
4709 1498 1358
4710 840 640
4711 1712 1552
4712 1712 1552
4713 504 384
4714 1284 1164
4715 420 320
4716 168 128
4717 1070 970
4718 756 576
4719 1284 1164
4720 252 192
4721 588 448
4722 1712 1552
4723 1926 1746
4724 856 776
4725 1070 970
4726 2140 1940
4727 588 448
4728 214 194
4729 840 640
4730 336 256
4731 336 256
4732 1926 1746
4733 856 776
4734 1284 1164
4735 856 776
4736 856 776
4737 672 512
4738 420 320
4739 168 128
4740 428 388
4741 1498 1358
4742 1498 1358
4743 504 384
4744 672 512
4745 428 388
4746 588 448
4747 214 194
4748 428 388
4749 642 582
4750 1070 970
4751 252 192
4752 1712 1552
4753 1498 1358
4754 84 64
4755 756 576
4756 336 256
4757 1712 1552
4758 214 194
4759 336 256
4760 2140 1940
4761 168 128
4762 1498 1358
4763 840 640
4764 336 256
4765 1498 1358
4766 428 388
4767 1712 1552
4768 428 388
4769 168 128
4770 756 576
4771 84 64
4772 1498 1358
4773 1926 1746
4774 1926 1746
4775 1284 1164
4776 1712 1552
4777 336 256
4778 2140 1940
4779 1498 1358
4780 856 776
4781 1070 970
4782 1712 1552
4783 336 256
4784 1498 1358
4785 756 576
4786 252 192
4787 1926 1746
4788 642 582
4789 168 128
4790 252 192
4791 504 384
4792 214 194
4793 1712 1552
4794 1284 1164
4795 840 640
4796 84 64
4797 2140 1940
4798 1284 1164
4799 756 576
4800 672 512
4801 756 576
4802 214 194
4803 856 776
4804 1926 1746
4805 642 582
4806 756 576
4807 672 512
4808 672 512
4809 642 582
4810 504 384
4811 1284 1164
4812 168 128
4813 428 388
4814 2140 1940
4815 1926 1746
4816 1498 1358
4817 420 320
4818 1926 1746
4819 840 640
4820 1284 1164
4821 1284 1164
4822 1070 970
4823 336 256
4824 420 320
4825 1498 1358
4826 336 256
4827 1712 1552
4828 1284 1164
4829 84 64
4830 1712 1552
4831 840 640
4832 756 576
4833 840 640
4834 420 320
4835 168 128
4836 214 194
4837 336 256
4838 588 448
4839 1284 1164
4840 2140 1940
4841 420 320
4842 588 448
4843 642 582
4844 84 64
4845 336 256
4846 1284 1164
4847 214 194
4848 1926 1746
4849 840 640
4850 1498 1358
4851 336 256
4852 1498 1358
4853 336 256
4854 1712 1552
4855 588 448
4856 588 448
4857 840 640
4858 504 384
4859 672 512
4860 336 256
4861 672 512
4862 428 388
4863 1284 1164
4864 2140 1940
4865 1712 1552
4866 856 776
4867 588 448
4868 840 640
4869 1926 1746
4870 840 640
4871 214 194
4872 252 192
4873 1926 1746
4874 214 194
4875 856 776
4876 168 128
4877 1926 1746
4878 672 512
4879 642 582
4880 336 256
4881 504 384
4882 1712 1552
4883 252 192
4884 1712 1552
4885 84 64
4886 2140 1940
4887 642 582
4888 214 194
4889 856 776
4890 1926 1746
4891 214 194
4892 1070 970
4893 252 192
4894 588 448
4895 84 64
4896 588 448
4897 428 388
4898 84 64
4899 2140 1940
4900 588 448
4901 672 512
4902 1926 1746
4903 756 576
4904 1070 970
4905 504 384
4906 1070 970
4907 642 582
4908 1926 1746
4909 756 576
4910 856 776
4911 756 576
4912 642 582
4913 1498 1358
4914 252 192
4915 336 256
4916 1712 1552
4917 672 512
4918 2140 1940
4919 1284 1164
4920 252 192
4921 1926 1746
4922 428 388
4923 168 128
4924 252 192
4925 1712 1552
4926 1284 1164
4927 420 320
4928 504 384
4929 214 194
4930 1926 1746
4931 428 388
4932 856 776
4933 168 128
4934 504 384
4935 168 128
4936 420 320
4937 1926 1746
4938 642 582
4939 336 256
4940 1070 970
4941 1284 1164
4942 252 192
4943 642 582
4944 168 128
4945 1284 1164
4946 756 576
4947 856 776
4948 756 576
4949 1926 1746
4950 252 192
4951 672 512
4952 672 512
4953 84 64
4954 504 384
4955 1926 1746
4956 1712 1552
4957 420 320
4958 168 128
4959 642 582
4960 588 448
4961 856 776
4962 672 512
4963 84 64
4964 420 320
4965 1284 1164
4966 168 128
4967 1926 1746
4968 1284 1164
4969 2140 1940
4970 214 194
4971 856 776
4972 168 128
4973 336 256
4974 672 512
4975 336 256
4976 856 776
4977 588 448
4978 336 256
4979 756 576
4980 252 192
4981 168 128
4982 2140 1940
4983 336 256
4984 428 388
4985 1498 1358
4986 1926 1746
4987 428 388
4988 504 384
4989 504 384
4990 1284 1164
4991 1498 1358
4992 420 320
4993 1926 1746
4994 504 384
4995 84 64
4996 168 128
4997 428 388
4998 856 776
4999 756 576
5000 840 640
