5000 1864815 15_5000_1000_1176
1 288 287
2 264 264
3 387 385
4 774 773
5 579 579
6 60 58
7 516 515
8 510 509
9 480 480
10 870 868
11 594 592
12 525 524
13 261 260
14 300 299
15 840 840
16 549 549
17 903 903
18 597 595
19 372 372
20 957 955
21 516 515
22 546 544
23 6 5
24 594 593
25 372 370
26 873 872
27 873 873
28 291 289
29 531 531
30 579 578
31 87 86
32 186 185
33 141 141
34 840 840
35 639 637
36 720 718
37 171 170
38 888 888
39 258 256
40 318 317
41 87 85
42 87 87
43 963 963
44 414 412
45 12 12
46 348 348
47 864 862
48 975 974
49 192 190
50 819 819
51 480 480
52 117 116
53 420 420
54 351 350
55 783 781
56 60 59
57 357 356
58 831 829
59 690 689
60 405 404
61 531 529
62 999 999
63 588 587
64 783 783
65 900 900
66 975 974
67 339 338
68 993 991
69 438 438
70 192 191
71 66 66
72 609 608
73 804 802
74 312 311
75 120 120
76 669 667
77 615 615
78 840 838
79 690 689
80 969 969
81 30 28
82 384 383
83 72 71
84 684 683
85 603 602
86 6 6
87 147 147
88 321 320
89 69 69
90 234 232
91 507 507
92 336 335
93 291 291
94 504 502
95 510 509
96 912 912
97 498 498
98 666 665
99 75 74
100 966 966
101 912 910
102 423 423
103 645 644
104 375 375
105 96 96
106 948 948
107 489 487
108 762 762
109 312 311
110 930 930
111 861 859
112 744 743
113 885 883
114 699 697
115 561 559
116 738 738
117 54 52
118 942 942
119 657 655
120 306 304
121 672 671
122 945 944
123 783 783
124 993 992
125 411 409
126 102 102
127 6 6
128 483 483
129 273 273
130 411 410
131 957 956
132 126 124
133 33 33
134 138 136
135 885 883
136 210 209
137 600 598
138 417 415
139 168 168
140 423 423
141 405 403
142 639 638
143 795 795
144 498 497
145 411 409
146 744 744
147 420 418
148 216 216
149 939 938
150 162 160
151 723 722
152 597 596
153 498 497
154 807 805
155 927 926
156 897 897
157 363 363
158 327 326
159 711 709
160 114 114
161 273 272
162 153 151
163 111 111
164 516 514
165 180 178
166 642 642
167 882 880
168 21 21
169 795 795
170 159 158
171 165 164
172 891 891
173 579 579
174 348 347
175 369 368
176 399 397
177 282 280
178 141 139
179 360 359
180 774 774
181 765 764
182 756 755
183 324 322
184 132 130
185 258 258
186 831 831
187 855 854
188 186 185
189 651 649
190 480 480
191 210 210
192 669 669
193 831 831
194 963 961
195 567 565
196 201 199
197 894 894
198 69 69
199 381 380
200 255 253
201 747 745
202 315 315
203 387 385
204 384 383
205 960 959
206 474 474
207 300 300
208 933 933
209 513 511
210 861 860
211 840 838
212 396 394
213 204 202
214 783 782
215 249 249
216 228 228
217 396 396
218 606 606
219 825 825
220 993 992
221 339 339
222 174 172
223 399 397
224 900 898
225 822 822
226 411 409
227 903 901
228 549 547
229 150 150
230 666 666
231 894 893
232 954 952
233 936 935
234 558 557
235 234 233
236 579 578
237 408 408
238 915 914
239 489 487
240 768 768
241 462 462
242 234 234
243 657 655
244 486 485
245 966 965
246 261 259
247 39 37
248 114 112
249 510 510
250 69 67
251 222 221
252 825 823
253 738 737
254 456 456
255 54 54
256 810 810
257 591 589
258 63 61
259 321 320
260 615 614
261 66 66
262 327 327
263 678 677
264 159 159
265 63 62
266 390 388
267 492 491
268 852 852
269 237 236
270 291 290
271 111 111
272 399 398
273 285 285
274 735 734
275 933 931
276 18 16
277 108 107
278 906 906
279 105 104
280 585 584
281 651 649
282 252 252
283 93 92
284 813 812
285 708 708
286 597 597
287 726 725
288 246 246
289 132 132
290 792 791
291 717 716
292 144 144
293 675 675
294 615 614
295 675 675
296 921 920
297 828 828
298 594 592
299 432 430
300 885 884
301 807 805
302 357 356
303 21 21
304 297 295
305 861 861
306 495 494
307 234 232
308 324 322
309 486 486
310 267 265
311 387 385
312 492 491
313 45 43
314 381 379
315 879 877
316 681 681
317 210 210
318 630 628
319 141 139
320 606 604
321 165 163
322 990 990
323 324 322
324 186 185
325 129 128
326 975 974
327 729 727
328 444 444
329 195 194
330 522 521
331 237 236
332 183 181
333 51 49
334 231 231
335 204 202
336 501 499
337 366 364
338 990 988
339 432 431
340 531 531
341 885 884
342 330 329
343 408 408
344 690 689
345 687 686
346 414 414
347 474 472
348 708 708
349 750 749
350 228 227
351 951 950
352 711 710
353 60 59
354 459 458
355 261 259
356 915 914
357 930 928
358 768 767
359 522 521
360 237 236
361 297 297
362 720 719
363 876 876
364 93 92
365 204 202
366 924 924
367 30 28
368 714 714
369 621 620
370 663 662
371 306 305
372 843 843
373 240 239
374 132 131
375 702 701
376 396 394
377 888 888
378 273 271
379 615 613
380 921 919
381 492 492
382 630 628
383 288 288
384 660 659
385 261 259
386 444 443
387 54 54
388 777 777
389 78 77
390 18 17
391 90 89
392 129 127
393 576 576
394 276 275
395 999 999
396 516 514
397 144 143
398 747 745
399 861 861
400 189 189
401 12 11
402 495 494
403 159 157
404 426 426
405 294 294
406 189 189
407 393 393
408 207 206
409 333 331
410 501 501
411 693 693
412 882 881
413 192 191
414 207 206
415 321 320
416 156 155
417 579 578
418 300 298
419 909 907
420 441 440
421 663 662
422 372 372
423 993 991
424 294 292
425 870 870
426 381 379
427 444 443
428 792 792
429 1002 1000
430 303 303
431 828 828
432 339 338
433 843 843
434 693 691
435 651 651
436 873 872
437 411 409
438 282 281
439 498 498
440 693 693
441 855 854
442 426 424
443 447 446
444 714 714
445 15 14
446 153 153
447 678 678
448 591 590
449 138 138
450 399 397
451 147 145
452 456 454
453 291 291
454 273 272
455 765 764
456 54 53
457 375 373
458 450 449
459 498 498
460 477 476
461 678 677
462 447 447
463 3 1
464 45 43
465 483 483
466 831 829
467 963 963
468 567 565
469 930 929
470 768 766
471 234 233
472 186 184
473 867 865
474 3 1
475 651 650
476 66 66
477 105 105
478 63 61
479 444 442
480 447 445
481 795 794
482 327 326
483 372 371
484 972 971
485 510 509
486 327 326
487 447 447
488 66 65
489 846 844
490 510 508
491 939 938
492 522 520
493 225 223
494 138 136
495 189 188
496 153 151
497 549 547
498 789 788
499 381 381
500 723 722
501 516 516
502 126 124
503 591 591
504 936 934
505 774 772
506 24 22
507 744 743
508 651 649
509 945 945
510 12 10
511 558 556
512 303 302
513 354 354
514 267 267
515 567 566
516 705 703
517 234 234
518 174 172
519 855 855
520 297 297
521 444 443
522 540 540
523 870 869
524 156 155
525 588 588
526 747 746
527 399 397
528 951 950
529 222 220
530 897 896
531 633 633
532 231 229
533 756 755
534 108 107
535 771 771
536 39 38
537 864 863
538 867 865
539 831 831
540 633 632
541 270 268
542 978 977
543 468 468
544 75 75
545 483 483
546 663 662
547 885 883
548 402 402
549 228 228
550 222 220
551 822 822
552 747 747
553 477 475
554 345 345
555 180 178
556 207 205
557 120 118
558 231 229
559 750 749
560 849 848
561 261 260
562 747 745
563 720 720
564 402 400
565 609 607
566 156 155
567 582 581
568 75 74
569 804 802
570 858 856
571 651 649
572 405 405
573 660 660
574 96 96
575 780 779
576 786 786
577 573 571
578 831 830
579 285 283
580 237 236
581 243 241
582 39 37
583 108 107
584 840 840
585 636 634
586 12 11
587 555 553
588 846 846
589 189 187
590 891 889
591 411 410
592 909 909
593 150 148
594 978 976
595 306 304
596 804 802
597 129 127
598 78 77
599 45 45
600 945 945
601 504 502
602 909 909
603 333 333
604 507 506
605 354 352
606 249 249
607 465 463
608 327 325
609 396 396
610 45 43
611 324 324
612 318 318
613 363 363
614 969 967
615 408 406
616 435 433
617 636 634
618 354 354
619 114 114
620 96 94
621 462 461
622 72 70
623 96 94
624 822 821
625 327 325
626 99 99
627 780 779
628 483 483
629 858 858
630 231 231
631 276 275
632 531 531
633 684 682
634 249 247
635 564 563
636 504 502
637 585 584
638 501 499
639 882 882
640 405 403
641 702 700
642 381 381
643 801 800
644 678 678
645 291 289
646 588 586
647 384 383
648 621 621
649 978 977
650 807 807
651 309 309
652 390 389
653 765 763
654 645 644
655 114 112
656 258 257
657 48 46
658 108 108
659 186 184
660 516 515
661 27 26
662 387 387
663 312 311
664 177 177
665 567 565
666 30 30
667 156 156
668 681 680
669 285 284
670 504 502
671 588 587
672 486 484
673 621 621
674 630 628
675 942 942
676 87 86
677 843 843
678 606 606
679 264 263
680 219 219
681 57 57
682 738 736
683 963 962
684 558 556
685 807 805
686 693 692
687 642 640
688 258 256
689 207 206
690 588 586
691 390 390
692 210 210
693 639 639
694 432 431
695 114 114
696 162 161
697 27 25
698 204 202
699 975 974
700 579 578
701 198 196
702 123 122
703 507 506
704 921 920
705 558 558
706 954 953
707 582 582
708 198 197
709 834 833
710 747 747
711 684 684
712 510 509
713 105 105
714 864 863
715 699 698
716 267 265
717 531 531
718 405 404
719 711 710
720 465 465
721 24 23
722 438 437
723 792 791
724 435 433
725 24 23
726 351 349
727 579 578
728 198 196
729 693 693
730 828 827
731 459 459
732 438 436
733 792 792
734 255 255
735 873 871
736 999 999
737 720 719
738 276 274
739 186 184
740 138 138
741 579 579
742 522 522
743 714 712
744 834 834
745 57 57
746 996 995
747 924 924
748 414 414
749 432 430
750 240 238
751 300 298
752 408 406
753 681 680
754 471 469
755 123 123
756 231 230
757 348 347
758 516 516
759 3 1
760 300 299
761 282 281
762 282 282
763 66 65
764 846 844
765 930 928
766 438 437
767 228 226
768 612 610
769 168 168
770 825 825
771 477 476
772 600 600
773 468 466
774 930 929
775 627 626
776 765 763
777 738 737
778 324 324
779 912 911
780 171 170
781 942 940
782 402 401
783 732 732
784 126 126
785 540 538
786 594 594
787 273 272
788 789 787
789 276 276
790 444 444
791 975 974
792 294 293
793 279 277
794 6 5
795 507 506
796 435 435
797 765 765
798 87 85
799 588 587
800 465 463
801 138 137
802 693 693
803 771 770
804 420 420
805 126 124
806 363 362
807 402 401
808 678 678
809 954 954
810 690 690
811 717 717
812 879 877
813 648 647
814 774 773
815 660 660
816 699 697
817 900 899
818 294 293
819 168 167
820 174 174
821 720 720
822 903 902
823 27 25
824 507 506
825 330 330
826 519 518
827 717 717
828 354 354
829 117 117
830 165 165
831 276 275
832 882 880
833 12 11
834 96 94
835 252 251
836 672 671
837 219 219
838 534 532
839 624 623
840 6 4
841 396 394
842 702 701
843 141 141
844 519 519
845 567 565
846 924 922
847 339 339
848 696 695
849 396 396
850 45 44
851 579 577
852 777 777
853 675 673
854 186 184
855 930 930
856 267 266
857 471 470
858 348 347
859 330 330
860 120 119
861 795 794
862 135 135
863 489 488
864 597 596
865 756 756
866 612 612
867 525 525
868 666 665
869 216 214
870 495 495
871 492 491
872 567 566
873 900 899
874 117 117
875 657 655
876 96 96
877 753 752
878 849 848
879 423 423
880 762 761
881 582 582
882 153 153
883 708 708
884 516 515
885 135 134
886 411 411
887 291 289
888 903 901
889 84 83
890 222 222
891 114 113
892 165 164
893 363 363
894 321 321
895 726 724
896 669 667
897 678 678
898 480 479
899 204 202
900 861 859
901 165 165
902 756 755
903 912 910
904 858 858
905 588 587
906 501 499
907 708 708
908 378 376
909 471 471
910 528 527
911 972 970
912 774 773
913 897 896
914 762 762
915 594 594
916 501 500
917 303 303
918 978 976
919 960 958
920 876 875
921 489 488
922 174 174
923 915 914
924 336 336
925 480 480
926 39 37
927 174 174
928 45 45
929 489 488
930 48 47
931 801 801
932 150 148
933 777 776
934 873 872
935 24 22
936 66 66
937 309 308
938 414 413
939 66 66
940 690 688
941 276 274
942 720 720
943 516 515
944 423 421
945 27 25
946 858 857
947 108 106
948 438 437
949 204 204
950 606 606
951 42 41
952 204 204
953 492 492
954 852 851
955 279 278
956 204 203
957 369 369
958 843 842
959 558 558
960 771 770
961 123 121
962 246 245
963 156 154
964 723 723
965 663 663
966 576 574
967 717 716
968 159 157
969 885 885
970 966 965
971 243 242
972 198 198
973 51 49
974 507 505
975 252 250
976 552 551
977 939 939
978 45 45
979 222 220
980 45 44
981 591 589
982 990 989
983 669 667
984 123 121
985 153 153
986 558 558
987 915 915
988 87 85
989 384 382
990 426 424
991 165 164
992 315 314
993 636 635
994 816 815
995 903 901
996 363 362
997 531 530
998 951 949
999 747 745
1000 837 835
1001 984 982
1002 771 770
1003 774 773
1004 180 180
1005 927 925
1006 804 804
1007 519 519
1008 381 381
1009 294 294
1010 792 790
1011 912 912
1012 987 986
1013 738 738
1014 477 477
1015 396 395
1016 720 720
1017 96 95
1018 279 277
1019 501 499
1020 126 126
1021 306 304
1022 96 96
1023 96 96
1024 597 597
1025 606 606
1026 711 711
1027 714 714
1028 810 808
1029 666 666
1030 144 142
1031 702 700
1032 108 108
1033 696 695
1034 12 12
1035 411 410
1036 171 169
1037 438 436
1038 144 144
1039 579 578
1040 504 502
1041 177 176
1042 669 668
1043 840 839
1044 474 472
1045 948 948
1046 366 366
1047 705 704
1048 339 339
1049 852 852
1050 243 242
1051 549 549
1052 207 207
1053 678 677
1054 441 440
1055 138 138
1056 861 860
1057 441 440
1058 45 43
1059 561 561
1060 423 422
1061 591 589
1062 201 200
1063 255 253
1064 363 361
1065 537 536
1066 300 299
1067 225 225
1068 54 53
1069 258 256
1070 303 301
1071 510 508
1072 675 674
1073 987 986
1074 129 128
1075 111 111
1076 711 709
1077 690 689
1078 129 128
1079 102 100
1080 786 785
1081 666 665
1082 540 539
1083 459 457
1084 246 246
1085 696 695
1086 42 42
1087 180 179
1088 504 502
1089 306 306
1090 414 413
1091 165 163
1092 498 498
1093 21 21
1094 411 410
1095 366 364
1096 450 448
1097 90 90
1098 783 783
1099 330 330
1100 297 296
1101 648 647
1102 243 243
1103 852 851
1104 363 362
1105 708 708
1106 513 512
1107 99 97
1108 921 921
1109 741 739
1110 684 683
1111 720 718
1112 186 186
1113 240 239
1114 747 746
1115 903 903
1116 774 773
1117 999 997
1118 957 956
1119 954 953
1120 132 130
1121 678 677
1122 333 332
1123 726 726
1124 39 37
1125 408 408
1126 270 270
1127 699 697
1128 300 299
1129 525 523
1130 249 248
1131 861 861
1132 372 370
1133 909 907
1134 651 650
1135 411 409
1136 294 292
1137 672 671
1138 702 702
1139 783 782
1140 390 388
1141 753 753
1142 936 936
1143 792 791
1144 48 46
1145 822 820
1146 120 118
1147 648 647
1148 573 571
1149 384 383
1150 504 504
1151 240 238
1152 171 170
1153 321 319
1154 27 25
1155 228 228
1156 945 944
1157 369 368
1158 645 643
1159 894 892
1160 777 776
1161 183 181
1162 111 111
1163 114 114
1164 693 691
1165 645 643
1166 627 626
1167 294 293
1168 522 521
1169 642 642
1170 315 313
1171 333 333
1172 231 230
1173 573 571
1174 279 277
1175 894 893
1176 327 325
1177 732 730
1178 639 639
1179 474 473
1180 369 368
1181 495 493
1182 735 733
1183 123 121
1184 846 845
1185 372 370
1186 378 378
1187 324 324
1188 267 265
1189 93 92
1190 258 258
1191 270 269
1192 513 513
1193 567 567
1194 867 866
1195 705 705
1196 228 228
1197 207 207
1198 453 452
1199 543 543
1200 522 522
1201 654 653
1202 162 160
1203 639 638
1204 681 679
1205 675 673
1206 357 356
1207 585 585
1208 561 560
1209 969 968
1210 447 445
1211 510 510
1212 252 252
1213 231 231
1214 627 627
1215 75 74
1216 261 259
1217 207 205
1218 216 216
1219 807 806
1220 162 162
1221 855 853
1222 282 281
1223 573 573
1224 246 245
1225 651 649
1226 732 731
1227 588 587
1228 963 963
1229 576 575
1230 360 358
1231 471 471
1232 720 718
1233 738 736
1234 285 285
1235 51 49
1236 336 335
1237 900 899
1238 996 996
1239 726 724
1240 525 525
1241 216 214
1242 696 696
1243 294 292
1244 888 887
1245 381 381
1246 42 42
1247 939 937
1248 798 797
1249 633 632
1250 780 780
1251 42 42
1252 138 138
1253 642 641
1254 459 457
1255 36 34
1256 117 116
1257 429 427
1258 561 561
1259 327 326
1260 387 386
1261 477 476
1262 276 274
1263 342 341
1264 396 396
1265 165 163
1266 240 239
1267 744 742
1268 207 207
1269 492 490
1270 495 493
1271 684 684
1272 480 478
1273 261 260
1274 123 121
1275 558 557
1276 810 809
1277 561 559
1278 444 442
1279 630 630
1280 489 489
1281 291 291
1282 468 468
1283 144 144
1284 369 369
1285 258 257
1286 747 747
1287 519 518
1288 246 246
1289 471 469
1290 558 556
1291 708 708
1292 666 664
1293 36 36
1294 960 959
1295 186 185
1296 423 422
1297 711 710
1298 288 287
1299 990 989
1300 957 957
1301 276 276
1302 768 767
1303 444 443
1304 291 290
1305 594 594
1306 120 118
1307 594 592
1308 819 818
1309 246 246
1310 69 68
1311 906 905
1312 834 833
1313 24 22
1314 555 554
1315 753 753
1316 111 111
1317 606 606
1318 342 342
1319 297 296
1320 156 156
1321 543 543
1322 468 468
1323 726 724
1324 15 13
1325 330 329
1326 927 925
1327 123 123
1328 678 676
1329 18 17
1330 219 219
1331 993 991
1332 252 251
1333 843 843
1334 666 666
1335 33 32
1336 681 681
1337 546 544
1338 426 425
1339 798 797
1340 987 987
1341 618 616
1342 87 86
1343 828 827
1344 333 331
1345 684 682
1346 342 341
1347 267 267
1348 318 317
1349 72 70
1350 777 777
1351 258 256
1352 156 156
1353 330 330
1354 426 425
1355 408 406
1356 810 809
1357 9 9
1358 861 860
1359 540 540
1360 534 532
1361 438 437
1362 678 677
1363 324 322
1364 642 640
1365 654 653
1366 465 463
1367 795 795
1368 957 955
1369 447 447
1370 393 392
1371 102 100
1372 987 987
1373 345 343
1374 234 234
1375 162 162
1376 546 545
1377 93 93
1378 54 53
1379 402 400
1380 402 401
1381 987 987
1382 72 70
1383 726 726
1384 306 304
1385 990 988
1386 315 315
1387 51 50
1388 669 668
1389 576 574
1390 261 260
1391 933 931
1392 537 535
1393 864 864
1394 492 491
1395 594 592
1396 84 84
1397 630 628
1398 222 220
1399 558 556
1400 225 224
1401 615 614
1402 183 181
1403 510 509
1404 978 977
1405 714 714
1406 609 607
1407 282 280
1408 699 698
1409 747 745
1410 579 578
1411 48 46
1412 390 389
1413 84 84
1414 117 116
1415 690 690
1416 966 966
1417 231 231
1418 732 731
1419 57 56
1420 438 438
1421 879 879
1422 30 30
1423 15 15
1424 702 702
1425 6 4
1426 183 183
1427 360 360
1428 495 495
1429 393 391
1430 117 115
1431 165 164
1432 321 320
1433 621 620
1434 807 807
1435 1002 1000
1436 945 943
1437 498 497
1438 663 661
1439 12 12
1440 960 958
1441 750 749
1442 774 773
1443 609 607
1444 615 615
1445 891 889
1446 597 595
1447 846 845
1448 600 600
1449 123 122
1450 585 583
1451 90 89
1452 753 752
1453 222 220
1454 48 48
1455 300 298
1456 960 959
1457 489 488
1458 777 776
1459 729 729
1460 657 657
1461 486 486
1462 738 738
1463 483 481
1464 27 27
1465 861 859
1466 270 270
1467 432 430
1468 222 220
1469 588 588
1470 885 884
1471 783 782
1472 927 925
1473 177 177
1474 84 84
1475 387 386
1476 585 585
1477 939 938
1478 198 196
1479 990 989
1480 735 733
1481 381 381
1482 873 873
1483 795 795
1484 192 192
1485 327 325
1486 132 132
1487 357 355
1488 390 388
1489 909 908
1490 120 118
1491 687 685
1492 132 131
1493 747 745
1494 780 779
1495 702 701
1496 690 690
1497 891 890
1498 21 19
1499 414 413
1500 600 600
1501 756 755
1502 678 676
1503 942 942
1504 975 975
1505 789 789
1506 627 625
1507 327 327
1508 204 202
1509 768 768
1510 342 341
1511 501 500
1512 381 381
1513 192 192
1514 426 424
1515 33 32
1516 729 728
1517 669 667
1518 186 184
1519 627 626
1520 429 428
1521 114 112
1522 930 929
1523 156 156
1524 348 347
1525 921 921
1526 261 261
1527 216 214
1528 507 507
1529 873 873
1530 549 548
1531 63 63
1532 36 36
1533 351 351
1534 141 141
1535 726 724
1536 927 925
1537 897 897
1538 27 26
1539 294 294
1540 210 210
1541 834 833
1542 240 240
1543 657 656
1544 504 504
1545 501 499
1546 180 180
1547 111 111
1548 351 351
1549 924 924
1550 687 686
1551 882 880
1552 591 591
1553 708 708
1554 537 537
1555 933 932
1556 99 99
1557 933 932
1558 345 344
1559 750 750
1560 618 616
1561 801 800
1562 861 859
1563 933 931
1564 624 622
1565 639 638
1566 87 87
1567 456 456
1568 957 957
1569 567 565
1570 690 689
1571 744 744
1572 138 137
1573 87 86
1574 900 899
1575 885 883
1576 135 135
1577 582 582
1578 822 821
1579 255 255
1580 630 629
1581 420 418
1582 909 909
1583 420 419
1584 255 253
1585 594 592
1586 510 510
1587 207 206
1588 642 641
1589 732 732
1590 447 445
1591 420 420
1592 672 672
1593 48 48
1594 360 358
1595 273 273
1596 369 367
1597 684 682
1598 108 107
1599 285 283
1600 762 761
1601 3 1
1602 759 757
1603 12 11
1604 969 967
1605 720 720
1606 537 536
1607 957 956
1608 120 120
1609 123 122
1610 123 123
1611 915 914
1612 930 930
1613 804 803
1614 990 989
1615 726 724
1616 840 838
1617 279 277
1618 162 161
1619 963 963
1620 879 879
1621 672 672
1622 156 154
1623 330 328
1624 588 587
1625 81 79
1626 903 903
1627 282 281
1628 465 464
1629 795 794
1630 345 344
1631 555 555
1632 522 520
1633 936 934
1634 543 542
1635 570 569
1636 909 909
1637 216 214
1638 414 414
1639 363 363
1640 375 373
1641 765 765
1642 456 454
1643 450 448
1644 39 38
1645 978 977
1646 966 966
1647 597 596
1648 27 26
1649 834 833
1650 1002 1000
1651 987 985
1652 828 828
1653 489 487
1654 834 833
1655 795 794
1656 459 457
1657 879 879
1658 990 989
1659 3 3
1660 120 120
1661 246 245
1662 990 989
1663 435 434
1664 42 42
1665 420 419
1666 678 676
1667 786 785
1668 243 241
1669 666 664
1670 189 189
1671 747 745
1672 141 140
1673 201 201
1674 72 71
1675 264 263
1676 315 313
1677 597 595
1678 978 977
1679 210 210
1680 876 874
1681 456 454
1682 183 181
1683 186 186
1684 624 624
1685 195 195
1686 762 760
1687 843 842
1688 12 10
1689 831 831
1690 393 392
1691 513 511
1692 417 415
1693 597 597
1694 693 692
1695 753 751
1696 519 519
1697 153 151
1698 360 359
1699 708 706
1700 261 261
1701 135 134
1702 927 925
1703 318 316
1704 432 431
1705 309 309
1706 621 620
1707 681 680
1708 429 428
1709 153 153
1710 174 172
1711 735 734
1712 198 196
1713 276 275
1714 312 311
1715 381 381
1716 981 980
1717 957 955
1718 258 257
1719 195 193
1720 768 767
1721 918 918
1722 648 648
1723 351 350
1724 549 549
1725 531 530
1726 174 172
1727 786 786
1728 369 367
1729 750 748
1730 42 40
1731 999 998
1732 897 896
1733 681 680
1734 801 799
1735 894 893
1736 351 349
1737 57 56
1738 969 967
1739 540 540
1740 645 645
1741 333 331
1742 387 385
1743 969 968
1744 756 754
1745 648 648
1746 480 478
1747 795 794
1748 495 494
1749 792 792
1750 252 251
1751 279 277
1752 960 958
1753 840 838
1754 279 277
1755 768 766
1756 579 578
1757 51 50
1758 102 101
1759 603 603
1760 387 386
1761 882 881
1762 135 133
1763 789 788
1764 531 530
1765 879 878
1766 51 49
1767 141 141
1768 456 454
1769 774 773
1770 984 983
1771 243 241
1772 846 846
1773 954 953
1774 222 222
1775 432 432
1776 867 867
1777 255 253
1778 948 946
1779 657 657
1780 399 399
1781 522 520
1782 870 870
1783 408 408
1784 513 513
1785 672 671
1786 624 624
1787 747 745
1788 543 542
1789 504 502
1790 897 896
1791 708 706
1792 258 256
1793 30 30
1794 882 880
1795 246 245
1796 147 147
1797 858 857
1798 213 213
1799 69 67
1800 276 274
1801 627 625
1802 438 436
1803 882 881
1804 870 870
1805 102 100
1806 615 613
1807 774 774
1808 129 127
1809 786 786
1810 540 539
1811 834 834
1812 345 344
1813 462 460
1814 651 650
1815 618 617
1816 855 855
1817 168 167
1818 255 255
1819 711 710
1820 618 618
1821 489 487
1822 123 123
1823 144 143
1824 228 226
1825 798 796
1826 240 240
1827 192 191
1828 333 331
1829 57 55
1830 435 433
1831 153 151
1832 786 786
1833 309 309
1834 903 902
1835 411 411
1836 717 717
1837 948 946
1838 966 965
1839 444 442
1840 432 430
1841 249 247
1842 924 922
1843 63 62
1844 609 608
1845 78 77
1846 543 543
1847 297 296
1848 951 951
1849 600 599
1850 93 92
1851 381 381
1852 126 124
1853 213 211
1854 417 416
1855 396 395
1856 543 543
1857 531 529
1858 222 221
1859 507 507
1860 474 474
1861 786 786
1862 393 391
1863 201 200
1864 396 396
1865 114 113
1866 645 645
1867 657 655
1868 69 67
1869 999 997
1870 294 294
1871 567 565
1872 978 976
1873 567 565
1874 213 213
1875 636 635
1876 768 767
1877 867 866
1878 246 245
1879 918 917
1880 459 459
1881 522 520
1882 519 517
1883 654 654
1884 150 150
1885 126 124
1886 54 53
1887 300 300
1888 504 502
1889 471 471
1890 600 599
1891 570 570
1892 9 9
1893 873 873
1894 327 326
1895 882 881
1896 306 306
1897 24 22
1898 537 537
1899 885 885
1900 66 64
1901 804 804
1902 210 208
1903 798 798
1904 15 13
1905 540 538
1906 630 630
1907 771 771
1908 381 381
1909 933 931
1910 438 437
1911 849 848
1912 429 427
1913 81 80
1914 390 388
1915 987 985
1916 384 382
1917 441 441
1918 462 460
1919 69 68
1920 465 465
1921 501 500
1922 183 182
1923 531 531
1924 792 790
1925 630 628
1926 384 382
1927 225 223
1928 372 370
1929 603 603
1930 525 523
1931 126 125
1932 198 196
1933 729 727
1934 510 508
1935 678 676
1936 366 366
1937 753 752
1938 684 683
1939 933 933
1940 834 834
1941 288 288
1942 990 990
1943 489 489
1944 669 669
1945 378 377
1946 672 672
1947 687 686
1948 318 318
1949 12 10
1950 501 500
1951 732 730
1952 24 23
1953 450 450
1954 891 890
1955 936 934
1956 861 859
1957 963 963
1958 33 31
1959 684 683
1960 528 526
1961 105 103
1962 66 65
1963 201 200
1964 312 312
1965 663 662
1966 288 288
1967 291 289
1968 411 409
1969 48 46
1970 999 998
1971 906 905
1972 144 142
1973 210 209
1974 567 567
1975 27 25
1976 3 2
1977 594 594
1978 522 521
1979 246 246
1980 861 861
1981 255 255
1982 855 853
1983 327 326
1984 897 896
1985 33 32
1986 606 604
1987 354 354
1988 591 591
1989 6 6
1990 723 722
1991 888 886
1992 831 829
1993 348 348
1994 678 677
1995 102 100
1996 378 378
1997 498 497
1998 183 182
1999 510 508
2000 369 368
2001 846 844
2002 279 278
2003 999 999
2004 27 25
2005 519 518
2006 123 122
2007 975 974
2008 444 443
2009 411 411
2010 552 552
2011 393 391
2012 3 3
2013 978 976
2014 192 191
2015 186 184
2016 981 981
2017 30 30
2018 420 418
2019 66 66
2020 282 282
2021 222 221
2022 534 533
2023 96 94
2024 816 815
2025 657 657
2026 600 598
2027 267 267
2028 621 620
2029 960 960
2030 228 228
2031 486 485
2032 171 170
2033 99 98
2034 357 355
2035 9 7
2036 894 892
2037 351 351
2038 615 614
2039 180 178
2040 558 558
2041 438 436
2042 333 331
2043 291 291
2044 603 601
2045 360 358
2046 675 674
2047 633 632
2048 900 900
2049 702 700
2050 558 558
2051 36 35
2052 588 588
2053 960 960
2054 708 706
2055 543 541
2056 660 660
2057 681 679
2058 501 500
2059 189 187
2060 45 45
2061 789 788
2062 180 180
2063 711 709
2064 513 511
2065 258 256
2066 333 333
2067 771 769
2068 30 29
2069 870 869
2070 684 683
2071 468 468
2072 903 901
2073 735 733
2074 486 484
2075 90 89
2076 990 989
2077 648 647
2078 600 599
2079 48 47
2080 696 695
2081 378 378
2082 624 623
2083 63 62
2084 117 117
2085 762 760
2086 9 7
2087 963 962
2088 957 957
2089 429 428
2090 993 991
2091 744 742
2092 222 221
2093 156 155
2094 309 309
2095 972 970
2096 591 591
2097 270 270
2098 702 701
2099 471 470
2100 63 62
2101 414 414
2102 843 841
2103 828 828
2104 480 479
2105 672 671
2106 411 409
2107 522 520
2108 825 825
2109 990 989
2110 774 772
2111 444 443
2112 900 900
2113 171 169
2114 510 508
2115 69 68
2116 453 453
2117 957 956
2118 903 902
2119 213 213
2120 456 456
2121 297 297
2122 87 87
2123 333 331
2124 222 220
2125 432 431
2126 240 239
2127 951 949
2128 411 410
2129 687 685
2130 57 57
2131 918 916
2132 726 726
2133 126 124
2134 675 673
2135 948 946
2136 660 660
2137 90 88
2138 804 804
2139 795 795
2140 171 171
2141 279 279
2142 45 43
2143 408 406
2144 303 301
2145 24 23
2146 297 295
2147 348 347
2148 630 628
2149 564 563
2150 630 630
2151 576 574
2152 672 671
2153 921 919
2154 6 4
2155 804 802
2156 162 162
2157 615 615
2158 228 227
2159 9 7
2160 513 513
2161 987 987
2162 108 107
2163 366 365
2164 447 445
2165 78 78
2166 258 257
2167 792 790
2168 933 932
2169 618 618
2170 909 908
2171 921 919
2172 981 981
2173 525 524
2174 684 683
2175 336 334
2176 186 185
2177 846 846
2178 234 232
2179 279 277
2180 507 507
2181 720 719
2182 663 663
2183 135 133
2184 792 792
2185 942 940
2186 753 751
2187 294 292
2188 858 856
2189 381 379
2190 759 759
2191 999 999
2192 867 866
2193 708 706
2194 99 98
2195 327 327
2196 228 227
2197 438 436
2198 675 675
2199 96 96
2200 873 871
2201 621 619
2202 963 961
2203 111 109
2204 840 838
2205 471 470
2206 261 259
2207 126 125
2208 384 384
2209 510 509
2210 798 797
2211 507 505
2212 897 897
2213 735 735
2214 849 849
2215 732 730
2216 414 413
2217 882 882
2218 984 982
2219 681 679
2220 996 996
2221 276 275
2222 12 12
2223 783 781
2224 192 191
2225 939 937
2226 399 397
2227 165 164
2228 528 528
2229 246 246
2230 126 126
2231 306 304
2232 375 374
2233 975 973
2234 813 811
2235 294 293
2236 726 726
2237 837 837
2238 789 789
2239 75 74
2240 891 890
2241 429 427
2242 921 919
2243 129 127
2244 54 53
2245 309 307
2246 45 44
2247 408 406
2248 327 325
2249 273 272
2250 885 883
2251 12 12
2252 984 984
2253 249 247
2254 93 91
2255 555 553
2256 552 550
2257 672 672
2258 54 54
2259 180 179
2260 567 565
2261 924 924
2262 906 905
2263 39 39
2264 912 911
2265 9 7
2266 546 546
2267 642 640
2268 654 653
2269 63 63
2270 321 321
2271 381 381
2272 423 423
2273 51 50
2274 864 863
2275 705 703
2276 561 561
2277 804 804
2278 195 193
2279 225 224
2280 66 64
2281 30 30
2282 549 549
2283 30 28
2284 411 410
2285 183 183
2286 843 843
2287 3 3
2288 507 505
2289 504 503
2290 903 901
2291 573 573
2292 297 296
2293 888 886
2294 240 238
2295 108 108
2296 477 476
2297 297 297
2298 687 687
2299 645 645
2300 75 75
2301 135 133
2302 135 133
2303 48 46
2304 984 984
2305 258 258
2306 861 859
2307 963 961
2308 774 772
2309 297 296
2310 966 966
2311 897 895
2312 831 830
2313 189 188
2314 876 876
2315 102 102
2316 645 644
2317 324 324
2318 276 275
2319 660 659
2320 639 639
2321 72 70
2322 288 288
2323 120 120
2324 381 379
2325 93 93
2326 543 541
2327 159 158
2328 420 419
2329 828 828
2330 993 992
2331 780 779
2332 810 809
2333 441 440
2334 738 738
2335 735 734
2336 780 779
2337 729 729
2338 879 877
2339 879 877
2340 456 455
2341 969 969
2342 135 133
2343 21 21
2344 912 911
2345 285 283
2346 234 232
2347 354 354
2348 381 381
2349 510 508
2350 606 605
2351 564 562
2352 834 832
2353 888 886
2354 18 16
2355 951 949
2356 213 212
2357 504 503
2358 726 724
2359 912 911
2360 870 870
2361 672 670
2362 720 719
2363 348 348
2364 630 629
2365 24 22
2366 441 441
2367 492 491
2368 714 714
2369 873 872
2370 486 484
2371 21 20
2372 408 408
2373 735 733
2374 21 21
2375 945 945
2376 132 132
2377 714 713
2378 873 873
2379 666 664
2380 573 573
2381 411 409
2382 441 440
2383 846 846
2384 909 908
2385 717 717
2386 894 894
2387 342 341
2388 15 13
2389 912 910
2390 228 228
2391 528 526
2392 342 340
2393 858 856
2394 252 250
2395 777 775
2396 954 953
2397 75 73
2398 681 680
2399 552 551
2400 84 84
2401 552 552
2402 330 328
2403 396 396
2404 642 640
2405 759 758
2406 6 6
2407 228 227
2408 45 43
2409 312 312
2410 327 327
2411 249 248
2412 750 748
2413 492 490
2414 63 61
2415 834 833
2416 846 844
2417 885 885
2418 786 784
2419 735 734
2420 207 205
2421 219 217
2422 912 910
2423 828 828
2424 135 133
2425 996 995
2426 699 699
2427 231 229
2428 21 20
2429 1002 1000
2430 123 121
2431 816 816
2432 594 593
2433 303 303
2434 642 641
2435 273 271
2436 456 456
2437 852 851
2438 801 800
2439 861 859
2440 255 254
2441 414 414
2442 396 395
2443 315 314
2444 3 3
2445 528 527
2446 723 722
2447 195 193
2448 126 126
2449 468 468
2450 456 456
2451 3 2
2452 150 148
2453 633 632
2454 192 192
2455 33 31
2456 963 962
2457 264 262
2458 195 193
2459 972 972
2460 285 285
2461 291 291
2462 948 947
2463 489 488
2464 225 225
2465 591 591
2466 81 80
2467 597 596
2468 159 159
2469 276 276
2470 171 171
2471 972 970
2472 93 92
2473 309 309
2474 708 707
2475 702 702
2476 312 312
2477 690 688
2478 762 760
2479 810 808
2480 846 844
2481 21 20
2482 693 693
2483 633 632
2484 765 763
2485 531 531
2486 189 188
2487 201 200
2488 234 233
2489 897 897
2490 60 60
2491 981 981
2492 894 894
2493 867 866
2494 942 942
2495 432 430
2496 84 84
2497 735 735
2498 813 811
2499 540 539
2500 909 908
2501 906 905
2502 351 351
2503 624 622
2504 405 405
2505 540 540
2506 498 497
2507 717 717
2508 294 293
2509 525 525
2510 426 424
2511 165 165
2512 279 277
2513 414 412
2514 321 319
2515 768 768
2516 489 488
2517 234 234
2518 915 913
2519 801 800
2520 549 548
2521 966 964
2522 591 589
2523 66 65
2524 543 543
2525 414 413
2526 315 314
2527 267 266
2528 444 442
2529 753 751
2530 180 180
2531 204 204
2532 657 657
2533 858 858
2534 879 877
2535 531 529
2536 162 161
2537 771 771
2538 741 740
2539 645 645
2540 576 576
2541 936 934
2542 858 857
2543 633 632
2544 105 104
2545 669 668
2546 894 894
2547 978 978
2548 621 620
2549 231 230
2550 288 287
2551 975 973
2552 459 457
2553 729 727
2554 330 330
2555 657 655
2556 15 14
2557 213 213
2558 840 840
2559 573 572
2560 702 700
2561 399 399
2562 915 913
2563 576 575
2564 885 885
2565 834 832
2566 636 635
2567 435 434
2568 312 312
2569 675 674
2570 693 692
2571 9 8
2572 564 563
2573 972 972
2574 291 291
2575 36 34
2576 120 119
2577 228 228
2578 450 450
2579 471 470
2580 504 504
2581 477 477
2582 528 526
2583 978 977
2584 786 786
2585 882 882
2586 855 853
2587 750 750
2588 36 36
2589 57 56
2590 567 566
2591 798 797
2592 312 312
2593 255 255
2594 372 372
2595 117 116
2596 192 192
2597 267 265
2598 123 123
2599 705 704
2600 627 626
2601 564 562
2602 507 505
2603 15 13
2604 975 973
2605 285 285
2606 672 670
2607 561 561
2608 315 313
2609 69 69
2610 69 67
2611 927 925
2612 747 747
2613 273 273
2614 672 670
2615 228 227
2616 864 862
2617 462 461
2618 54 52
2619 834 832
2620 234 234
2621 138 136
2622 783 781
2623 333 331
2624 930 928
2625 882 880
2626 876 876
2627 540 540
2628 27 27
2629 849 847
2630 909 908
2631 135 133
2632 321 320
2633 747 745
2634 348 347
2635 870 868
2636 903 902
2637 813 811
2638 963 962
2639 360 359
2640 63 63
2641 381 381
2642 900 898
2643 645 645
2644 831 829
2645 504 504
2646 96 96
2647 909 907
2648 423 421
2649 891 889
2650 729 729
2651 36 36
2652 750 750
2653 843 843
2654 600 598
2655 906 904
2656 786 786
2657 714 712
2658 426 425
2659 174 173
2660 453 452
2661 99 97
2662 528 526
2663 354 352
2664 768 768
2665 105 104
2666 546 546
2667 174 173
2668 366 366
2669 678 677
2670 552 551
2671 612 610
2672 801 799
2673 279 278
2674 342 341
2675 162 160
2676 789 789
2677 804 804
2678 516 514
2679 897 897
2680 609 607
2681 6 4
2682 189 187
2683 243 243
2684 843 842
2685 483 483
2686 336 336
2687 474 474
2688 33 32
2689 66 65
2690 852 851
2691 723 721
2692 237 237
2693 456 455
2694 66 65
2695 219 218
2696 669 668
2697 570 568
2698 72 71
2699 354 352
2700 534 534
2701 669 667
2702 189 189
2703 357 356
2704 258 258
2705 183 182
2706 63 62
2707 255 253
2708 480 478
2709 36 36
2710 423 422
2711 504 502
2712 348 348
2713 408 408
2714 636 634
2715 723 723
2716 270 269
2717 249 247
2718 636 635
2719 507 507
2720 585 585
2721 252 250
2722 474 474
2723 639 639
2724 558 556
2725 633 633
2726 534 533
2727 402 401
2728 516 515
2729 450 448
2730 552 552
2731 816 814
2732 333 332
2733 117 117
2734 399 397
2735 462 460
2736 33 33
2737 120 119
2738 45 44
2739 390 388
2740 6 5
2741 456 456
2742 516 514
2743 906 904
2744 645 644
2745 846 844
2746 144 142
2747 702 701
2748 9 7
2749 105 103
2750 777 775
2751 636 634
2752 336 334
2753 396 395
2754 672 671
2755 129 127
2756 963 963
2757 936 935
2758 972 970
2759 135 134
2760 294 293
2761 504 504
2762 705 703
2763 318 317
2764 972 970
2765 741 739
2766 702 701
2767 786 786
2768 996 995
2769 633 632
2770 912 911
2771 213 213
2772 411 411
2773 138 137
2774 312 312
2775 369 369
2776 954 952
2777 72 72
2778 687 687
2779 882 882
2780 873 872
2781 894 892
2782 150 148
2783 399 399
2784 831 829
2785 285 284
2786 705 704
2787 627 625
2788 99 97
2789 786 785
2790 291 289
2791 387 386
2792 780 778
2793 753 752
2794 756 755
2795 609 607
2796 255 254
2797 399 397
2798 513 511
2799 750 750
2800 618 616
2801 786 785
2802 327 327
2803 810 808
2804 57 57
2805 246 245
2806 105 103
2807 927 927
2808 408 407
2809 540 540
2810 879 878
2811 480 480
2812 57 56
2813 150 148
2814 756 754
2815 915 914
2816 303 303
2817 519 517
2818 120 119
2819 390 389
2820 942 942
2821 114 112
2822 912 912
2823 540 540
2824 756 754
2825 705 704
2826 54 52
2827 549 547
2828 699 698
2829 108 108
2830 771 770
2831 321 320
2832 978 976
2833 723 722
2834 438 436
2835 69 69
2836 759 757
2837 999 997
2838 393 391
2839 996 996
2840 738 736
2841 969 968
2842 819 817
2843 282 281
2844 225 224
2845 915 913
2846 612 610
2847 966 964
2848 837 837
2849 711 710
2850 804 803
2851 165 164
2852 420 418
2853 459 458
2854 795 793
2855 228 228
2856 789 789
2857 648 648
2858 258 258
2859 690 688
2860 309 309
2861 639 638
2862 471 470
2863 393 393
2864 909 907
2865 438 436
2866 681 679
2867 135 133
2868 297 297
2869 819 818
2870 666 665
2871 888 887
2872 549 549
2873 846 845
2874 420 418
2875 141 140
2876 222 222
2877 729 729
2878 12 10
2879 189 187
2880 903 901
2881 888 887
2882 798 796
2883 117 116
2884 942 942
2885 195 193
2886 171 171
2887 243 242
2888 333 332
2889 417 417
2890 237 237
2891 177 176
2892 168 167
2893 687 685
2894 372 371
2895 672 671
2896 123 121
2897 798 797
2898 870 870
2899 879 878
2900 852 852
2901 357 355
2902 669 667
2903 417 416
2904 477 477
2905 243 241
2906 681 679
2907 513 513
2908 60 60
2909 96 94
2910 468 468
2911 714 713
2912 57 57
2913 507 505
2914 882 882
2915 744 743
2916 360 360
2917 93 92
2918 120 118
2919 246 246
2920 549 549
2921 843 841
2922 87 85
2923 492 491
2924 153 152
2925 594 592
2926 42 41
2927 108 108
2928 180 178
2929 855 855
2930 84 83
2931 828 826
2932 864 862
2933 519 519
2934 342 342
2935 720 719
2936 288 288
2937 840 838
2938 828 826
2939 897 896
2940 33 33
2941 816 815
2942 390 390
2943 462 460
2944 618 616
2945 372 371
2946 927 925
2947 93 91
2948 339 337
2949 426 426
2950 180 178
2951 513 512
2952 363 362
2953 291 290
2954 372 371
2955 528 527
2956 531 529
2957 816 815
2958 402 400
2959 720 718
2960 849 847
2961 393 392
2962 252 252
2963 576 575
2964 687 687
2965 681 680
2966 987 987
2967 93 92
2968 504 503
2969 99 98
2970 468 466
2971 420 418
2972 582 581
2973 636 636
2974 603 602
2975 303 302
2976 516 514
2977 438 436
2978 933 933
2979 27 26
2980 3 2
2981 318 317
2982 327 327
2983 402 400
2984 459 458
2985 357 355
2986 159 157
2987 462 461
2988 312 312
2989 300 298
2990 291 289
2991 849 847
2992 192 190
2993 348 346
2994 588 587
2995 120 119
2996 657 655
2997 879 878
2998 963 961
2999 744 744
3000 738 736
3001 288 287
3002 903 903
3003 807 805
3004 594 592
3005 831 829
3006 903 903
3007 600 598
3008 153 151
3009 543 542
3010 573 571
3011 627 627
3012 267 266
3013 702 701
3014 141 141
3015 327 327
3016 333 333
3017 918 916
3018 15 13
3019 471 470
3020 975 975
3021 225 225
3022 186 186
3023 342 342
3024 810 809
3025 246 244
3026 297 295
3027 810 809
3028 192 190
3029 192 191
3030 18 16
3031 993 993
3032 84 84
3033 708 708
3034 123 122
3035 861 859
3036 84 82
3037 996 994
3038 600 598
3039 69 68
3040 87 87
3041 201 200
3042 750 749
3043 336 334
3044 297 297
3045 858 856
3046 582 580
3047 12 11
3048 3 3
3049 543 541
3050 156 154
3051 897 896
3052 582 580
3053 924 924
3054 198 197
3055 867 867
3056 345 343
3057 744 742
3058 522 520
3059 198 198
3060 741 741
3061 669 668
3062 537 536
3063 906 905
3064 645 644
3065 897 897
3066 219 217
3067 186 186
3068 27 27
3069 366 364
3070 342 341
3071 561 560
3072 765 763
3073 642 642
3074 909 909
3075 171 171
3076 255 255
3077 495 495
3078 93 93
3079 30 30
3080 462 460
3081 840 838
3082 36 36
3083 615 613
3084 426 425
3085 684 684
3086 354 353
3087 441 439
3088 594 592
3089 594 592
3090 543 542
3091 717 716
3092 324 323
3093 390 390
3094 690 689
3095 15 15
3096 777 775
3097 153 151
3098 912 910
3099 558 556
3100 756 755
3101 537 537
3102 846 845
3103 99 99
3104 963 961
3105 189 189
3106 786 786
3107 717 715
3108 756 756
3109 171 171
3110 408 407
3111 183 183
3112 858 856
3113 975 975
3114 621 619
3115 660 660
3116 294 293
3117 537 535
3118 423 422
3119 561 560
3120 900 900
3121 651 651
3122 948 946
3123 213 212
3124 33 31
3125 108 107
3126 492 491
3127 789 787
3128 93 93
3129 318 316
3130 855 855
3131 105 104
3132 771 771
3133 315 315
3134 144 143
3135 771 771
3136 708 707
3137 825 823
3138 981 979
3139 141 140
3140 969 968
3141 834 834
3142 219 217
3143 870 870
3144 489 488
3145 153 153
3146 840 839
3147 726 725
3148 273 272
3149 897 895
3150 390 388
3151 48 48
3152 747 747
3153 375 373
3154 939 938
3155 993 991
3156 60 59
3157 783 781
3158 432 430
3159 813 813
3160 855 854
3161 18 17
3162 576 574
3163 159 158
3164 618 617
3165 498 496
3166 819 817
3167 12 10
3168 960 960
3169 330 330
3170 27 26
3171 426 424
3172 900 900
3173 423 422
3174 861 861
3175 987 987
3176 507 506
3177 762 762
3178 288 288
3179 18 16
3180 483 482
3181 876 875
3182 324 323
3183 231 229
3184 846 845
3185 354 352
3186 288 288
3187 876 875
3188 327 326
3189 507 507
3190 468 467
3191 447 445
3192 180 178
3193 624 623
3194 348 346
3195 384 382
3196 711 711
3197 300 298
3198 501 501
3199 600 598
3200 873 872
3201 102 100
3202 255 255
3203 102 101
3204 486 486
3205 591 590
3206 363 362
3207 423 422
3208 24 24
3209 813 812
3210 216 215
3211 510 509
3212 717 716
3213 453 451
3214 453 451
3215 594 593
3216 780 779
3217 933 931
3218 636 635
3219 75 74
3220 81 80
3221 414 413
3222 18 16
3223 525 523
3224 258 257
3225 126 125
3226 555 555
3227 369 369
3228 252 252
3229 273 272
3230 228 226
3231 426 425
3232 180 179
3233 744 743
3234 441 440
3235 54 53
3236 888 888
3237 420 418
3238 393 393
3239 834 832
3240 3 1
3241 783 782
3242 138 138
3243 405 405
3244 102 100
3245 135 135
3246 957 957
3247 867 867
3248 459 459
3249 213 213
3250 786 786
3251 771 771
3252 3 1
3253 171 171
3254 888 887
3255 834 832
3256 348 347
3257 747 747
3258 819 817
3259 549 549
3260 768 768
3261 195 194
3262 393 392
3263 75 74
3264 819 817
3265 12 10
3266 264 262
3267 441 439
3268 105 105
3269 27 26
3270 144 144
3271 312 311
3272 231 229
3273 168 168
3274 564 563
3275 87 86
3276 453 452
3277 783 783
3278 999 999
3279 843 843
3280 240 239
3281 561 560
3282 912 911
3283 519 518
3284 219 218
3285 126 125
3286 441 439
3287 300 298
3288 969 969
3289 3 1
3290 501 500
3291 726 724
3292 204 203
3293 273 273
3294 945 943
3295 699 697
3296 786 786
3297 342 341
3298 306 306
3299 957 955
3300 210 209
3301 159 159
3302 57 56
3303 999 997
3304 636 636
3305 402 402
3306 417 417
3307 516 514
3308 819 819
3309 93 91
3310 459 459
3311 225 225
3312 711 710
3313 477 475
3314 66 66
3315 243 243
3316 345 345
3317 813 811
3318 234 232
3319 924 923
3320 201 201
3321 9 7
3322 918 917
3323 444 444
3324 342 342
3325 99 99
3326 567 567
3327 432 430
3328 465 463
3329 210 208
3330 636 634
3331 243 242
3332 321 320
3333 513 511
3334 924 922
3335 801 800
3336 504 502
3337 981 980
3338 702 700
3339 360 359
3340 714 712
3341 468 468
3342 834 832
3343 741 741
3344 417 416
3345 519 519
3346 747 745
3347 171 170
3348 33 32
3349 615 614
3350 123 122
3351 972 970
3352 117 117
3353 543 541
3354 483 482
3355 15 15
3356 960 959
3357 684 682
3358 402 401
3359 795 794
3360 360 358
3361 483 483
3362 969 968
3363 18 18
3364 423 422
3365 549 548
3366 735 733
3367 651 650
3368 939 939
3369 615 614
3370 45 44
3371 465 463
3372 717 717
3373 168 168
3374 447 446
3375 354 352
3376 645 645
3377 372 370
3378 999 997
3379 60 60
3380 360 358
3381 630 628
3382 735 733
3383 198 198
3384 366 364
3385 420 419
3386 621 621
3387 108 108
3388 591 591
3389 630 628
3390 291 291
3391 171 171
3392 483 481
3393 369 367
3394 435 435
3395 318 316
3396 165 163
3397 708 708
3398 960 960
3399 51 50
3400 228 228
3401 720 720
3402 129 129
3403 555 553
3404 306 305
3405 531 529
3406 477 477
3407 594 592
3408 966 965
3409 918 917
3410 207 207
3411 249 247
3412 612 610
3413 975 975
3414 84 82
3415 939 937
3416 606 606
3417 666 666
3418 510 508
3419 477 475
3420 345 343
3421 300 299
3422 975 975
3423 261 259
3424 864 863
3425 522 522
3426 459 459
3427 795 793
3428 498 496
3429 291 289
3430 933 933
3431 384 384
3432 120 119
3433 99 99
3434 828 827
3435 525 525
3436 270 269
3437 336 334
3438 990 989
3439 960 959
3440 435 433
3441 555 553
3442 567 565
3443 6 5
3444 975 974
3445 135 134
3446 408 407
3447 309 307
3448 339 339
3449 594 592
3450 450 449
3451 204 204
3452 240 238
3453 168 166
3454 684 684
3455 201 200
3456 687 687
3457 183 182
3458 561 560
3459 81 80
3460 300 299
3461 234 234
3462 588 587
3463 63 61
3464 408 406
3465 414 414
3466 147 147
3467 636 636
3468 657 655
3469 279 279
3470 537 535
3471 726 724
3472 360 359
3473 678 677
3474 441 441
3475 813 813
3476 258 258
3477 249 249
3478 144 142
3479 594 594
3480 156 155
3481 921 919
3482 93 91
3483 849 848
3484 204 204
3485 495 493
3486 387 386
3487 510 508
3488 405 403
3489 810 810
3490 603 603
3491 273 272
3492 846 846
3493 489 487
3494 372 371
3495 288 287
3496 696 696
3497 474 472
3498 87 87
3499 606 604
3500 729 728
3501 405 404
3502 18 17
3503 198 198
3504 345 345
3505 873 872
3506 378 378
3507 543 543
3508 870 868
3509 585 584
3510 807 806
3511 9 7
3512 441 439
3513 438 438
3514 684 682
3515 798 797
3516 195 193
3517 522 520
3518 105 105
3519 543 542
3520 972 971
3521 327 325
3522 420 418
3523 219 219
3524 657 656
3525 609 608
3526 117 115
3527 39 39
3528 750 749
3529 699 699
3530 819 817
3531 39 38
3532 786 785
3533 381 381
3534 711 709
3535 24 23
3536 222 221
3537 534 532
3538 177 176
3539 204 203
3540 423 421
3541 540 539
3542 150 150
3543 339 339
3544 693 693
3545 366 365
3546 408 407
3547 111 109
3548 102 101
3549 912 911
3550 210 209
3551 792 790
3552 558 557
3553 945 945
3554 936 935
3555 18 17
3556 378 376
3557 654 653
3558 822 820
3559 720 718
3560 543 541
3561 888 886
3562 408 408
3563 12 11
3564 531 529
3565 588 586
3566 642 641
3567 903 903
3568 501 501
3569 561 560
3570 885 883
3571 297 297
3572 432 430
3573 396 395
3574 288 288
3575 486 485
3576 177 175
3577 69 68
3578 522 520
3579 831 830
3580 954 952
3581 171 171
3582 498 498
3583 876 876
3584 795 794
3585 639 638
3586 330 328
3587 585 584
3588 522 521
3589 561 559
3590 999 999
3591 531 531
3592 666 664
3593 84 82
3594 429 428
3595 900 898
3596 417 415
3597 750 748
3598 855 855
3599 717 716
3600 960 960
3601 231 229
3602 237 235
3603 450 449
3604 198 197
3605 150 150
3606 195 195
3607 876 876
3608 693 692
3609 597 595
3610 159 159
3611 708 706
3612 699 698
3613 618 618
3614 558 556
3615 369 369
3616 411 411
3617 732 730
3618 273 271
3619 930 929
3620 816 816
3621 252 252
3622 987 986
3623 438 438
3624 270 270
3625 981 981
3626 558 557
3627 891 891
3628 558 557
3629 546 545
3630 912 910
3631 840 839
3632 855 854
3633 594 593
3634 234 232
3635 534 532
3636 870 868
3637 39 38
3638 480 480
3639 882 882
3640 651 651
3641 339 339
3642 3 2
3643 144 144
3644 933 932
3645 576 574
3646 72 72
3647 612 611
3648 72 70
3649 543 542
3650 501 499
3651 255 253
3652 822 822
3653 567 566
3654 408 407
3655 894 894
3656 1002 1000
3657 177 176
3658 357 355
3659 15 14
3660 594 594
3661 492 491
3662 312 310
3663 729 729
3664 921 919
3665 231 229
3666 51 51
3667 465 464
3668 258 258
3669 243 241
3670 357 357
3671 120 118
3672 855 854
3673 978 978
3674 852 851
3675 930 928
3676 102 101
3677 510 509
3678 423 421
3679 6 4
3680 309 309
3681 819 819
3682 108 108
3683 684 682
3684 756 755
3685 708 708
3686 15 13
3687 384 382
3688 285 284
3689 486 484
3690 702 702
3691 699 699
3692 663 663
3693 945 945
3694 135 135
3695 9 8
3696 582 580
3697 180 178
3698 795 794
3699 576 575
3700 783 783
3701 939 937
3702 540 540
3703 24 24
3704 903 901
3705 267 266
3706 171 169
3707 66 66
3708 510 508
3709 762 761
3710 756 754
3711 660 658
3712 663 663
3713 240 239
3714 483 482
3715 258 258
3716 282 280
3717 168 166
3718 30 28
3719 675 675
3720 324 324
3721 18 16
3722 336 335
3723 90 90
3724 795 794
3725 876 875
3726 348 346
3727 582 582
3728 660 659
3729 207 207
3730 585 583
3731 111 111
3732 300 299
3733 135 133
3734 741 739
3735 186 185
3736 216 214
3737 609 609
3738 189 188
3739 678 678
3740 243 243
3741 507 505
3742 705 705
3743 969 967
3744 132 132
3745 621 620
3746 6 5
3747 198 196
3748 750 748
3749 300 300
3750 54 52
3751 792 790
3752 399 399
3753 219 219
3754 870 868
3755 684 683
3756 174 172
3757 699 697
3758 591 589
3759 954 954
3760 471 470
3761 174 172
3762 75 73
3763 243 242
3764 318 318
3765 183 181
3766 678 676
3767 897 895
3768 924 922
3769 570 569
3770 573 572
3771 375 373
3772 411 409
3773 942 941
3774 411 409
3775 915 914
3776 372 372
3777 954 953
3778 336 334
3779 177 176
3780 630 630
3781 312 310
3782 990 990
3783 489 488
3784 726 725
3785 297 295
3786 864 863
3787 807 807
3788 246 246
3789 564 563
3790 36 34
3791 108 108
3792 348 348
3793 810 809
3794 480 480
3795 984 983
3796 321 320
3797 555 553
3798 168 166
3799 660 660
3800 411 410
3801 969 969
3802 699 697
3803 957 957
3804 231 230
3805 855 854
3806 978 978
3807 933 931
3808 393 392
3809 894 894
3810 579 579
3811 711 710
3812 882 880
3813 822 820
3814 777 776
3815 984 983
3816 294 294
3817 651 651
3818 561 559
3819 198 197
3820 105 103
3821 675 673
3822 888 887
3823 654 652
3824 918 916
3825 624 622
3826 516 516
3827 672 671
3828 795 794
3829 420 418
3830 954 953
3831 120 118
3832 372 372
3833 273 273
3834 198 196
3835 234 232
3836 51 51
3837 507 506
3838 351 349
3839 330 330
3840 918 918
3841 699 699
3842 648 646
3843 87 86
3844 777 777
3845 558 558
3846 372 372
3847 39 37
3848 795 794
3849 87 87
3850 525 524
3851 894 892
3852 927 926
3853 333 332
3854 816 814
3855 228 226
3856 450 448
3857 147 147
3858 591 589
3859 825 824
3860 723 723
3861 294 294
3862 213 213
3863 831 831
3864 138 138
3865 468 466
3866 948 947
3867 639 637
3868 726 726
3869 435 434
3870 690 688
3871 336 336
3872 567 567
3873 762 760
3874 240 238
3875 618 616
3876 579 577
3877 822 821
3878 186 184
3879 786 785
3880 441 441
3881 540 540
3882 567 566
3883 990 990
3884 735 733
3885 546 546
3886 687 686
3887 177 175
3888 951 951
3889 369 368
3890 678 676
3891 387 387
3892 99 98
3893 807 807
3894 915 914
3895 327 326
3896 603 603
3897 306 306
3898 264 264
3899 516 516
3900 282 281
3901 576 575
3902 606 605
3903 45 43
3904 36 36
3905 366 366
3906 540 539
3907 462 461
3908 777 777
3909 33 32
3910 72 70
3911 300 299
3912 318 316
3913 681 680
3914 798 797
3915 12 10
3916 3 3
3917 909 909
3918 9 7
3919 75 73
3920 411 410
3921 456 454
3922 231 231
3923 417 417
3924 291 289
3925 462 460
3926 906 904
3927 411 411
3928 81 79
3929 738 738
3930 3 1
3931 885 885
3932 939 938
3933 714 712
3934 84 82
3935 870 869
3936 150 148
3937 300 299
3938 879 877
3939 237 235
3940 585 583
3941 270 270
3942 933 933
3943 651 651
3944 609 609
3945 189 189
3946 834 833
3947 528 528
3948 354 353
3949 852 852
3950 306 305
3951 930 930
3952 993 991
3953 51 51
3954 537 536
3955 792 792
3956 24 23
3957 621 620
3958 690 688
3959 342 342
3960 702 702
3961 564 563
3962 162 160
3963 633 632
3964 309 307
3965 303 301
3966 330 329
3967 501 500
3968 168 167
3969 834 833
3970 990 988
3971 534 532
3972 471 469
3973 417 417
3974 309 309
3975 594 593
3976 306 306
3977 234 233
3978 924 923
3979 720 720
3980 174 173
3981 279 279
3982 678 677
3983 834 833
3984 759 759
3985 90 89
3986 951 949
3987 546 546
3988 933 932
3989 417 417
3990 42 41
3991 666 664
3992 402 400
3993 21 20
3994 636 636
3995 999 997
3996 420 419
3997 630 630
3998 369 369
3999 300 298
4000 669 669
4001 153 151
4002 858 856
4003 240 239
4004 354 353
4005 801 800
4006 735 734
4007 150 149
4008 792 790
4009 807 806
4010 675 673
4011 819 819
4012 945 944
4013 831 830
4014 945 945
4015 678 677
4016 117 115
4017 9 7
4018 618 616
4019 936 934
4020 9 8
4021 900 898
4022 612 610
4023 903 903
4024 183 182
4025 45 45
4026 237 237
4027 654 653
4028 498 498
4029 171 171
4030 123 122
4031 240 238
4032 87 86
4033 813 813
4034 690 690
4035 180 180
4036 981 981
4037 516 516
4038 858 857
4039 417 416
4040 702 701
4041 732 731
4042 765 765
4043 423 423
4044 645 643
4045 690 689
4046 495 495
4047 48 48
4048 684 682
4049 381 381
4050 840 840
4051 588 588
4052 678 676
4053 753 752
4054 6 5
4055 534 532
4056 984 982
4057 624 622
4058 612 612
4059 768 766
4060 936 936
4061 270 268
4062 228 228
4063 489 488
4064 51 50
4065 411 411
4066 456 456
4067 723 723
4068 42 40
4069 309 307
4070 630 628
4071 33 33
4072 537 535
4073 642 640
4074 984 982
4075 543 542
4076 231 229
4077 81 80
4078 495 494
4079 714 714
4080 516 516
4081 924 923
4082 486 485
4083 228 228
4084 774 774
4085 345 345
4086 978 977
4087 840 840
4088 666 666
4089 864 863
4090 735 735
4091 444 442
4092 69 69
4093 609 609
4094 840 839
4095 9 8
4096 708 706
4097 858 857
4098 516 516
4099 246 244
4100 306 306
4101 600 598
4102 594 593
4103 159 159
4104 453 452
4105 285 285
4106 324 324
4107 24 23
4108 879 878
4109 198 196
4110 606 605
4111 273 273
4112 522 521
4113 987 985
4114 657 656
4115 528 526
4116 402 400
4117 567 566
4118 630 630
4119 420 418
4120 513 513
4121 945 944
4122 426 424
4123 369 368
4124 684 682
4125 444 443
4126 30 28
4127 879 879
4128 990 988
4129 48 47
4130 447 445
4131 447 447
4132 588 587
4133 606 606
4134 846 846
4135 366 364
4136 108 108
4137 747 747
4138 399 399
4139 123 122
4140 351 349
4141 219 219
4142 390 390
4143 591 590
4144 483 481
4145 384 383
4146 33 31
4147 348 347
4148 771 769
4149 984 984
4150 726 724
4151 156 154
4152 282 282
4153 897 897
4154 942 941
4155 378 376
4156 366 365
4157 579 577
4158 753 753
4159 204 203
4160 708 706
4161 903 901
4162 786 786
4163 765 765
4164 396 396
4165 603 601
4166 615 613
4167 240 239
4168 105 103
4169 681 680
4170 9 7
4171 759 759
4172 990 989
4173 24 23
4174 489 488
4175 972 970
4176 357 356
4177 783 782
4178 372 371
4179 786 785
4180 528 528
4181 678 678
4182 765 764
4183 954 952
4184 879 879
4185 132 131
4186 282 280
4187 675 674
4188 498 496
4189 12 10
4190 393 392
4191 318 318
4192 645 643
4193 390 388
4194 645 645
4195 501 500
4196 717 715
4197 387 385
4198 621 621
4199 648 648
4200 120 118
4201 534 534
4202 822 820
4203 207 206
4204 267 267
4205 423 423
4206 549 548
4207 300 299
4208 435 434
4209 933 932
4210 621 621
4211 234 234
4212 801 799
4213 114 112
4214 477 476
4215 141 140
4216 999 999
4217 693 692
4218 705 704
4219 174 174
4220 12 10
4221 522 520
4222 177 176
4223 279 279
4224 225 223
4225 981 979
4226 726 726
4227 351 350
4228 498 498
4229 135 133
4230 855 854
4231 576 575
4232 945 944
4233 732 731
4234 735 735
4235 633 631
4236 18 16
4237 405 403
4238 177 176
4239 459 459
4240 804 804
4241 588 587
4242 702 700
4243 303 301
4244 15 14
4245 735 734
4246 726 726
4247 774 774
4248 156 155
4249 615 614
4250 855 853
4251 846 844
4252 963 962
4253 468 466
4254 306 305
4255 135 133
4256 30 30
4257 75 73
4258 693 691
4259 780 778
4260 960 959
4261 750 749
4262 456 456
4263 255 253
4264 501 501
4265 9 9
4266 375 374
4267 147 146
4268 741 741
4269 435 435
4270 807 805
4271 642 641
4272 330 328
4273 915 914
4274 969 967
4275 642 642
4276 75 75
4277 840 840
4278 171 169
4279 816 815
4280 315 313
4281 408 408
4282 57 55
4283 327 325
4284 483 482
4285 384 384
4286 564 563
4287 291 290
4288 945 944
4289 114 112
4290 87 85
4291 306 304
4292 549 548
4293 426 425
4294 603 603
4295 720 720
4296 285 284
4297 831 831
4298 564 563
4299 585 584
4300 378 376
4301 936 935
4302 765 764
4303 933 933
4304 297 296
4305 939 937
4306 954 952
4307 705 705
4308 81 79
4309 648 646
4310 285 285
4311 309 309
4312 987 987
4313 123 122
4314 255 254
4315 345 343
4316 450 450
4317 843 843
4318 792 790
4319 261 261
4320 303 301
4321 471 471
4322 54 53
4323 114 112
4324 66 64
4325 930 930
4326 936 936
4327 540 538
4328 969 968
4329 495 493
4330 117 117
4331 369 367
4332 723 723
4333 111 111
4334 558 556
4335 408 407
4336 276 275
4337 777 776
4338 639 639
4339 147 146
4340 597 595
4341 162 160
4342 564 562
4343 747 746
4344 345 343
4345 774 772
4346 612 611
4347 213 212
4348 273 272
4349 450 449
4350 435 434
4351 912 911
4352 741 741
4353 567 566
4354 252 250
4355 459 458
4356 156 155
4357 936 934
4358 957 957
4359 876 874
4360 912 910
4361 660 659
4362 438 436
4363 819 817
4364 141 141
4365 540 540
4366 924 924
4367 288 287
4368 177 177
4369 855 855
4370 612 610
4371 693 693
4372 261 261
4373 951 951
4374 57 56
4375 597 597
4376 585 583
4377 870 870
4378 492 492
4379 69 67
4380 93 93
4381 771 771
4382 255 255
4383 672 670
4384 897 897
4385 462 462
4386 387 387
4387 105 103
4388 615 613
4389 480 478
4390 942 940
4391 984 983
4392 993 991
4393 105 105
4394 714 712
4395 846 845
4396 750 750
4397 132 132
4398 198 198
4399 807 806
4400 642 642
4401 726 726
4402 627 626
4403 36 34
4404 840 839
4405 786 785
4406 399 399
4407 72 70
4408 468 466
4409 33 33
4410 900 899
4411 894 892
4412 804 802
4413 339 338
4414 591 590
4415 612 611
4416 417 416
4417 855 853
4418 858 858
4419 894 893
4420 990 990
4421 885 883
4422 150 148
4423 123 123
4424 651 651
4425 321 320
4426 162 161
4427 381 379
4428 543 542
4429 3 1
4430 828 826
4431 195 194
4432 336 334
4433 399 398
4434 834 832
4435 210 210
4436 393 392
4437 465 464
4438 480 479
4439 15 13
4440 513 512
4441 981 979
4442 336 334
4443 528 527
4444 246 245
4445 678 677
4446 879 877
4447 840 839
4448 123 121
4449 150 149
4450 216 214
4451 432 430
4452 480 479
4453 276 276
4454 213 213
4455 615 613
4456 843 843
4457 480 478
4458 591 591
4459 588 587
4460 222 221
4461 195 194
4462 6 6
4463 183 181
4464 93 93
4465 333 333
4466 210 210
4467 324 324
4468 456 456
4469 804 803
4470 681 681
4471 435 434
4472 705 705
4473 264 262
4474 759 759
4475 222 220
4476 177 176
4477 30 28
4478 864 862
4479 387 385
4480 327 326
4481 981 980
4482 264 263
4483 66 64
4484 888 886
4485 33 33
4486 591 591
4487 816 814
4488 894 894
4489 462 461
4490 867 867
4491 183 181
4492 141 139
4493 681 679
4494 939 939
4495 639 638
4496 1002 1000
4497 957 957
4498 972 970
4499 816 815
4500 345 343
4501 180 178
4502 981 979
4503 45 45
4504 927 925
4505 609 608
4506 582 581
4507 867 867
4508 699 698
4509 375 375
4510 297 296
4511 834 832
4512 294 294
4513 108 108
4514 375 374
4515 93 93
4516 453 453
4517 483 482
4518 468 466
4519 774 772
4520 636 635
4521 708 708
4522 411 411
4523 411 410
4524 201 201
4525 18 16
4526 42 42
4527 606 605
4528 519 517
4529 774 773
4530 120 119
4531 942 941
4532 951 949
4533 333 333
4534 768 767
4535 255 254
4536 774 773
4537 603 603
4538 24 24
4539 279 277
4540 573 571
4541 630 630
4542 501 499
4543 630 630
4544 195 193
4545 405 404
4546 747 745
4547 285 284
4548 60 59
4549 816 815
4550 567 566
4551 672 672
4552 150 148
4553 411 411
4554 273 273
4555 834 832
4556 30 29
4557 54 53
4558 963 961
4559 228 226
4560 327 326
4561 159 157
4562 435 433
4563 573 573
4564 714 714
4565 510 508
4566 126 124
4567 480 478
4568 63 63
4569 672 670
4570 819 817
4571 696 696
4572 540 539
4573 435 433
4574 297 295
4575 834 834
4576 681 680
4577 342 340
4578 891 890
4579 486 485
4580 345 344
4581 729 728
4582 357 356
4583 603 603
4584 9 8
4585 195 194
4586 324 324
4587 306 305
4588 51 49
4589 888 886
4590 324 322
4591 189 189
4592 531 530
4593 837 837
4594 96 96
4595 504 503
4596 72 71
4597 720 719
4598 354 354
4599 12 12
4600 702 701
4601 579 577
4602 918 918
4603 495 494
4604 867 866
4605 864 864
4606 159 157
4607 765 765
4608 378 377
4609 333 332
4610 81 79
4611 441 440
4612 261 260
4613 696 694
4614 972 970
4615 942 940
4616 858 856
4617 186 185
4618 444 444
4619 765 763
4620 126 124
4621 678 676
4622 621 620
4623 432 430
4624 483 481
4625 213 213
4626 252 252
4627 69 68
4628 171 170
4629 9 7
4630 546 545
4631 465 463
4632 534 533
4633 783 781
4634 387 385
4635 216 214
4636 81 81
4637 420 420
4638 555 555
4639 813 813
4640 582 582
4641 870 868
4642 243 242
4643 168 166
4644 609 607
4645 183 183
4646 939 938
4647 180 179
4648 171 170
4649 408 408
4650 489 489
4651 33 32
4652 816 814
4653 375 373
4654 33 31
4655 567 565
4656 405 403
4657 774 773
4658 414 413
4659 684 682
4660 510 509
4661 243 242
4662 225 225
4663 210 209
4664 993 993
4665 978 976
4666 978 976
4667 432 432
4668 390 390
4669 549 548
4670 930 930
4671 516 515
4672 918 917
4673 975 973
4674 996 994
4675 534 533
4676 411 409
4677 765 765
4678 588 587
4679 498 496
4680 663 663
4681 792 792
4682 765 763
4683 249 247
4684 192 191
4685 477 475
4686 891 891
4687 309 307
4688 42 40
4689 831 830
4690 246 244
4691 237 235
4692 831 831
4693 555 554
4694 99 99
4695 594 593
4696 648 648
4697 453 451
4698 495 493
4699 636 636
4700 603 603
4701 801 799
4702 573 571
4703 705 704
4704 978 976
4705 750 749
4706 768 767
4707 288 287
4708 387 387
4709 96 95
4710 237 237
4711 516 515
4712 585 584
4713 33 31
4714 996 994
4715 81 80
4716 921 919
4717 870 869
4718 330 328
4719 720 718
4720 162 161
4721 408 406
4722 87 87
4723 447 445
4724 576 576
4725 312 310
4726 525 525
4727 264 264
4728 555 554
4729 873 871
4730 912 911
4731 906 906
4732 960 959
4733 543 543
4734 462 461
4735 939 939
4736 984 982
4737 486 486
4738 498 497
4739 42 42
4740 339 339
4741 6 4
4742 546 544
4743 933 932
4744 525 524
4745 129 127
4746 744 743
4747 636 636
4748 894 894
4749 60 59
4750 567 566
4751 921 920
4752 621 620
4753 504 503
4754 576 576
4755 138 138
4756 960 960
4757 15 14
4758 435 433
4759 789 788
4760 930 928
4761 804 803
4762 840 838
4763 972 970
4764 339 338
4765 939 939
4766 873 872
4767 540 539
4768 312 311
4769 264 263
4770 336 336
4771 777 776
4772 261 259
4773 801 799
4774 756 756
4775 459 459
4776 660 658
4777 15 15
4778 906 904
4779 906 905
4780 501 501
4781 894 893
4782 327 326
4783 57 56
4784 861 859
4785 216 216
4786 39 38
4787 75 73
4788 249 247
4789 819 818
4790 270 269
4791 222 222
4792 81 80
4793 273 271
4794 828 826
4795 414 413
4796 861 860
4797 477 475
4798 501 500
4799 546 546
4800 93 91
4801 288 287
4802 573 573
4803 408 408
4804 132 130
4805 927 925
4806 585 585
4807 681 681
4808 678 676
4809 633 631
4810 888 887
4811 81 81
4812 132 130
4813 261 259
4814 63 62
4815 879 878
4816 972 972
4817 417 417
4818 579 577
4819 396 394
4820 360 358
4821 186 186
4822 795 795
4823 960 959
4824 621 619
4825 459 459
4826 708 707
4827 498 497
4828 567 565
4829 417 415
4830 825 825
4831 519 519
4832 786 786
4833 624 624
4834 111 110
4835 708 706
4836 570 568
4837 207 207
4838 345 344
4839 117 116
4840 489 489
4841 777 775
4842 291 291
4843 948 946
4844 855 855
4845 342 341
4846 840 840
4847 540 538
4848 387 385
4849 108 106
4850 9 9
4851 639 637
4852 204 203
4853 696 695
4854 210 210
4855 597 597
4856 804 802
4857 552 551
4858 378 378
4859 258 256
4860 597 597
4861 570 568
4862 423 423
4863 84 83
4864 270 269
4865 3 2
4866 861 861
4867 807 807
4868 150 149
4869 879 877
4870 585 583
4871 198 198
4872 42 42
4873 888 887
4874 261 260
4875 960 958
4876 123 123
4877 141 140
4878 339 339
4879 348 348
4880 915 913
4881 507 507
4882 6 6
4883 3 2
4884 642 640
4885 759 759
4886 306 306
4887 195 194
4888 204 204
4889 852 851
4890 255 253
4891 843 841
4892 948 948
4893 204 204
4894 855 855
4895 141 140
4896 42 42
4897 477 475
4898 105 105
4899 831 829
4900 114 113
4901 282 280
4902 408 408
4903 918 918
4904 495 493
4905 201 199
4906 339 338
4907 813 812
4908 366 366
4909 198 198
4910 312 311
4911 102 101
4912 444 444
4913 654 652
4914 27 25
4915 483 482
4916 165 164
4917 909 908
4918 645 644
4919 789 789
4920 417 417
4921 984 983
4922 990 990
4923 27 27
4924 228 227
4925 303 301
4926 447 447
4927 651 651
4928 27 27
4929 6 4
4930 411 410
4931 279 277
4932 36 36
4933 897 895
4934 348 346
4935 276 276
4936 555 555
4937 576 576
4938 294 293
4939 54 52
4940 408 408
4941 951 949
4942 708 708
4943 597 595
4944 531 530
4945 951 950
4946 864 864
4947 717 715
4948 390 390
4949 852 852
4950 768 766
4951 534 534
4952 378 377
4953 117 116
4954 651 651
4955 450 449
4956 522 520
4957 690 690
4958 9 9
4959 969 969
4960 312 311
4961 294 294
4962 762 760
4963 240 240
4964 543 542
4965 105 105
4966 429 429
4967 105 104
4968 501 501
4969 546 544
4970 207 205
4971 54 54
4972 954 953
4973 672 672
4974 315 314
4975 138 136
4976 246 244
4977 648 648
4978 366 365
4979 945 943
4980 282 280
4981 66 65
4982 441 441
4983 807 805
4984 588 588
4985 816 816
4986 366 366
4987 624 624
4988 45 45
4989 717 715
4990 141 140
4991 846 845
4992 408 406
4993 840 839
4994 651 651
4995 501 501
4996 504 504
4997 753 752
4998 243 241
4999 636 634
5000 618 618
