5000 1961418 14_5000_1000_2078
1 840 640
2 441 241
3 594 394
4 238 38
5 996 796
6 667 467
7 292 92
8 550 350
9 729 529
10 389 189
11 401 201
12 397 197
13 405 205
14 436 236
15 369 169
16 366 166
17 856 656
18 628 428
19 1005 805
20 228 28
21 1036 836
22 393 193
23 454 254
24 274 74
25 971 771
26 753 553
27 558 258
28 1090 890
29 460 260
30 259 59
31 879 679
32 394 194
33 622 422
34 305 105
35 958 758
36 703 503
37 779 579
38 249 49
39 681 481
40 1006 806
41 678 478
42 540 240
43 684 484
44 981 781
45 493 293
46 341 141
47 559 359
48 455 255
49 775 575
50 460 260
51 545 345
52 1157 957
53 1093 893
54 1175 975
55 1054 854
56 660 460
57 877 677
58 366 166
59 898 698
60 805 605
61 226 26
62 480 280
63 892 692
64 624 424
65 1013 813
66 1103 903
67 395 195
68 1032 832
69 655 455
70 568 368
71 1027 827
72 609 409
73 643 443
74 336 136
75 913 713
76 984 684
77 996 696
78 1143 943
79 234 34
80 922 722
81 1101 901
82 492 192
83 720 520
84 316 116
85 451 251
86 263 63
87 468 268
88 249 49
89 1126 926
90 561 361
91 588 388
92 588 288
93 840 540
94 991 791
95 354 54
96 497 297
97 427 227
98 778 578
99 371 171
100 647 447
101 1191 991
102 684 384
103 229 29
104 312 112
105 689 489
106 253 53
107 568 368
108 1155 955
109 1128 928
110 1035 835
111 604 404
112 1212 912
113 528 228
114 1230 930
115 1176 976
116 1187 987
117 789 589
118 887 687
119 1096 896
120 929 729
121 1284 984
122 321 121
123 1096 896
124 273 73
125 966 666
126 487 287
127 439 239
128 412 212
129 978 778
130 419 219
131 285 85
132 1133 933
133 226 26
134 409 209
135 324 124
136 666 466
137 399 199
138 1080 880
139 217 17
140 492 192
141 652 452
142 711 511
143 412 212
144 1110 810
145 342 42
146 897 697
147 675 475
148 1105 905
149 667 467
150 313 113
151 555 355
152 949 749
153 690 490
154 354 54
155 943 743
156 610 410
157 892 692
158 231 31
159 906 606
160 827 627
161 841 641
162 616 416
163 948 648
164 587 387
165 819 619
166 1155 955
167 609 409
168 654 454
169 720 420
170 327 127
171 269 69
172 864 564
173 372 172
174 984 684
175 905 705
176 1074 774
177 641 441
178 604 404
179 864 664
180 1127 927
181 685 485
182 888 588
183 963 763
184 555 355
185 955 755
186 948 648
187 455 255
188 858 658
189 586 386
190 857 657
191 915 715
192 1038 838
193 636 336
194 682 482
195 1122 822
196 1176 976
197 263 63
198 666 366
199 325 125
200 270 70
201 1110 810
202 604 404
203 394 194
204 516 216
205 328 128
206 1059 859
207 1125 925
208 334 134
209 1120 920
210 1173 973
211 431 231
212 339 139
213 499 299
214 575 375
215 414 114
216 381 181
217 429 229
218 751 551
219 1002 802
220 377 177
221 336 36
222 357 157
223 426 126
224 339 139
225 1007 807
226 582 282
227 622 422
228 964 764
229 567 367
230 691 491
231 930 630
232 281 81
233 1008 808
234 702 502
235 402 202
236 547 347
237 897 697
238 1163 963
239 640 440
240 1185 985
241 815 615
242 227 27
243 1212 912
244 846 646
245 666 366
246 900 700
247 738 438
248 665 465
249 1015 815
250 372 172
251 670 470
252 600 400
253 658 458
254 465 265
255 847 647
256 875 675
257 882 582
258 526 326
259 1137 937
260 1111 911
261 891 691
262 732 432
263 330 30
264 1140 840
265 967 767
266 541 341
267 936 636
268 461 261
269 957 757
270 795 595
271 756 456
272 215 15
273 414 214
274 479 279
275 360 60
276 1017 817
277 1080 780
278 987 787
279 849 649
280 1169 969
281 1110 810
282 221 21
283 677 477
284 885 685
285 637 437
286 478 278
287 694 494
288 271 71
289 933 733
290 732 432
291 693 493
292 1057 857
293 1012 812
294 1159 959
295 964 764
296 257 57
297 541 341
298 729 529
299 431 231
300 413 213
301 1086 886
302 1093 893
303 694 494
304 384 184
305 618 318
306 711 511
307 1081 881
308 291 91
309 343 143
310 586 386
311 1182 882
312 504 204
313 1104 804
314 1032 732
315 814 614
316 630 330
317 643 443
318 1109 909
319 268 68
320 469 269
321 456 156
322 1135 935
323 459 259
324 954 754
325 417 217
326 223 23
327 468 168
328 397 197
329 347 147
330 682 482
331 429 229
332 1134 934
333 786 586
334 208 8
335 411 211
336 868 668
337 1133 933
338 989 789
339 328 128
340 1296 996
341 1125 925
342 898 698
343 1009 809
344 538 338
345 887 687
346 239 39
347 441 241
348 1037 837
349 1102 902
350 772 572
351 543 343
352 1079 879
353 556 356
354 1131 931
355 492 292
356 379 179
357 705 505
358 744 544
359 682 482
360 685 485
361 1122 922
362 768 568
363 205 5
364 901 701
365 803 603
366 533 333
367 1149 949
368 859 659
369 917 717
370 407 207
371 714 514
372 1080 780
373 756 456
374 1108 908
375 810 510
376 451 251
377 681 481
378 1176 976
379 406 206
380 1008 808
381 397 197
382 1029 829
383 1025 825
384 1036 836
385 1200 900
386 1108 908
387 551 351
388 826 626
389 666 366
390 250 50
391 730 530
392 264 64
393 609 409
394 492 292
395 324 24
396 483 283
397 684 384
398 354 154
399 1098 798
400 1194 894
401 324 124
402 831 631
403 478 278
404 211 11
405 1071 871
406 1098 798
407 1206 906
408 407 207
409 316 116
410 414 214
411 454 254
412 586 386
413 540 240
414 287 87
415 553 353
416 1180 980
417 931 731
418 1067 867
419 1224 924
420 417 217
421 831 631
422 949 749
423 1020 720
424 269 69
425 655 455
426 912 612
427 1128 828
428 801 601
429 473 273
430 468 168
431 757 557
432 475 275
433 844 644
434 1116 916
435 220 20
436 233 33
437 870 570
438 1146 946
439 1059 859
440 934 734
441 935 735
442 393 193
443 487 287
444 1115 915
445 671 471
446 870 570
447 727 527
448 391 191
449 595 395
450 1074 774
451 870 570
452 695 495
453 796 596
454 433 233
455 341 141
456 786 486
457 702 502
458 618 418
459 1019 819
460 333 133
461 690 390
462 852 552
463 918 618
464 724 524
465 268 68
466 882 582
467 348 148
468 1182 982
469 1138 938
470 471 271
471 438 138
472 377 177
473 702 402
474 942 642
475 987 787
476 1171 971
477 450 250
478 454 254
479 355 155
480 990 790
481 835 635
482 711 511
483 676 476
484 720 420
485 1146 846
486 871 671
487 924 624
488 834 634
489 1165 965
490 701 501
491 731 531
492 257 57
493 948 648
494 497 297
495 661 461
496 924 624
497 1044 844
498 301 101
499 834 534
500 323 123
501 229 29
502 309 109
503 828 528
504 951 751
505 677 477
506 671 471
507 504 304
508 690 490
509 1122 922
510 747 547
511 349 149
512 1047 847
513 531 331
514 1152 852
515 463 263
516 348 48
517 595 395
518 405 205
519 384 184
520 994 794
521 508 308
522 1165 965
523 1030 830
524 1128 828
525 469 269
526 659 459
527 318 118
528 551 351
529 1133 933
530 297 97
531 394 194
532 942 742
533 1020 820
534 268 68
535 628 428
536 415 215
537 400 200
538 774 474
539 904 704
540 1065 865
541 637 437
542 1110 810
543 1181 981
544 360 60
545 576 276
546 735 535
547 1164 964
548 787 587
549 541 341
550 357 157
551 351 151
552 828 628
553 988 788
554 678 378
555 563 363
556 694 494
557 959 759
558 1026 726
559 330 30
560 449 249
561 773 573
562 658 458
563 561 361
564 457 257
565 1260 960
566 744 444
567 694 494
568 1011 811
569 1091 891
570 1001 801
571 682 482
572 714 414
573 1149 949
574 1057 857
575 1224 924
576 843 643
577 244 44
578 671 471
579 324 124
580 805 605
581 378 178
582 1194 894
583 432 132
584 1073 873
585 603 403
586 1248 948
587 1074 874
588 1063 863
589 1008 708
590 930 730
591 939 739
592 774 574
593 925 725
594 265 65
595 1185 985
596 1131 931
597 900 600
598 906 606
599 742 542
600 702 402
601 615 415
602 378 78
603 1086 886
604 451 251
605 401 201
606 1254 954
607 1176 976
608 570 270
609 685 485
610 780 580
611 1141 941
612 1111 911
613 336 36
614 520 320
615 871 671
616 898 698
617 371 171
618 459 259
619 499 299
620 671 471
621 1002 702
622 1047 847
623 1127 927
624 1098 798
625 906 606
626 924 724
627 892 692
628 864 564
629 819 619
630 616 416
631 888 588
632 436 236
633 995 795
634 256 56
635 600 300
636 663 463
637 905 705
638 1044 844
639 667 467
640 1044 844
641 725 525
642 382 182
643 289 89
644 839 639
645 202 2
646 1067 867
647 876 576
648 810 510
649 1098 898
650 1164 864
651 990 790
652 534 334
653 628 428
654 885 685
655 1129 929
656 634 434
657 799 599
658 573 373
659 657 457
660 1180 980
661 1187 987
662 700 500
663 1116 816
664 466 266
665 858 558
666 1159 959
667 853 653
668 817 617
669 397 197
670 1063 863
671 876 676
672 1165 965
673 1026 726
674 909 709
675 287 87
676 1159 959
677 888 588
678 303 103
679 924 624
680 340 140
681 1230 930
682 449 249
683 483 283
684 405 205
685 1014 814
686 1149 949
687 1145 945
688 209 9
689 279 79
690 1091 891
691 583 383
692 739 539
693 952 752
694 900 600
695 235 35
696 282 82
697 1182 882
698 699 499
699 1119 919
700 675 475
701 245 45
702 459 259
703 347 147
704 673 473
705 1167 967
706 418 218
707 847 647
708 774 574
709 546 346
710 508 308
711 445 245
712 834 534
713 1002 802
714 852 552
715 715 515
716 474 274
717 220 20
718 1117 917
719 879 679
720 858 658
721 1044 744
722 1074 774
723 804 504
724 706 506
725 832 632
726 814 614
727 835 635
728 965 765
729 1198 998
730 864 564
731 600 300
732 1053 853
733 433 233
734 1260 960
735 688 488
736 444 144
737 588 288
738 1179 979
739 1073 873
740 915 715
741 1188 988
742 699 499
743 257 57
744 491 291
745 954 754
746 252 52
747 1149 949
748 919 719
749 599 399
750 575 375
751 275 75
752 887 687
753 753 553
754 1074 774
755 636 436
756 231 31
757 684 484
758 917 717
759 1062 762
760 492 292
761 826 626
762 1147 947
763 606 306
764 765 565
765 681 481
766 382 182
767 1115 915
768 203 3
769 1025 825
770 414 114
771 277 77
772 969 769
773 787 587
774 378 178
775 683 483
776 252 52
777 1114 914
778 909 709
779 520 320
780 483 283
781 861 661
782 466 266
783 685 485
784 239 39
785 547 347
786 947 747
787 201 1
788 1296 996
789 917 717
790 1181 981
791 1055 855
792 1098 798
793 1054 854
794 1054 854
795 963 763
796 372 172
797 522 222
798 574 374
799 316 116
800 900 600
801 546 346
802 954 654
803 1003 803
804 877 677
805 365 165
806 851 651
807 898 698
808 303 103
809 243 43
810 683 483
811 690 390
812 382 182
813 852 552
814 646 446
815 485 285
816 1066 866
817 504 204
818 1122 822
819 264 64
820 1127 927
821 833 633
822 231 31
823 490 290
824 1179 979
825 1187 987
826 479 279
827 666 366
828 891 691
829 630 430
830 1086 886
831 384 84
832 297 97
833 508 308
834 1015 815
835 1020 820
836 760 560
837 1080 780
838 981 781
839 732 432
840 437 237
841 331 131
842 402 102
843 622 422
844 528 328
845 954 654
846 419 219
847 648 348
848 1236 936
849 437 237
850 565 365
851 1278 978
852 754 554
853 1114 914
854 921 721
855 539 339
856 619 419
857 559 359
858 364 164
859 707 507
860 768 568
861 1035 835
862 804 504
863 241 41
864 861 661
865 709 509
866 621 421
867 1026 726
868 1134 834
869 783 583
870 384 184
871 384 84
872 1143 943
873 624 324
874 942 742
875 948 648
876 1145 945
877 441 241
878 1113 913
879 1200 1000
880 226 26
881 1031 831
882 630 330
883 437 237
884 1200 900
885 1151 951
886 624 324
887 298 98
888 762 462
889 508 308
890 911 711
891 562 362
892 661 461
893 1068 868
894 1138 938
895 653 453
896 840 540
897 583 383
898 1200 1000
899 507 307
900 204 4
901 1026 726
902 420 220
903 607 407
904 875 675
905 696 396
906 384 84
907 1125 925
908 225 25
909 1092 792
910 1188 888
911 875 675
912 702 502
913 1049 849
914 1003 803
915 251 51
916 677 477
917 636 336
918 289 89
919 471 271
920 1084 884
921 305 105
922 919 719
923 739 539
924 993 793
925 601 401
926 382 182
927 1087 887
928 474 174
929 969 769
930 444 144
931 922 722
932 213 13
933 449 249
934 1153 953
935 887 687
936 483 283
937 997 797
938 366 166
939 979 779
940 377 177
941 275 75
942 1137 937
943 528 228
944 1194 894
945 306 106
946 562 362
947 835 635
948 690 390
949 981 781
950 1151 951
951 462 162
952 917 717
953 413 213
954 1156 956
955 895 695
956 360 60
957 778 578
958 379 179
959 935 735
960 291 91
961 930 730
962 982 782
963 235 35
964 456 156
965 712 512
966 519 319
967 213 13
968 246 46
969 502 302
970 810 510
971 683 483
972 287 87
973 846 546
974 1018 818
975 1075 875
976 736 536
977 1056 756
978 1110 910
979 1045 845
980 957 757
981 334 134
982 810 510
983 892 692
984 354 154
985 942 642
986 343 143
987 600 300
988 402 102
989 1111 911
990 1145 945
991 805 605
992 1099 899
993 1104 804
994 1096 896
995 474 174
996 811 611
997 459 259
998 1266 966
999 834 634
1000 532 332
1001 783 583
1002 403 203
1003 534 334
1004 509 309
1005 1146 846
1006 1037 837
1007 832 632
1008 630 430
1009 727 527
1010 407 207
1011 1145 945
1012 1195 995
1013 563 363
1014 766 566
1015 820 620
1016 1153 953
1017 972 672
1018 934 734
1019 384 84
1020 543 343
1021 953 753
1022 377 177
1023 1177 977
1024 306 6
1025 543 343
1026 232 32
1027 891 691
1028 721 521
1029 371 171
1030 391 191
1031 837 637
1032 309 109
1033 888 688
1034 1045 845
1035 1043 843
1036 450 250
1037 277 77
1038 1049 849
1039 275 75
1040 559 359
1041 889 689
1042 269 69
1043 672 472
1044 561 361
1045 1005 805
1046 879 679
1047 825 625
1048 612 412
1049 637 437
1050 283 83
1051 330 30
1052 736 536
1053 1062 862
1054 1041 841
1055 803 603
1056 693 493
1057 433 233
1058 852 652
1059 394 194
1060 495 295
1061 1006 806
1062 801 601
1063 1194 894
1064 330 130
1065 281 81
1066 816 516
1067 690 490
1068 574 374
1069 681 481
1070 666 366
1071 1157 957
1072 1067 867
1073 915 715
1074 441 241
1075 1024 824
1076 366 166
1077 522 322
1078 673 473
1079 909 709
1080 654 354
1081 1134 834
1082 892 692
1083 786 586
1084 375 175
1085 1200 1000
1086 1051 851
1087 948 748
1088 447 247
1089 675 475
1090 546 246
1091 936 636
1092 531 331
1093 478 278
1094 1187 987
1095 1061 861
1096 409 209
1097 499 299
1098 984 784
1099 1051 851
1100 273 73
1101 1032 832
1102 984 684
1103 748 548
1104 811 611
1105 325 125
1106 209 9
1107 606 306
1108 630 330
1109 384 84
1110 276 76
1111 351 151
1112 419 219
1113 720 520
1114 811 611
1115 1096 896
1116 918 718
1117 222 22
1118 493 293
1119 666 466
1120 507 307
1121 1266 966
1122 821 621
1123 1007 807
1124 978 678
1125 273 73
1126 607 407
1127 898 698
1128 888 588
1129 1068 868
1130 457 257
1131 318 118
1132 891 691
1133 648 348
1134 1067 867
1135 1114 914
1136 301 101
1137 972 672
1138 399 199
1139 335 135
1140 1085 885
1141 438 138
1142 449 249
1143 684 384
1144 727 527
1145 245 45
1146 1063 863
1147 624 424
1148 372 172
1149 792 592
1150 1073 873
1151 407 207
1152 1195 995
1153 900 600
1154 1146 946
1155 821 621
1156 1193 993
1157 401 201
1158 1176 876
1159 445 245
1160 993 793
1161 582 382
1162 264 64
1163 547 347
1164 420 220
1165 1152 852
1166 899 699
1167 1194 894
1168 534 234
1169 803 603
1170 922 722
1171 714 414
1172 903 703
1173 312 12
1174 790 590
1175 678 478
1176 694 494
1177 587 387
1178 400 200
1179 970 770
1180 689 489
1181 766 566
1182 1266 966
1183 282 82
1184 618 318
1185 547 347
1186 251 51
1187 869 669
1188 570 370
1189 1093 893
1190 531 331
1191 618 318
1192 322 122
1193 1200 1000
1194 1075 875
1195 1114 914
1196 757 557
1197 1056 856
1198 1045 845
1199 400 200
1200 1171 971
1201 378 78
1202 1185 985
1203 463 263
1204 264 64
1205 778 578
1206 453 253
1207 1042 842
1208 577 377
1209 345 145
1210 430 230
1211 319 119
1212 1181 981
1213 616 416
1214 1140 940
1215 1083 883
1216 816 516
1217 558 358
1218 905 705
1219 1175 975
1220 275 75
1221 762 462
1222 798 498
1223 1006 806
1224 822 622
1225 490 290
1226 624 324
1227 732 532
1228 460 260
1229 1260 960
1230 415 215
1231 312 112
1232 775 575
1233 457 257
1234 1174 974
1235 874 674
1236 972 672
1237 268 68
1238 821 621
1239 381 181
1240 858 558
1241 503 303
1242 729 529
1243 965 765
1244 1144 944
1245 990 790
1246 883 683
1247 1026 826
1248 366 166
1249 1121 921
1250 293 93
1251 1043 843
1252 507 307
1253 942 642
1254 474 274
1255 1043 843
1256 949 749
1257 460 260
1258 234 34
1259 1079 879
1260 1187 987
1261 253 53
1262 619 419
1263 822 622
1264 965 765
1265 1092 892
1266 736 536
1267 255 55
1268 784 584
1269 963 763
1270 1146 846
1271 213 13
1272 1159 959
1273 509 309
1274 498 298
1275 406 206
1276 634 434
1277 1072 872
1278 891 691
1279 647 447
1280 634 434
1281 1104 804
1282 757 557
1283 873 673
1284 546 346
1285 1122 922
1286 732 532
1287 287 87
1288 487 287
1289 630 430
1290 877 677
1291 997 797
1292 1089 889
1293 1029 829
1294 448 248
1295 930 730
1296 1151 951
1297 735 535
1298 828 528
1299 462 262
1300 358 158
1301 1085 885
1302 552 352
1303 1068 868
1304 667 467
1305 451 251
1306 551 351
1307 1041 841
1308 1027 827
1309 207 7
1310 733 533
1311 426 226
1312 1254 954
1313 1175 975
1314 867 667
1315 834 634
1316 1048 848
1317 1151 951
1318 1167 967
1319 857 657
1320 269 69
1321 720 520
1322 621 421
1323 589 389
1324 1002 702
1325 1230 930
1326 1150 950
1327 780 580
1328 997 797
1329 858 658
1330 336 36
1331 984 784
1332 420 220
1333 612 412
1334 747 547
1335 473 273
1336 610 410
1337 313 113
1338 1098 898
1339 426 126
1340 972 772
1341 785 585
1342 311 111
1343 1200 900
1344 720 420
1345 619 419
1346 1266 966
1347 964 764
1348 1014 814
1349 351 151
1350 466 266
1351 841 641
1352 917 717
1353 1067 867
1354 1066 866
1355 647 447
1356 282 82
1357 1074 874
1358 389 189
1359 429 229
1360 717 517
1361 690 390
1362 846 646
1363 923 723
1364 865 665
1365 694 494
1366 408 208
1367 916 716
1368 408 108
1369 736 536
1370 257 57
1371 653 453
1372 1068 868
1373 1048 848
1374 1043 843
1375 755 555
1376 378 178
1377 738 438
1378 978 678
1379 209 9
1380 610 410
1381 748 548
1382 911 711
1383 359 159
1384 505 305
1385 429 229
1386 868 668
1387 875 675
1388 365 165
1389 927 727
1390 397 197
1391 396 196
1392 1092 792
1393 953 753
1394 1080 780
1395 881 681
1396 1053 853
1397 293 93
1398 805 605
1399 421 221
1400 1185 985
1401 631 431
1402 958 758
1403 834 534
1404 994 794
1405 795 595
1406 804 504
1407 433 233
1408 491 291
1409 850 650
1410 1131 931
1411 751 551
1412 714 414
1413 1165 965
1414 901 701
1415 651 451
1416 711 511
1417 528 328
1418 840 540
1419 433 233
1420 927 727
1421 1056 856
1422 759 559
1423 720 520
1424 679 479
1425 1133 933
1426 456 256
1427 649 449
1428 648 448
1429 1128 928
1430 324 124
1431 333 133
1432 385 185
1433 933 733
1434 688 488
1435 1009 809
1436 1116 816
1437 1066 866
1438 1134 934
1439 989 789
1440 615 415
1441 846 646
1442 1078 878
1443 576 376
1444 1056 856
1445 466 266
1446 972 772
1447 502 302
1448 601 401
1449 1027 827
1450 1008 808
1451 1098 898
1452 1177 977
1453 325 125
1454 1033 833
1455 579 379
1456 840 640
1457 241 41
1458 889 689
1459 562 362
1460 834 634
1461 783 583
1462 707 507
1463 714 514
1464 708 508
1465 1032 732
1466 863 663
1467 1095 895
1468 989 789
1469 621 421
1470 853 653
1471 1167 967
1472 838 638
1473 1122 922
1474 405 205
1475 867 667
1476 546 346
1477 283 83
1478 669 469
1479 262 62
1480 774 574
1481 1050 750
1482 498 298
1483 924 724
1484 921 721
1485 678 478
1486 421 221
1487 220 20
1488 397 197
1489 293 93
1490 775 575
1491 246 46
1492 276 76
1493 778 578
1494 556 356
1495 1002 702
1496 459 259
1497 1195 995
1498 1152 852
1499 366 166
1500 689 489
1501 840 540
1502 941 741
1503 343 143
1504 420 120
1505 622 422
1506 678 378
1507 208 8
1508 387 187
1509 489 289
1510 270 70
1511 805 605
1512 1150 950
1513 1137 937
1514 449 249
1515 529 329
1516 1057 857
1517 1156 956
1518 505 305
1519 459 259
1520 925 725
1521 969 769
1522 426 226
1523 861 661
1524 748 548
1525 906 706
1526 498 198
1527 487 287
1528 600 300
1529 834 634
1530 221 21
1531 1092 792
1532 885 685
1533 444 144
1534 1182 982
1535 1125 925
1536 522 222
1537 1182 882
1538 763 563
1539 695 495
1540 723 523
1541 634 434
1542 897 697
1543 257 57
1544 1057 857
1545 1132 932
1546 925 725
1547 336 136
1548 448 248
1549 301 101
1550 1151 951
1551 1033 833
1552 876 576
1553 1005 805
1554 1114 914
1555 781 581
1556 1248 948
1557 533 333
1558 249 49
1559 343 143
1560 633 433
1561 1145 945
1562 436 236
1563 988 788
1564 303 103
1565 615 415
1566 472 272
1567 1105 905
1568 1110 910
1569 498 198
1570 462 162
1571 1073 873
1572 582 282
1573 359 159
1574 456 156
1575 540 340
1576 840 640
1577 871 671
1578 474 174
1579 624 424
1580 942 742
1581 1003 803
1582 310 110
1583 268 68
1584 1110 910
1585 777 577
1586 351 151
1587 487 287
1588 582 282
1589 597 397
1590 834 534
1591 781 581
1592 1121 921
1593 809 609
1594 575 375
1595 1018 818
1596 1176 976
1597 1131 931
1598 1128 828
1599 1156 956
1600 562 362
1601 654 354
1602 1110 910
1603 1008 708
1604 1048 848
1605 249 49
1606 425 225
1607 629 429
1608 657 457
1609 987 787
1610 792 492
1611 603 403
1612 1075 875
1613 780 580
1614 798 598
1615 317 117
1616 1191 991
1617 222 22
1618 394 194
1619 492 292
1620 352 152
1621 545 345
1622 299 99
1623 401 201
1624 696 396
1625 592 392
1626 1068 768
1627 682 482
1628 569 369
1629 771 571
1630 729 529
1631 948 748
1632 1153 953
1633 759 559
1634 911 711
1635 258 58
1636 834 534
1637 823 623
1638 871 671
1639 508 308
1640 1086 886
1641 882 582
1642 367 167
1643 745 545
1644 615 415
1645 394 194
1646 1039 839
1647 1005 805
1648 539 339
1649 342 42
1650 1049 849
1651 570 370
1652 877 677
1653 1096 896
1654 514 314
1655 371 171
1656 510 210
1657 432 232
1658 1174 974
1659 492 292
1660 969 769
1661 670 470
1662 546 246
1663 667 467
1664 1123 923
1665 1296 996
1666 693 493
1667 778 578
1668 1162 962
1669 217 17
1670 714 414
1671 1062 762
1672 685 485
1673 546 346
1674 424 224
1675 216 16
1676 738 538
1677 420 220
1678 202 2
1679 475 275
1680 347 147
1681 511 311
1682 810 510
1683 867 667
1684 241 41
1685 1068 868
1686 513 313
1687 563 363
1688 1011 811
1689 664 464
1690 441 241
1691 576 376
1692 328 128
1693 606 406
1694 861 661
1695 564 264
1696 504 304
1697 688 488
1698 952 752
1699 747 547
1700 834 534
1701 239 39
1702 814 614
1703 1109 909
1704 876 576
1705 814 614
1706 629 429
1707 745 545
1708 1101 901
1709 318 18
1710 765 565
1711 623 423
1712 565 365
1713 588 388
1714 984 784
1715 1134 934
1716 909 709
1717 604 404
1718 1122 922
1719 942 642
1720 924 624
1721 927 727
1722 1073 873
1723 591 391
1724 522 222
1725 827 627
1726 1077 877
1727 643 443
1728 552 352
1729 333 133
1730 729 529
1731 415 215
1732 777 577
1733 337 137
1734 264 64
1735 306 6
1736 1126 926
1737 505 305
1738 616 416
1739 933 733
1740 838 638
1741 1036 836
1742 750 450
1743 217 17
1744 1147 947
1745 657 457
1746 1199 999
1747 827 627
1748 879 679
1749 473 273
1750 828 628
1751 838 638
1752 503 303
1753 223 23
1754 810 510
1755 1191 991
1756 235 35
1757 555 355
1758 1194 894
1759 292 92
1760 851 651
1761 930 730
1762 834 534
1763 1197 997
1764 427 227
1765 423 223
1766 1002 802
1767 570 270
1768 959 759
1769 606 406
1770 376 176
1771 390 90
1772 1055 855
1773 562 362
1774 439 239
1775 449 249
1776 1296 996
1777 1174 974
1778 563 363
1779 1114 914
1780 784 584
1781 233 33
1782 615 415
1783 713 513
1784 630 330
1785 936 736
1786 465 265
1787 474 274
1788 1031 831
1789 647 447
1790 713 513
1791 883 683
1792 625 425
1793 735 535
1794 449 249
1795 594 294
1796 1068 868
1797 370 170
1798 774 574
1799 504 204
1800 1115 915
1801 882 682
1802 445 245
1803 970 770
1804 519 319
1805 1093 893
1806 1194 894
1807 991 791
1808 496 296
1809 667 467
1810 1296 996
1811 795 595
1812 1025 825
1813 837 637
1814 523 323
1815 642 442
1816 696 496
1817 516 216
1818 376 176
1819 919 719
1820 211 11
1821 976 776
1822 1180 980
1823 840 640
1824 555 355
1825 1181 981
1826 481 281
1827 516 216
1828 432 132
1829 304 104
1830 634 434
1831 732 432
1832 883 683
1833 1038 838
1834 519 319
1835 388 188
1836 1102 902
1837 1019 819
1838 858 558
1839 315 115
1840 1079 879
1841 912 712
1842 707 507
1843 1191 991
1844 929 729
1845 550 350
1846 1164 864
1847 217 17
1848 984 784
1849 1044 744
1850 781 581
1851 810 510
1852 669 469
1853 360 60
1854 1161 961
1855 964 764
1856 828 528
1857 846 546
1858 430 230
1859 724 524
1860 363 163
1861 987 787
1862 1164 864
1863 865 665
1864 333 133
1865 610 410
1866 630 430
1867 1072 872
1868 864 564
1869 766 566
1870 775 575
1871 870 670
1872 929 729
1873 714 414
1874 906 606
1875 1180 980
1876 924 624
1877 555 355
1878 790 590
1879 858 558
1880 408 108
1881 321 121
1882 1182 982
1883 1151 951
1884 719 519
1885 1165 965
1886 318 118
1887 765 565
1888 927 727
1889 448 248
1890 720 520
1891 787 587
1892 642 442
1893 678 378
1894 511 311
1895 562 362
1896 979 779
1897 591 391
1898 474 274
1899 1110 910
1900 1169 969
1901 1045 845
1902 785 585
1903 983 783
1904 838 638
1905 755 555
1906 359 159
1907 916 716
1908 670 470
1909 348 148
1910 238 38
1911 777 577
1912 1084 884
1913 705 505
1914 557 357
1915 1206 906
1916 679 479
1917 474 274
1918 405 205
1919 477 277
1920 750 450
1921 645 445
1922 695 495
1923 1032 732
1924 479 279
1925 429 229
1926 679 479
1927 952 752
1928 339 139
1929 600 300
1930 708 508
1931 934 734
1932 1085 885
1933 432 232
1934 269 69
1935 861 661
1936 415 215
1937 697 497
1938 1116 916
1939 1194 894
1940 899 699
1941 281 81
1942 783 583
1943 874 674
1944 438 238
1945 1146 946
1946 641 441
1947 999 799
1948 863 663
1949 251 51
1950 669 469
1951 451 251
1952 328 128
1953 651 451
1954 331 131
1955 343 143
1956 360 60
1957 1296 996
1958 1192 992
1959 988 788
1960 311 111
1961 888 688
1962 970 770
1963 425 225
1964 585 385
1965 1095 895
1966 409 209
1967 618 418
1968 522 322
1969 1055 855
1970 999 799
1971 1138 938
1972 631 431
1973 1074 874
1974 1000 800
1975 378 178
1976 499 299
1977 1131 931
1978 354 154
1979 1079 879
1980 906 606
1981 1236 936
1982 822 622
1983 1103 903
1984 521 321
1985 953 753
1986 341 141
1987 531 331
1988 816 616
1989 1047 847
1990 763 563
1991 791 591
1992 318 118
1993 1181 981
1994 486 286
1995 1037 837
1996 211 11
1997 786 586
1998 463 263
1999 445 245
2000 225 25
2001 1085 885
2002 1007 807
2003 240 40
2004 1086 786
2005 887 687
2006 995 795
2007 359 159
2008 696 396
2009 744 444
2010 1137 937
2011 832 632
2012 1020 820
2013 793 593
2014 216 16
2015 1081 881
2016 910 710
2017 1167 967
2018 523 323
2019 651 451
2020 1139 939
2021 486 286
2022 918 718
2023 823 623
2024 856 656
2025 706 506
2026 671 471
2027 720 420
2028 1061 861
2029 745 545
2030 205 5
2031 870 670
2032 587 387
2033 219 19
2034 312 12
2035 1128 928
2036 421 221
2037 600 400
2038 639 439
2039 803 603
2040 311 111
2041 245 45
2042 720 420
2043 936 636
2044 346 146
2045 623 423
2046 1043 843
2047 1033 833
2048 957 757
2049 621 421
2050 639 439
2051 1056 756
2052 637 437
2053 257 57
2054 459 259
2055 462 262
2056 413 213
2057 516 216
2058 261 61
2059 420 220
2060 522 222
2061 277 77
2062 1069 869
2063 450 150
2064 1144 944
2065 977 777
2066 1014 814
2067 930 730
2068 1074 774
2069 414 214
2070 372 172
2071 389 189
2072 906 606
2073 1050 750
2074 901 701
2075 642 442
2076 934 734
2077 540 240
2078 732 432
2079 712 512
2080 840 640
2081 1187 987
2082 288 88
2083 831 631
2084 670 470
2085 289 89
2086 360 160
2087 995 795
2088 894 694
2089 925 725
2090 984 784
2091 1079 879
2092 382 182
2093 576 276
2094 810 510
2095 1051 851
2096 684 384
2097 495 295
2098 1198 998
2099 359 159
2100 1023 823
2101 359 159
2102 618 418
2103 949 749
2104 456 256
2105 1236 936
2106 894 594
2107 449 249
2108 822 522
2109 606 406
2110 821 621
2111 552 252
2112 933 733
2113 846 546
2114 309 109
2115 1133 933
2116 870 670
2117 605 405
2118 943 743
2119 522 222
2120 1065 865
2121 930 730
2122 328 128
2123 1108 908
2124 645 445
2125 520 320
2126 432 232
2127 622 422
2128 691 491
2129 798 598
2130 306 106
2131 213 13
2132 999 799
2133 1021 821
2134 1114 914
2135 667 467
2136 589 389
2137 593 393
2138 469 269
2139 876 676
2140 348 148
2141 232 32
2142 1140 940
2143 511 311
2144 1158 958
2145 672 472
2146 672 472
2147 388 188
2148 669 469
2149 964 764
2150 655 455
2151 519 319
2152 1104 904
2153 468 168
2154 277 77
2155 411 211
2156 851 651
2157 384 184
2158 1272 972
2159 1152 952
2160 202 2
2161 444 244
2162 384 84
2163 378 78
2164 430 230
2165 463 263
2166 498 298
2167 711 511
2168 357 157
2169 259 59
2170 637 437
2171 688 488
2172 738 438
2173 1189 989
2174 696 396
2175 663 463
2176 994 794
2177 407 207
2178 625 425
2179 262 62
2180 1036 836
2181 544 344
2182 1120 920
2183 574 374
2184 809 609
2185 893 693
2186 708 408
2187 885 685
2188 1089 889
2189 1296 996
2190 448 248
2191 760 560
2192 219 19
2193 1147 947
2194 379 179
2195 804 504
2196 724 524
2197 589 389
2198 708 508
2199 257 57
2200 396 96
2201 840 540
2202 250 50
2203 862 662
2204 1103 903
2205 439 239
2206 732 532
2207 774 574
2208 705 505
2209 246 46
2210 690 390
2211 282 82
2212 474 274
2213 696 496
2214 846 546
2215 923 723
2216 790 590
2217 923 723
2218 743 543
2219 520 320
2220 221 21
2221 1132 932
2222 525 325
2223 382 182
2224 304 104
2225 426 226
2226 846 646
2227 437 237
2228 385 185
2229 839 639
2230 799 599
2231 353 153
2232 671 471
2233 630 430
2234 628 428
2235 834 534
2236 655 455
2237 270 70
2238 1050 750
2239 1163 963
2240 1123 923
2241 732 532
2242 1188 888
2243 636 336
2244 990 790
2245 508 308
2246 245 45
2247 455 255
2248 1150 950
2249 993 793
2250 792 492
2251 421 221
2252 633 433
2253 1000 800
2254 780 580
2255 990 690
2256 951 751
2257 457 257
2258 383 183
2259 364 164
2260 834 534
2261 669 469
2262 274 74
2263 712 512
2264 912 712
2265 1152 952
2266 331 131
2267 937 737
2268 822 622
2269 688 488
2270 682 482
2271 702 502
2272 808 608
2273 795 595
2274 328 128
2275 564 264
2276 274 74
2277 741 541
2278 418 218
2279 1081 881
2280 1089 889
2281 975 775
2282 714 414
2283 1141 941
2284 787 587
2285 948 648
2286 1248 948
2287 588 388
2288 618 418
2289 256 56
2290 766 566
2291 270 70
2292 777 577
2293 535 335
2294 215 15
2295 1045 845
2296 677 477
2297 342 42
2298 648 448
2299 670 470
2300 988 788
2301 838 638
2302 534 334
2303 415 215
2304 897 697
2305 443 243
2306 936 636
2307 1026 826
2308 1021 821
2309 1153 953
2310 495 295
2311 756 456
2312 767 567
2313 205 5
2314 525 325
2315 1111 911
2316 925 725
2317 541 341
2318 964 764
2319 732 532
2320 1068 768
2321 943 743
2322 641 441
2323 513 313
2324 672 372
2325 790 590
2326 894 694
2327 791 591
2328 924 724
2329 1133 933
2330 1105 905
2331 868 668
2332 1194 994
2333 681 481
2334 1051 851
2335 935 735
2336 436 236
2337 1186 986
2338 1174 974
2339 1290 990
2340 1104 904
2341 774 474
2342 750 550
2343 982 782
2344 588 288
2345 624 324
2346 265 65
2347 859 659
2348 1122 822
2349 781 581
2350 1182 982
2351 683 483
2352 777 577
2353 511 311
2354 697 497
2355 510 310
2356 269 69
2357 784 584
2358 1077 877
2359 520 320
2360 503 303
2361 551 351
2362 376 176
2363 597 397
2364 1242 942
2365 1175 975
2366 922 722
2367 1036 836
2368 1115 915
2369 1153 953
2370 205 5
2371 1053 853
2372 721 521
2373 606 406
2374 366 166
2375 898 698
2376 389 189
2377 1086 786
2378 858 658
2379 377 177
2380 354 54
2381 754 554
2382 385 185
2383 247 47
2384 301 101
2385 502 302
2386 391 191
2387 774 574
2388 838 638
2389 351 151
2390 413 213
2391 943 743
2392 885 685
2393 833 633
2394 1019 819
2395 336 136
2396 474 274
2397 730 530
2398 617 417
2399 568 368
2400 1069 869
2401 1097 897
2402 521 321
2403 261 61
2404 633 433
2405 455 255
2406 927 727
2407 912 612
2408 684 484
2409 673 473
2410 348 48
2411 993 793
2412 373 173
2413 843 643
2414 942 742
2415 418 218
2416 1005 805
2417 718 518
2418 881 681
2419 679 479
2420 1146 846
2421 534 234
2422 615 415
2423 677 477
2424 786 486
2425 540 340
2426 312 12
2427 1014 814
2428 653 453
2429 913 713
2430 1230 930
2431 1161 961
2432 942 642
2433 976 776
2434 946 746
2435 312 112
2436 1193 993
2437 1224 924
2438 1001 801
2439 564 364
2440 943 743
2441 575 375
2442 1060 860
2443 971 771
2444 504 204
2445 1140 840
2446 1083 883
2447 990 690
2448 215 15
2449 365 165
2450 1177 977
2451 683 483
2452 709 509
2453 633 433
2454 313 113
2455 1236 936
2456 283 83
2457 503 303
2458 654 354
2459 357 157
2460 1062 862
2461 1132 932
2462 1128 828
2463 985 785
2464 654 354
2465 384 184
2466 785 585
2467 741 541
2468 1104 904
2469 565 365
2470 312 12
2471 779 579
2472 509 309
2473 286 86
2474 340 140
2475 263 63
2476 1193 993
2477 1025 825
2478 529 329
2479 217 17
2480 509 309
2481 1125 925
2482 810 510
2483 857 657
2484 1248 948
2485 816 516
2486 477 277
2487 881 681
2488 1042 842
2489 562 362
2490 789 589
2491 750 550
2492 1071 871
2493 1171 971
2494 1127 927
2495 279 79
2496 445 245
2497 1120 920
2498 1092 892
2499 1104 804
2500 629 429
2501 1042 842
2502 648 448
2503 367 167
2504 1290 990
2505 301 101
2506 894 594
2507 582 382
2508 286 86
2509 622 422
2510 913 713
2511 306 6
2512 1006 806
2513 349 149
2514 996 696
2515 633 433
2516 849 649
2517 691 491
2518 726 426
2519 225 25
2520 933 733
2521 789 589
2522 678 478
2523 762 562
2524 952 752
2525 286 86
2526 315 115
2527 635 435
2528 627 427
2529 976 776
2530 213 13
2531 437 237
2532 870 570
2533 715 515
2534 406 206
2535 538 338
2536 618 418
2537 940 740
2538 461 261
2539 1074 774
2540 537 337
2541 887 687
2542 354 154
2543 601 401
2544 817 617
2545 1189 989
2546 887 687
2547 811 611
2548 861 661
2549 791 591
2550 240 40
2551 1158 958
2552 466 266
2553 696 496
2554 891 691
2555 232 32
2556 711 511
2557 1074 774
2558 401 201
2559 1005 805
2560 989 789
2561 996 696
2562 466 266
2563 960 760
2564 1054 854
2565 377 177
2566 228 28
2567 235 35
2568 761 561
2569 827 627
2570 1069 869
2571 721 521
2572 276 76
2573 1149 949
2574 1272 972
2575 1195 995
2576 576 376
2577 861 661
2578 715 515
2579 535 335
2580 929 729
2581 366 166
2582 391 191
2583 534 234
2584 779 579
2585 987 787
2586 1062 862
2587 919 719
2588 653 453
2589 593 393
2590 815 615
2591 1158 958
2592 473 273
2593 528 328
2594 509 309
2595 269 69
2596 1185 985
2597 450 250
2598 864 564
2599 969 769
2600 643 443
2601 227 27
2602 342 42
2603 790 590
2604 1194 894
2605 666 366
2606 639 439
2607 654 354
2608 1114 914
2609 1174 974
2610 700 500
2611 718 518
2612 1060 860
2613 1050 850
2614 623 423
2615 316 116
2616 863 663
2617 646 446
2618 557 357
2619 1065 865
2620 979 779
2621 497 297
2622 526 326
2623 1156 956
2624 865 665
2625 617 417
2626 901 701
2627 717 517
2628 1012 812
2629 468 168
2630 493 293
2631 382 182
2632 201 1
2633 558 258
2634 564 364
2635 501 301
2636 1015 815
2637 292 92
2638 403 203
2639 1144 944
2640 396 96
2641 798 598
2642 939 739
2643 1050 750
2644 486 286
2645 825 625
2646 873 673
2647 484 284
2648 1218 918
2649 402 202
2650 750 450
2651 565 365
2652 407 207
2653 996 796
2654 327 127
2655 753 553
2656 243 43
2657 673 473
2658 390 90
2659 862 662
2660 645 445
2661 1042 842
2662 455 255
2663 953 753
2664 417 217
2665 353 153
2666 1131 931
2667 510 310
2668 927 727
2669 1122 822
2670 684 384
2671 819 619
2672 336 136
2673 919 719
2674 1126 926
2675 697 497
2676 294 94
2677 365 165
2678 707 507
2679 414 114
2680 1000 800
2681 1045 845
2682 412 212
2683 412 212
2684 1067 867
2685 612 412
2686 569 369
2687 931 731
2688 889 689
2689 546 346
2690 748 548
2691 994 794
2692 606 406
2693 600 400
2694 946 746
2695 739 539
2696 1005 805
2697 1089 889
2698 384 184
2699 353 153
2700 279 79
2701 756 556
2702 262 62
2703 997 797
2704 515 315
2705 495 295
2706 871 671
2707 622 422
2708 439 239
2709 573 373
2710 1127 927
2711 663 463
2712 749 549
2713 481 281
2714 1115 915
2715 1032 732
2716 1098 798
2717 852 552
2718 628 428
2719 1224 924
2720 562 362
2721 971 771
2722 595 395
2723 1152 952
2724 821 621
2725 850 650
2726 478 278
2727 202 2
2728 772 572
2729 337 137
2730 721 521
2731 1199 999
2732 221 21
2733 342 142
2734 342 142
2735 509 309
2736 858 658
2737 624 424
2738 397 197
2739 477 277
2740 726 526
2741 745 545
2742 387 187
2743 857 657
2744 677 477
2745 1109 909
2746 1007 807
2747 814 614
2748 1048 848
2749 348 48
2750 1212 912
2751 635 435
2752 639 439
2753 556 356
2754 448 248
2755 472 272
2756 540 340
2757 784 584
2758 651 451
2759 775 575
2760 762 462
2761 809 609
2762 976 776
2763 214 14
2764 835 635
2765 864 564
2766 1030 830
2767 891 691
2768 528 228
2769 329 129
2770 780 480
2771 594 294
2772 948 748
2773 994 794
2774 865 665
2775 462 162
2776 257 57
2777 289 89
2778 480 280
2779 819 619
2780 961 761
2781 861 661
2782 1093 893
2783 736 536
2784 1158 958
2785 565 365
2786 513 313
2787 330 130
2788 606 306
2789 514 314
2790 882 682
2791 627 427
2792 819 619
2793 473 273
2794 796 596
2795 904 704
2796 207 7
2797 1146 846
2798 768 568
2799 935 735
2800 481 281
2801 606 306
2802 1020 720
2803 337 137
2804 318 18
2805 582 382
2806 804 504
2807 1000 800
2808 936 736
2809 1125 925
2810 911 711
2811 273 73
2812 801 601
2813 637 437
2814 955 755
2815 507 307
2816 1236 936
2817 670 470
2818 984 784
2819 666 366
2820 1103 903
2821 417 217
2822 801 601
2823 581 381
2824 635 435
2825 1145 945
2826 997 797
2827 244 44
2828 371 171
2829 477 277
2830 883 683
2831 929 729
2832 641 441
2833 427 227
2834 909 709
2835 838 638
2836 1146 846
2837 414 214
2838 264 64
2839 741 541
2840 753 553
2841 289 89
2842 874 674
2843 370 170
2844 513 313
2845 834 634
2846 747 547
2847 405 205
2848 594 294
2849 1023 823
2850 636 436
2851 509 309
2852 651 451
2853 371 171
2854 318 18
2855 1173 973
2856 1146 846
2857 417 217
2858 1011 811
2859 1193 993
2860 714 414
2861 983 783
2862 1047 847
2863 442 242
2864 820 620
2865 509 309
2866 384 184
2867 1170 870
2868 1026 826
2869 955 755
2870 990 690
2871 492 192
2872 630 430
2873 574 374
2874 1051 851
2875 725 525
2876 815 615
2877 1014 714
2878 795 595
2879 840 540
2880 642 342
2881 1072 872
2882 509 309
2883 909 709
2884 967 767
2885 1138 938
2886 580 380
2887 339 139
2888 1109 909
2889 426 226
2890 1174 974
2891 657 457
2892 592 392
2893 534 334
2894 700 500
2895 948 648
2896 274 74
2897 454 254
2898 399 199
2899 1143 943
2900 677 477
2901 696 396
2902 984 684
2903 265 65
2904 214 14
2905 706 506
2906 856 656
2907 906 706
2908 941 741
2909 239 39
2910 293 93
2911 666 466
2912 330 130
2913 558 258
2914 275 75
2915 552 352
2916 297 97
2917 533 333
2918 815 615
2919 943 743
2920 1006 806
2921 954 754
2922 646 446
2923 624 324
2924 705 505
2925 985 785
2926 442 242
2927 477 277
2928 699 499
2929 540 240
2930 676 476
2931 515 315
2932 1191 991
2933 936 736
2934 343 143
2935 444 144
2936 881 681
2937 615 415
2938 987 787
2939 465 265
2940 466 266
2941 480 280
2942 679 479
2943 773 573
2944 953 753
2945 708 508
2946 798 598
2947 816 516
2948 1158 858
2949 571 371
2950 323 123
2951 1049 849
2952 971 771
2953 675 475
2954 820 620
2955 1152 952
2956 850 650
2957 1008 808
2958 577 377
2959 311 111
2960 352 152
2961 729 529
2962 741 541
2963 468 168
2964 328 128
2965 737 537
2966 576 276
2967 1125 925
2968 520 320
2969 1123 923
2970 1171 971
2971 995 795
2972 702 502
2973 949 749
2974 811 611
2975 959 759
2976 1187 987
2977 309 109
2978 678 478
2979 203 3
2980 779 579
2981 1062 862
2982 936 736
2983 921 721
2984 1003 803
2985 936 636
2986 1174 974
2987 1126 926
2988 561 361
2989 1115 915
2990 726 426
2991 1116 816
2992 431 231
2993 1035 835
2994 748 548
2995 732 432
2996 520 320
2997 783 583
2998 894 594
2999 609 409
3000 705 505
3001 492 192
3002 832 632
3003 378 78
3004 1113 913
3005 1134 934
3006 520 320
3007 551 351
3008 1020 720
3009 527 327
3010 876 676
3011 676 476
3012 419 219
3013 334 134
3014 438 238
3015 516 216
3016 262 62
3017 917 717
3018 750 550
3019 679 479
3020 240 40
3021 706 506
3022 747 547
3023 519 319
3024 378 178
3025 1013 813
3026 1200 1000
3027 342 42
3028 887 687
3029 1236 936
3030 609 409
3031 666 466
3032 1197 997
3033 1085 885
3034 1019 819
3035 580 380
3036 291 91
3037 851 651
3038 791 591
3039 645 445
3040 1200 1000
3041 705 505
3042 642 342
3043 1159 959
3044 898 698
3045 1057 857
3046 997 797
3047 508 308
3048 1176 876
3049 1242 942
3050 827 627
3051 617 417
3052 1173 973
3053 325 125
3054 882 582
3055 1200 900
3056 420 120
3057 1151 951
3058 481 281
3059 335 135
3060 630 430
3061 645 445
3062 809 609
3063 606 306
3064 405 205
3065 690 490
3066 750 450
3067 563 363
3068 436 236
3069 1197 997
3070 762 462
3071 1057 857
3072 1056 756
3073 851 651
3074 414 214
3075 612 412
3076 480 280
3077 336 136
3078 214 14
3079 863 663
3080 1101 901
3081 719 519
3082 1037 837
3083 574 374
3084 586 386
3085 1125 925
3086 1090 890
3087 1152 952
3088 545 345
3089 625 425
3090 871 671
3091 629 429
3092 1164 964
3093 1023 823
3094 870 570
3095 864 664
3096 804 504
3097 1104 904
3098 215 15
3099 757 557
3100 1156 956
3101 690 490
3102 526 326
3103 540 340
3104 810 610
3105 414 214
3106 523 323
3107 648 348
3108 1125 925
3109 412 212
3110 828 528
3111 636 336
3112 801 601
3113 1176 976
3114 504 204
3115 997 797
3116 486 286
3117 352 152
3118 823 623
3119 497 297
3120 533 333
3121 576 276
3122 843 643
3123 853 653
3124 984 784
3125 468 268
3126 1012 812
3127 348 148
3128 966 766
3129 1181 981
3130 1236 936
3131 409 209
3132 576 276
3133 744 444
3134 448 248
3135 1248 948
3136 672 372
3137 856 656
3138 708 508
3139 373 173
3140 1105 905
3141 627 427
3142 486 186
3143 367 167
3144 1137 937
3145 610 410
3146 984 784
3147 982 782
3148 1185 985
3149 1092 792
3150 293 93
3151 977 777
3152 252 52
3153 582 382
3154 251 51
3155 952 752
3156 684 484
3157 630 430
3158 935 735
3159 750 550
3160 1167 967
3161 850 650
3162 1055 855
3163 255 55
3164 514 314
3165 777 577
3166 1042 842
3167 987 787
3168 337 137
3169 443 243
3170 1155 955
3171 353 153
3172 829 629
3173 311 111
3174 1086 886
3175 804 604
3176 219 19
3177 419 219
3178 489 289
3179 201 1
3180 1027 827
3181 372 172
3182 408 108
3183 238 38
3184 606 406
3185 1017 817
3186 809 609
3187 276 76
3188 287 87
3189 292 92
3190 300 100
3191 918 718
3192 1035 835
3193 828 528
3194 1019 819
3195 1071 871
3196 616 416
3197 819 619
3198 1074 774
3199 863 663
3200 1153 953
3201 341 141
3202 588 288
3203 1002 702
3204 631 431
3205 807 607
3206 355 155
3207 527 327
3208 529 329
3209 917 717
3210 640 440
3211 1038 838
3212 437 237
3213 432 132
3214 772 572
3215 894 594
3216 360 60
3217 252 52
3218 748 548
3219 1027 827
3220 1089 889
3221 1030 830
3222 1137 937
3223 540 340
3224 778 578
3225 814 614
3226 984 684
3227 606 306
3228 853 653
3229 537 337
3230 955 755
3231 690 490
3232 1188 988
3233 288 88
3234 1017 817
3235 642 342
3236 1073 873
3237 291 91
3238 426 226
3239 449 249
3240 634 434
3241 1183 983
3242 1019 819
3243 1102 902
3244 709 509
3245 952 752
3246 550 350
3247 792 492
3248 1020 820
3249 870 670
3250 523 323
3251 720 420
3252 918 618
3253 204 4
3254 804 504
3255 897 697
3256 316 116
3257 384 84
3258 1134 834
3259 1102 902
3260 1033 833
3261 979 779
3262 417 217
3263 371 171
3264 966 666
3265 867 667
3266 1127 927
3267 664 464
3268 906 706
3269 571 371
3270 993 793
3271 852 552
3272 342 142
3273 369 169
3274 252 52
3275 887 687
3276 293 93
3277 952 752
3278 1284 984
3279 1200 900
3280 376 176
3281 361 161
3282 996 696
3283 839 639
3284 707 507
3285 846 646
3286 568 368
3287 1115 915
3288 778 578
3289 954 754
3290 253 53
3291 421 221
3292 972 772
3293 1162 962
3294 688 488
3295 1182 882
3296 379 179
3297 294 94
3298 587 387
3299 648 348
3300 250 50
3301 432 232
3302 705 505
3303 1126 926
3304 541 341
3305 859 659
3306 738 538
3307 1115 915
3308 756 556
3309 948 748
3310 336 36
3311 1042 842
3312 703 503
3313 456 156
3314 515 315
3315 900 700
3316 870 570
3317 336 36
3318 497 297
3319 792 492
3320 258 58
3321 348 48
3322 426 126
3323 421 221
3324 1031 831
3325 948 748
3326 1236 936
3327 927 727
3328 636 336
3329 1169 969
3330 1163 963
3331 1123 923
3332 329 129
3333 312 112
3334 211 11
3335 329 129
3336 527 327
3337 1157 957
3338 245 45
3339 612 312
3340 537 337
3341 213 13
3342 937 737
3343 918 718
3344 737 537
3345 1192 992
3346 1170 970
3347 611 411
3348 705 505
3349 1151 951
3350 907 707
3351 1035 835
3352 1242 942
3353 894 694
3354 435 235
3355 972 672
3356 660 360
3357 859 659
3358 678 378
3359 803 603
3360 1039 839
3361 492 292
3362 465 265
3363 987 787
3364 823 623
3365 717 517
3366 358 158
3367 787 587
3368 372 172
3369 223 23
3370 821 621
3371 736 536
3372 798 598
3373 513 313
3374 239 39
3375 361 161
3376 1002 702
3377 379 179
3378 306 6
3379 317 117
3380 343 143
3381 373 173
3382 574 374
3383 1103 903
3384 741 541
3385 1012 812
3386 478 278
3387 1149 949
3388 420 120
3389 421 221
3390 244 44
3391 1116 916
3392 1134 834
3393 396 96
3394 564 364
3395 813 613
3396 484 284
3397 773 573
3398 473 273
3399 1147 947
3400 1021 821
3401 777 577
3402 970 770
3403 318 18
3404 882 682
3405 1206 906
3406 702 502
3407 929 729
3408 354 54
3409 286 86
3410 348 48
3411 288 88
3412 723 523
3413 516 216
3414 371 171
3415 426 226
3416 383 183
3417 283 83
3418 1045 845
3419 820 620
3420 696 496
3421 508 308
3422 904 704
3423 1180 980
3424 492 192
3425 1019 819
3426 532 332
3427 1138 938
3428 313 113
3429 874 674
3430 546 246
3431 697 497
3432 240 40
3433 628 428
3434 432 132
3435 966 766
3436 510 310
3437 991 791
3438 1126 926
3439 540 240
3440 1086 786
3441 730 530
3442 1134 934
3443 382 182
3444 375 175
3445 1151 951
3446 448 248
3447 268 68
3448 1272 972
3449 265 65
3450 562 362
3451 677 477
3452 879 679
3453 1159 959
3454 469 269
3455 513 313
3456 432 232
3457 1023 823
3458 481 281
3459 881 681
3460 588 388
3461 651 451
3462 816 516
3463 738 438
3464 431 231
3465 1039 839
3466 684 484
3467 997 797
3468 304 104
3469 1080 880
3470 744 544
3471 541 341
3472 600 400
3473 942 742
3474 826 626
3475 1014 814
3476 915 715
3477 1114 914
3478 1039 839
3479 1059 859
3480 1068 868
3481 1140 840
3482 796 596
3483 385 185
3484 1077 877
3485 306 6
3486 587 387
3487 653 453
3488 1092 892
3489 251 51
3490 220 20
3491 1073 873
3492 687 487
3493 1188 888
3494 940 740
3495 376 176
3496 865 665
3497 1121 921
3498 792 592
3499 1141 941
3500 753 553
3501 277 77
3502 786 586
3503 863 663
3504 834 634
3505 281 81
3506 811 611
3507 936 736
3508 797 597
3509 257 57
3510 927 727
3511 264 64
3512 516 216
3513 647 447
3514 411 211
3515 546 246
3516 918 618
3517 401 201
3518 1018 818
3519 279 79
3520 1272 972
3521 498 198
3522 523 323
3523 444 244
3524 1177 977
3525 841 641
3526 552 252
3527 1032 832
3528 318 118
3529 604 404
3530 298 98
3531 1063 863
3532 730 530
3533 1174 974
3534 910 710
3535 468 168
3536 654 454
3537 973 773
3538 537 337
3539 1248 948
3540 1038 838
3541 724 524
3542 663 463
3543 1116 916
3544 834 534
3545 310 110
3546 516 216
3547 1074 774
3548 870 670
3549 976 776
3550 810 610
3551 903 703
3552 270 70
3553 966 666
3554 616 416
3555 730 530
3556 753 553
3557 1050 750
3558 813 613
3559 207 7
3560 726 526
3561 231 31
3562 689 489
3563 244 44
3564 1162 962
3565 307 107
3566 1278 978
3567 784 584
3568 766 566
3569 345 145
3570 588 388
3571 1134 834
3572 551 351
3573 484 284
3574 921 721
3575 358 158
3576 888 688
3577 645 445
3578 481 281
3579 1127 927
3580 1185 985
3581 652 452
3582 443 243
3583 469 269
3584 563 363
3585 1047 847
3586 913 713
3587 377 177
3588 1134 834
3589 448 248
3590 1140 840
3591 1056 756
3592 697 497
3593 707 507
3594 653 453
3595 875 675
3596 432 232
3597 677 477
3598 1116 816
3599 1013 813
3600 729 529
3601 502 302
3602 504 204
3603 1254 954
3604 786 486
3605 927 727
3606 532 332
3607 621 421
3608 701 501
3609 412 212
3610 864 664
3611 411 211
3612 291 91
3613 963 763
3614 533 333
3615 570 370
3616 268 68
3617 747 547
3618 384 184
3619 486 186
3620 1145 945
3621 949 749
3622 675 475
3623 735 535
3624 991 791
3625 426 126
3626 342 142
3627 204 4
3628 978 678
3629 474 274
3630 311 111
3631 1104 904
3632 639 439
3633 274 74
3634 521 321
3635 965 765
3636 1045 845
3637 679 479
3638 961 761
3639 1123 923
3640 244 44
3641 900 700
3642 363 163
3643 641 441
3644 653 453
3645 799 599
3646 1153 953
3647 868 668
3648 831 631
3649 1063 863
3650 864 564
3651 486 286
3652 1047 847
3653 1031 831
3654 552 352
3655 495 295
3656 913 713
3657 689 489
3658 1084 884
3659 1015 815
3660 363 163
3661 780 580
3662 247 47
3663 582 282
3664 720 520
3665 718 518
3666 1116 916
3667 673 473
3668 1139 939
3669 414 114
3670 630 430
3671 623 423
3672 279 79
3673 443 243
3674 1296 996
3675 713 513
3676 1098 798
3677 790 590
3678 358 158
3679 789 589
3680 982 782
3681 672 372
3682 333 133
3683 795 595
3684 456 156
3685 941 741
3686 1026 726
3687 919 719
3688 261 61
3689 565 365
3690 823 623
3691 852 652
3692 952 752
3693 918 618
3694 640 440
3695 497 297
3696 533 333
3697 355 155
3698 531 331
3699 1236 936
3700 1236 936
3701 798 498
3702 1109 909
3703 409 209
3704 522 222
3705 1099 899
3706 298 98
3707 691 491
3708 1149 949
3709 898 698
3710 979 779
3711 467 267
3712 1140 840
3713 376 176
3714 475 275
3715 235 35
3716 785 585
3717 207 7
3718 877 677
3719 924 724
3720 493 293
3721 665 465
3722 472 272
3723 915 715
3724 899 699
3725 576 276
3726 1131 931
3727 375 175
3728 840 540
3729 376 176
3730 1284 984
3731 1044 744
3732 292 92
3733 582 382
3734 964 764
3735 366 66
3736 1055 855
3737 226 26
3738 669 469
3739 511 311
3740 828 628
3741 1206 906
3742 486 186
3743 264 64
3744 493 293
3745 477 277
3746 618 318
3747 605 405
3748 1141 941
3749 581 381
3750 917 717
3751 727 527
3752 256 56
3753 444 244
3754 1061 861
3755 912 612
3756 965 765
3757 682 482
3758 750 550
3759 939 739
3760 791 591
3761 821 621
3762 774 474
3763 443 243
3764 519 319
3765 358 158
3766 773 573
3767 280 80
3768 971 771
3769 1042 842
3770 1093 893
3771 486 286
3772 306 106
3773 238 38
3774 690 490
3775 539 339
3776 837 637
3777 994 794
3778 1063 863
3779 225 25
3780 591 391
3781 303 103
3782 751 551
3783 585 385
3784 726 526
3785 1056 856
3786 372 72
3787 732 432
3788 471 271
3789 508 308
3790 291 91
3791 1197 997
3792 861 661
3793 498 298
3794 809 609
3795 288 88
3796 1049 849
3797 538 338
3798 911 711
3799 509 309
3800 219 19
3801 970 770
3802 714 514
3803 534 334
3804 439 239
3805 239 39
3806 739 539
3807 792 492
3808 921 721
3809 655 455
3810 1164 964
3811 487 287
3812 841 641
3813 389 189
3814 873 673
3815 660 360
3816 559 359
3817 960 660
3818 1212 912
3819 870 670
3820 1236 936
3821 1062 762
3822 852 552
3823 781 581
3824 357 157
3825 447 247
3826 949 749
3827 1048 848
3828 419 219
3829 683 483
3830 726 426
3831 1087 887
3832 453 253
3833 1230 930
3834 285 85
3835 865 665
3836 444 244
3837 291 91
3838 1150 950
3839 763 563
3840 903 703
3841 252 52
3842 319 119
3843 615 415
3844 318 18
3845 607 407
3846 453 253
3847 910 710
3848 1107 907
3849 312 112
3850 621 421
3851 325 125
3852 663 463
3853 677 477
3854 423 223
3855 651 451
3856 1097 897
3857 276 76
3858 1194 894
3859 881 681
3860 1012 812
3861 351 151
3862 1050 750
3863 1072 872
3864 1019 819
3865 811 611
3866 804 604
3867 382 182
3868 399 199
3869 443 243
3870 1121 921
3871 945 745
3872 1044 744
3873 953 753
3874 527 327
3875 857 657
3876 1182 882
3877 1098 798
3878 1049 849
3879 618 418
3880 898 698
3881 301 101
3882 671 471
3883 1151 951
3884 1098 798
3885 1115 915
3886 559 359
3887 1176 976
3888 972 672
3889 1153 953
3890 1165 965
3891 1008 708
3892 923 723
3893 660 360
3894 1059 859
3895 1191 991
3896 1224 924
3897 1075 875
3898 1001 801
3899 1133 933
3900 258 58
3901 1200 1000
3902 942 742
3903 708 508
3904 525 325
3905 1175 975
3906 916 716
3907 606 406
3908 978 778
3909 321 121
3910 431 231
3911 604 404
3912 973 773
3913 801 601
3914 1198 998
3915 979 779
3916 844 644
3917 790 590
3918 696 496
3919 702 402
3920 1155 955
3921 1023 823
3922 912 712
3923 1278 978
3924 922 722
3925 853 653
3926 657 457
3927 396 196
3928 492 192
3929 819 619
3930 202 2
3931 402 102
3932 1171 971
3933 913 713
3934 331 131
3935 790 590
3936 957 757
3937 828 628
3938 1110 910
3939 864 564
3940 864 664
3941 399 199
3942 654 454
3943 436 236
3944 990 690
3945 798 598
3946 234 34
3947 497 297
3948 1042 842
3949 349 149
3950 846 546
3951 907 707
3952 348 48
3953 408 108
3954 209 9
3955 1153 953
3956 432 232
3957 341 141
3958 457 257
3959 791 591
3960 623 423
3961 444 244
3962 529 329
3963 777 577
3964 916 716
3965 1198 998
3966 474 274
3967 845 645
3968 1092 792
3969 666 466
3970 437 237
3971 1157 957
3972 262 62
3973 606 306
3974 814 614
3975 1066 866
3976 243 43
3977 510 210
3978 600 300
3979 289 89
3980 262 62
3981 660 360
3982 882 582
3983 906 706
3984 408 208
3985 1122 922
3986 358 158
3987 747 547
3988 541 341
3989 490 290
3990 738 538
3991 1121 921
3992 705 505
3993 549 349
3994 293 93
3995 966 766
3996 804 604
3997 967 767
3998 1230 930
3999 667 467
4000 1146 846
4001 396 96
4002 473 273
4003 708 408
4004 1194 994
4005 657 457
4006 303 103
4007 762 462
4008 783 583
4009 935 735
4010 370 170
4011 348 148
4012 505 305
4013 983 783
4014 462 162
4015 814 614
4016 624 324
4017 976 776
4018 801 601
4019 503 303
4020 937 737
4021 1091 891
4022 707 507
4023 1056 856
4024 1015 815
4025 670 470
4026 774 574
4027 246 46
4028 635 435
4029 852 652
4030 899 699
4031 1143 943
4032 687 487
4033 1266 966
4034 1075 875
4035 877 677
4036 1102 902
4037 1045 845
4038 726 426
4039 1169 969
4040 1110 910
4041 852 652
4042 942 742
4043 1032 832
4044 1128 828
4045 414 114
4046 552 352
4047 241 41
4048 1003 803
4049 630 430
4050 785 585
4051 989 789
4052 797 597
4053 225 25
4054 478 278
4055 269 69
4056 1095 895
4057 1095 895
4058 1037 837
4059 895 695
4060 1025 825
4061 1117 917
4062 453 253
4063 1169 969
4064 1035 835
4065 588 388
4066 801 601
4067 916 716
4068 1129 929
4069 396 196
4070 589 389
4071 1074 874
4072 780 480
4073 393 193
4074 823 623
4075 407 207
4076 762 462
4077 697 497
4078 551 351
4079 923 723
4080 741 541
4081 672 372
4082 414 214
4083 509 309
4084 711 511
4085 298 98
4086 462 162
4087 1193 993
4088 827 627
4089 592 392
4090 528 328
4091 779 579
4092 534 334
4093 1062 762
4094 624 424
4095 729 529
4096 1075 875
4097 702 402
4098 309 109
4099 333 133
4100 395 195
4101 583 383
4102 946 746
4103 780 480
4104 1021 821
4105 714 414
4106 429 229
4107 588 288
4108 863 663
4109 1189 989
4110 1054 854
4111 834 634
4112 1230 930
4113 282 82
4114 1145 945
4115 319 119
4116 825 625
4117 239 39
4118 615 415
4119 619 419
4120 802 602
4121 585 385
4122 833 633
4123 345 145
4124 227 27
4125 1008 708
4126 869 669
4127 520 320
4128 877 677
4129 640 440
4130 766 566
4131 1120 920
4132 1164 964
4133 511 311
4134 647 447
4135 461 261
4136 1101 901
4137 252 52
4138 588 288
4139 883 683
4140 558 358
4141 484 284
4142 655 455
4143 511 311
4144 442 242
4145 408 208
4146 1192 992
4147 516 316
4148 754 554
4149 361 161
4150 205 5
4151 283 83
4152 1091 891
4153 466 266
4154 982 782
4155 1185 985
4156 214 14
4157 570 370
4158 1278 978
4159 372 172
4160 387 187
4161 694 494
4162 1011 811
4163 294 94
4164 645 445
4165 1138 938
4166 774 574
4167 900 600
4168 1128 928
4169 913 713
4170 1020 720
4171 624 424
4172 726 526
4173 828 528
4174 673 473
4175 931 731
4176 773 573
4177 391 191
4178 964 764
4179 1186 986
4180 897 697
4181 1079 879
4182 845 645
4183 881 681
4184 264 64
4185 892 692
4186 1089 889
4187 915 715
4188 801 601
4189 571 371
4190 905 705
4191 943 743
4192 1032 732
4193 565 365
4194 742 542
4195 741 541
4196 672 372
4197 462 162
4198 262 62
4199 761 561
4200 503 303
4201 999 799
4202 517 317
4203 447 247
4204 1060 860
4205 600 400
4206 789 589
4207 300 100
4208 603 403
4209 757 557
4210 450 150
4211 251 51
4212 876 576
4213 601 401
4214 469 269
4215 645 445
4216 328 128
4217 565 365
4218 889 689
4219 207 7
4220 499 299
4221 849 649
4222 721 521
4223 960 760
4224 1116 816
4225 852 652
4226 959 759
4227 1095 895
4228 651 451
4229 1146 846
4230 951 751
4231 924 624
4232 625 425
4233 588 388
4234 240 40
4235 324 24
4236 265 65
4237 948 748
4238 993 793
4239 624 324
4240 453 253
4241 840 540
4242 213 13
4243 606 406
4244 223 23
4245 767 567
4246 447 247
4247 1071 871
4248 912 612
4249 823 623
4250 438 238
4251 1141 941
4252 587 387
4253 331 131
4254 1254 954
4255 1242 942
4256 415 215
4257 1182 882
4258 720 420
4259 403 203
4260 1144 944
4261 486 286
4262 841 641
4263 718 518
4264 430 230
4265 822 522
4266 535 335
4267 1179 979
4268 774 574
4269 1164 964
4270 1146 846
4271 466 266
4272 729 529
4273 339 139
4274 856 656
4275 491 291
4276 892 692
4277 913 713
4278 390 90
4279 376 176
4280 390 90
4281 777 577
4282 832 632
4283 414 214
4284 1123 923
4285 769 569
4286 316 116
4287 923 723
4288 849 649
4289 473 273
4290 1158 958
4291 1121 921
4292 253 53
4293 366 66
4294 316 116
4295 329 129
4296 373 173
4297 564 264
4298 996 796
4299 553 353
4300 1097 897
4301 1176 976
4302 661 461
4303 886 686
4304 505 305
4305 354 154
4306 1105 905
4307 1038 738
4308 928 728
4309 295 95
4310 786 486
4311 498 198
4312 940 740
4313 835 635
4314 839 639
4315 216 16
4316 859 659
4317 300 100
4318 783 583
4319 1134 934
4320 438 238
4321 232 32
4322 718 518
4323 1017 817
4324 825 625
4325 843 643
4326 873 673
4327 419 219
4328 793 593
4329 766 566
4330 558 358
4331 232 32
4332 612 412
4333 1212 912
4334 373 173
4335 232 32
4336 1188 988
4337 1033 833
4338 1284 984
4339 539 339
4340 1104 804
4341 665 465
4342 331 131
4343 771 571
4344 396 96
4345 261 61
4346 684 484
4347 269 69
4348 777 577
4349 1042 842
4350 1035 835
4351 664 464
4352 762 462
4353 551 351
4354 1195 995
4355 931 731
4356 612 412
4357 631 431
4358 870 670
4359 947 747
4360 359 159
4361 696 396
4362 1037 837
4363 594 394
4364 550 350
4365 709 509
4366 605 405
4367 1092 792
4368 826 626
4369 280 80
4370 675 475
4371 958 758
4372 1102 902
4373 928 728
4374 785 585
4375 222 22
4376 816 616
4377 223 23
4378 853 653
4379 820 620
4380 1050 750
4381 936 636
4382 1260 960
4383 263 63
4384 390 90
4385 327 127
4386 948 748
4387 856 656
4388 906 606
4389 711 511
4390 437 237
4391 1072 872
4392 1068 768
4393 682 482
4394 449 249
4395 762 462
4396 607 407
4397 501 301
4398 719 519
4399 479 279
4400 899 699
4401 775 575
4402 875 675
4403 763 563
4404 792 592
4405 946 746
4406 240 40
4407 399 199
4408 627 427
4409 390 90
4410 820 620
4411 557 357
4412 787 587
4413 371 171
4414 879 679
4415 480 180
4416 1161 961
4417 1030 830
4418 963 763
4419 630 430
4420 1007 807
4421 796 596
4422 1045 845
4423 844 644
4424 1020 820
4425 817 617
4426 1074 874
4427 420 220
4428 1055 855
4429 762 562
4430 1195 995
4431 595 395
4432 207 7
4433 303 103
4434 281 81
4435 635 435
4436 481 281
4437 209 9
4438 1188 888
4439 450 150
4440 857 657
4441 484 284
4442 855 655
4443 784 584
4444 766 566
4445 390 190
4446 762 462
4447 1188 888
4448 882 682
4449 1198 998
4450 383 183
4451 383 183
4452 808 608
4453 701 501
4454 1182 982
4455 1078 878
4456 1132 932
4457 479 279
4458 1192 992
4459 852 652
4460 1218 918
4461 1107 907
4462 615 415
4463 786 486
4464 726 526
4465 1158 958
4466 1115 915
4467 909 709
4468 809 609
4469 924 724
4470 570 370
4471 931 731
4472 858 658
4473 1015 815
4474 688 488
4475 1157 957
4476 513 313
4477 405 205
4478 287 87
4479 1146 946
4480 255 55
4481 941 741
4482 664 464
4483 1105 905
4484 767 567
4485 546 346
4486 864 664
4487 1039 839
4488 943 743
4489 954 654
4490 888 588
4491 726 526
4492 1176 876
4493 720 520
4494 508 308
4495 351 151
4496 1081 881
4497 642 342
4498 883 683
4499 960 760
4500 588 288
4501 507 307
4502 868 668
4503 450 150
4504 570 270
4505 209 9
4506 594 294
4507 684 484
4508 355 155
4509 912 712
4510 833 633
4511 753 553
4512 383 183
4513 1149 949
4514 1119 919
4515 426 126
4516 978 678
4517 347 147
4518 427 227
4519 565 365
4520 948 748
4521 981 781
4522 700 500
4523 699 499
4524 510 210
4525 1025 825
4526 323 123
4527 1050 750
4528 618 318
4529 790 590
4530 1284 984
4531 630 430
4532 462 262
4533 546 246
4534 684 384
4535 511 311
4536 606 406
4537 408 108
4538 969 769
4539 582 382
4540 1080 780
4541 1039 839
4542 456 156
4543 383 183
4544 570 370
4545 821 621
4546 538 338
4547 1045 845
4548 816 516
4549 492 192
4550 807 607
4551 689 489
4552 541 341
4553 1060 860
4554 450 250
4555 793 593
4556 966 766
4557 790 590
4558 1090 890
4559 299 99
4560 855 655
4561 702 502
4562 1090 890
4563 474 174
4564 627 427
4565 1021 821
4566 301 101
4567 1031 831
4568 448 248
4569 687 487
4570 610 410
4571 857 657
4572 708 508
4573 642 442
4574 360 160
4575 467 267
4576 313 113
4577 557 357
4578 731 531
4579 1102 902
4580 377 177
4581 713 513
4582 677 477
4583 700 500
4584 961 761
4585 667 467
4586 677 477
4587 274 74
4588 394 194
4589 975 775
4590 1115 915
4591 858 558
4592 387 187
4593 838 638
4594 729 529
4595 1020 720
4596 408 208
4597 936 736
4598 531 331
4599 701 501
4600 1158 958
4601 1066 866
4602 495 295
4603 991 791
4604 675 475
4605 1017 817
4606 450 150
4607 294 94
4608 666 466
4609 605 405
4610 208 8
4611 769 569
4612 1157 957
4613 879 679
4614 1027 827
4615 1117 917
4616 1161 961
4617 882 682
4618 381 181
4619 1132 932
4620 485 285
4621 605 405
4622 573 373
4623 639 439
4624 702 402
4625 474 174
4626 837 637
4627 541 341
4628 763 563
4629 624 424
4630 318 18
4631 976 776
4632 598 398
4633 910 710
4634 450 250
4635 583 383
4636 438 138
4637 877 677
4638 576 276
4639 378 78
4640 1175 975
4641 877 677
4642 899 699
4643 999 799
4644 312 112
4645 444 144
4646 891 691
4647 384 84
4648 931 731
4649 385 185
4650 538 338
4651 1009 809
4652 1023 823
4653 550 350
4654 376 176
4655 1174 974
4656 312 12
4657 630 430
4658 574 374
4659 883 683
4660 886 686
4661 699 499
4662 1098 898
4663 378 178
4664 966 666
4665 513 313
4666 1001 801
4667 321 121
4668 1127 927
4669 237 37
4670 563 363
4671 628 428
4672 642 342
4673 978 678
4674 659 459
4675 402 102
4676 1014 714
4677 1126 926
4678 1156 956
4679 225 25
4680 1000 800
4681 1057 857
4682 516 316
4683 1096 896
4684 756 456
4685 1272 972
4686 1188 988
4687 804 604
4688 1097 897
4689 343 143
4690 845 645
4691 772 572
4692 624 424
4693 331 131
4694 732 532
4695 1254 954
4696 841 641
4697 820 620
4698 774 574
4699 1101 901
4700 528 228
4701 612 312
4702 580 380
4703 849 649
4704 201 1
4705 1290 990
4706 216 16
4707 952 752
4708 1084 884
4709 568 368
4710 1098 798
4711 1060 860
4712 225 25
4713 996 696
4714 515 315
4715 1177 977
4716 624 424
4717 574 374
4718 521 321
4719 911 711
4720 966 666
4721 1015 815
4722 288 88
4723 862 662
4724 1113 913
4725 575 375
4726 334 134
4727 393 193
4728 891 691
4729 1096 896
4730 808 608
4731 1115 915
4732 408 208
4733 288 88
4734 642 342
4735 624 324
4736 863 663
4737 231 31
4738 450 250
4739 851 651
4740 372 172
4741 1189 989
4742 929 729
4743 685 485
4744 565 365
4745 856 656
4746 568 368
4747 413 213
4748 1047 847
4749 1224 924
4750 927 727
4751 289 89
4752 213 13
4753 480 280
4754 481 281
4755 211 11
4756 673 473
4757 1031 831
4758 690 490
4759 213 13
4760 897 697
4761 564 364
4762 831 631
4763 851 651
4764 467 267
4765 292 92
4766 1105 905
4767 292 92
4768 744 544
4769 208 8
4770 457 257
4771 561 361
4772 820 620
4773 744 544
4774 1053 853
4775 408 108
4776 1155 955
4777 528 328
4778 337 137
4779 906 706
4780 238 38
4781 690 390
4782 215 15
4783 753 553
4784 1012 812
4785 257 57
4786 1047 847
4787 514 314
4788 616 416
4789 835 635
4790 454 254
4791 815 615
4792 833 633
4793 1200 1000
4794 515 315
4795 1050 750
4796 653 453
4797 624 324
4798 941 741
4799 867 667
4800 756 556
4801 456 256
4802 1218 918
4803 937 737
4804 1163 963
4805 1014 814
4806 390 90
4807 1110 810
4808 349 149
4809 900 600
4810 648 448
4811 1062 762
4812 1107 907
4813 724 524
4814 463 263
4815 727 527
4816 901 701
4817 1050 850
4818 682 482
4819 851 651
4820 263 63
4821 251 51
4822 696 396
4823 792 592
4824 268 68
4825 1296 996
4826 912 612
4827 1138 938
4828 934 734
4829 1168 968
4830 366 66
4831 832 632
4832 203 3
4833 1169 969
4834 983 783
4835 683 483
4836 417 217
4837 216 16
4838 809 609
4839 1157 957
4840 1018 818
4841 876 576
4842 672 372
4843 771 571
4844 1008 808
4845 1026 726
4846 825 625
4847 387 187
4848 442 242
4849 635 435
4850 1146 946
4851 342 142
4852 628 428
4853 588 288
4854 467 267
4855 238 38
4856 1123 923
4857 984 784
4858 387 187
4859 857 657
4860 1074 774
4861 897 697
4862 336 136
4863 484 284
4864 798 598
4865 907 707
4866 558 358
4867 564 264
4868 558 358
4869 622 422
4870 468 168
4871 679 479
4872 475 275
4873 1200 1000
4874 1021 821
4875 551 351
4876 964 764
4877 413 213
4878 1056 756
4879 717 517
4880 586 386
4881 816 516
4882 407 207
4883 419 219
4884 617 417
4885 1056 856
4886 771 571
4887 707 507
4888 989 789
4889 1272 972
4890 774 574
4891 1018 818
4892 1045 845
4893 549 349
4894 448 248
4895 397 197
4896 827 627
4897 600 300
4898 1066 866
4899 390 190
4900 678 378
4901 321 121
4902 577 377
4903 767 567
4904 838 638
4905 904 704
4906 659 459
4907 405 205
4908 279 79
4909 591 391
4910 696 496
4911 930 630
4912 709 509
4913 1101 901
4914 514 314
4915 715 515
4916 1125 925
4917 877 677
4918 573 373
4919 790 590
4920 714 514
4921 492 192
4922 1047 847
4923 804 604
4924 1080 780
4925 966 766
4926 552 352
4927 204 4
4928 1152 852
4929 1037 837
4930 1019 819
4931 550 350
4932 1101 901
4933 480 280
4934 1171 971
4935 917 717
4936 484 284
4937 761 561
4938 1122 822
4939 637 437
4940 705 505
4941 814 614
4942 973 773
4943 648 348
4944 203 3
4945 1031 831
4946 561 361
4947 1200 900
4948 519 319
4949 349 149
4950 919 719
4951 431 231
4952 954 754
4953 1061 861
4954 444 244
4955 414 114
4956 441 241
4957 1195 995
4958 546 346
4959 282 82
4960 444 144
4961 351 151
4962 345 145
4963 265 65
4964 855 655
4965 226 26
4966 390 190
4967 457 257
4968 294 94
4969 601 401
4970 310 110
4971 735 535
4972 918 618
4973 225 25
4974 659 459
4975 201 1
4976 277 77
4977 1177 977
4978 982 782
4979 1048 848
4980 809 609
4981 438 138
4982 490 290
4983 306 6
4984 821 621
4985 753 553
4986 807 607
4987 473 273
4988 870 670
4989 1248 948
4990 357 157
4991 450 150
4992 759 559
4993 516 216
4994 936 636
4995 1002 702
4996 409 209
4997 737 537
4998 322 122
4999 819 619
5000 275 75
