5000 484335 12_5000_1000_3813
1 572 504
2 1144 1008
3 1001 882
4 715 630
5 278 296
6 715 630
7 139 148
8 834 888
9 417 444
10 695 740
11 572 504
12 858 756
13 143 126
14 1390 1480
15 834 888
16 1390 1480
17 858 756
18 1251 1332
19 572 504
20 417 444
21 858 756
22 1144 1008
23 973 1036
24 858 756
25 556 592
26 1251 1332
27 973 1036
28 429 378
29 278 296
30 695 740
31 858 756
32 1144 1008
33 973 1036
34 715 630
35 1251 1332
36 417 444
37 834 888
38 556 592
39 695 740
40 556 592
41 973 1036
42 139 148
43 139 148
44 858 756
45 858 756
46 1001 882
47 139 148
48 1001 882
49 1390 1480
50 1112 1184
51 695 740
52 858 756
53 429 378
54 572 504
55 286 252
56 695 740
57 1390 1480
58 278 296
59 556 592
60 286 252
61 1001 882
62 1390 1480
63 1144 1008
64 1390 1480
65 278 296
66 417 444
67 695 740
68 858 756
69 973 1036
70 973 1036
71 1112 1184
72 695 740
73 1001 882
74 143 126
75 429 378
76 858 756
77 429 378
78 695 740
79 1001 882
80 1390 1480
81 556 592
82 429 378
83 858 756
84 139 148
85 143 126
86 973 1036
87 1251 1332
88 834 888
89 417 444
90 417 444
91 429 378
92 286 252
93 1112 1184
94 429 378
95 1001 882
96 1390 1480
97 1287 1134
98 1390 1480
99 1144 1008
100 834 888
101 417 444
102 973 1036
103 834 888
104 715 630
105 143 126
106 695 740
107 1251 1332
108 1287 1134
109 1390 1480
110 1430 1260
111 286 252
112 1287 1134
113 286 252
114 1112 1184
115 1112 1184
116 556 592
117 1001 882
118 834 888
119 1144 1008
120 1144 1008
121 973 1036
122 286 252
123 973 1036
124 973 1036
125 715 630
126 834 888
127 139 148
128 278 296
129 858 756
130 1251 1332
131 1112 1184
132 695 740
133 834 888
134 834 888
135 834 888
136 834 888
137 1001 882
138 1251 1332
139 695 740
140 715 630
141 139 148
142 143 126
143 1112 1184
144 715 630
145 973 1036
146 143 126
147 1144 1008
148 973 1036
149 286 252
150 139 148
151 429 378
152 834 888
153 1112 1184
154 834 888
155 715 630
156 973 1036
157 858 756
158 858 756
159 1144 1008
160 1287 1134
161 1430 1260
162 286 252
163 858 756
164 143 126
165 973 1036
166 1390 1480
167 139 148
168 1251 1332
169 834 888
170 1144 1008
171 1144 1008
172 1112 1184
173 429 378
174 1144 1008
175 715 630
176 1251 1332
177 1001 882
178 572 504
179 1287 1134
180 417 444
181 834 888
182 1287 1134
183 139 148
184 834 888
185 973 1036
186 858 756
187 1001 882
188 1430 1260
189 1112 1184
190 1251 1332
191 834 888
192 834 888
193 1144 1008
194 286 252
195 139 148
196 1390 1480
197 1112 1184
198 429 378
199 1251 1332
200 1430 1260
201 858 756
202 715 630
203 1287 1134
204 417 444
205 1430 1260
206 695 740
207 139 148
208 1001 882
209 556 592
210 1430 1260
211 1112 1184
212 1430 1260
213 1112 1184
214 143 126
215 858 756
216 1251 1332
217 417 444
218 1001 882
219 1287 1134
220 1287 1134
221 1390 1480
222 695 740
223 139 148
224 556 592
225 1430 1260
226 143 126
227 572 504
228 572 504
229 556 592
230 429 378
231 1287 1134
232 417 444
233 695 740
234 858 756
235 417 444
236 1112 1184
237 429 378
238 572 504
239 572 504
240 834 888
241 417 444
242 1001 882
243 278 296
244 1144 1008
245 834 888
246 695 740
247 715 630
248 1144 1008
249 1144 1008
250 1144 1008
251 1144 1008
252 1390 1480
253 715 630
254 556 592
255 572 504
256 973 1036
257 556 592
258 973 1036
259 973 1036
260 143 126
261 1112 1184
262 1430 1260
263 429 378
264 1001 882
265 286 252
266 1390 1480
267 572 504
268 139 148
269 139 148
270 715 630
271 973 1036
272 556 592
273 1001 882
274 834 888
275 715 630
276 834 888
277 973 1036
278 286 252
279 1430 1260
280 556 592
281 1144 1008
282 1144 1008
283 834 888
284 973 1036
285 1001 882
286 1112 1184
287 1287 1134
288 1430 1260
289 1251 1332
290 695 740
291 1001 882
292 1112 1184
293 278 296
294 143 126
295 858 756
296 417 444
297 278 296
298 858 756
299 1112 1184
300 1251 1332
301 1144 1008
302 834 888
303 556 592
304 286 252
305 1430 1260
306 973 1036
307 858 756
308 834 888
309 1430 1260
310 1144 1008
311 556 592
312 695 740
313 1112 1184
314 1430 1260
315 1287 1134
316 1001 882
317 1390 1480
318 1112 1184
319 429 378
320 556 592
321 429 378
322 143 126
323 834 888
324 556 592
325 1251 1332
326 1430 1260
327 834 888
328 695 740
329 417 444
330 1251 1332
331 1112 1184
332 1112 1184
333 278 296
334 973 1036
335 1144 1008
336 143 126
337 1112 1184
338 1430 1260
339 143 126
340 278 296
341 139 148
342 278 296
343 1251 1332
344 429 378
345 858 756
346 278 296
347 834 888
348 1144 1008
349 695 740
350 1112 1184
351 1390 1480
352 1251 1332
353 834 888
354 834 888
355 695 740
356 715 630
357 834 888
358 695 740
359 1144 1008
360 1430 1260
361 1001 882
362 858 756
363 1112 1184
364 556 592
365 1390 1480
366 429 378
367 973 1036
368 858 756
369 1144 1008
370 139 148
371 1287 1134
372 1390 1480
373 572 504
374 556 592
375 1251 1332
376 1112 1184
377 139 148
378 429 378
379 143 126
380 1112 1184
381 286 252
382 286 252
383 417 444
384 1390 1480
385 1001 882
386 556 592
387 715 630
388 429 378
389 417 444
390 1430 1260
391 1430 1260
392 143 126
393 429 378
394 1001 882
395 1144 1008
396 973 1036
397 417 444
398 1430 1260
399 834 888
400 286 252
401 572 504
402 1390 1480
403 572 504
404 1001 882
405 1430 1260
406 1430 1260
407 1430 1260
408 429 378
409 695 740
410 834 888
411 1251 1332
412 834 888
413 572 504
414 1390 1480
415 858 756
416 1390 1480
417 139 148
418 1144 1008
419 572 504
420 139 148
421 556 592
422 139 148
423 834 888
424 715 630
425 1287 1134
426 1001 882
427 278 296
428 1287 1134
429 715 630
430 834 888
431 695 740
432 429 378
433 572 504
434 139 148
435 143 126
436 143 126
437 1144 1008
438 695 740
439 1144 1008
440 1430 1260
441 572 504
442 834 888
443 1144 1008
444 1144 1008
445 278 296
446 1430 1260
447 1144 1008
448 715 630
449 834 888
450 143 126
451 556 592
452 1390 1480
453 1430 1260
454 143 126
455 858 756
456 1251 1332
457 286 252
458 1001 882
459 1144 1008
460 143 126
461 1287 1134
462 278 296
463 695 740
464 695 740
465 1144 1008
466 695 740
467 1430 1260
468 286 252
469 278 296
470 695 740
471 143 126
472 1251 1332
473 715 630
474 278 296
475 429 378
476 1112 1184
477 1390 1480
478 1390 1480
479 572 504
480 286 252
481 858 756
482 1287 1134
483 1390 1480
484 1144 1008
485 1430 1260
486 858 756
487 1430 1260
488 143 126
489 429 378
490 1144 1008
491 143 126
492 572 504
493 278 296
494 695 740
495 143 126
496 143 126
497 278 296
498 139 148
499 834 888
500 1287 1134
501 417 444
502 286 252
503 429 378
504 429 378
505 429 378
506 1112 1184
507 278 296
508 417 444
509 1001 882
510 1144 1008
511 278 296
512 1144 1008
513 572 504
514 695 740
515 278 296
516 286 252
517 834 888
518 1112 1184
519 1144 1008
520 1001 882
521 858 756
522 973 1036
523 417 444
524 858 756
525 1390 1480
526 973 1036
527 1001 882
528 139 148
529 858 756
530 429 378
531 417 444
532 1390 1480
533 1390 1480
534 572 504
535 1112 1184
536 1251 1332
537 858 756
538 695 740
539 278 296
540 1287 1134
541 417 444
542 1287 1134
543 556 592
544 429 378
545 286 252
546 572 504
547 556 592
548 973 1036
549 572 504
550 429 378
551 278 296
552 834 888
553 695 740
554 429 378
555 278 296
556 1001 882
557 429 378
558 1251 1332
559 417 444
560 429 378
561 1112 1184
562 417 444
563 858 756
564 139 148
565 715 630
566 429 378
567 278 296
568 1390 1480
569 286 252
570 1144 1008
571 1430 1260
572 278 296
573 1251 1332
574 143 126
575 858 756
576 278 296
577 1144 1008
578 973 1036
579 973 1036
580 1390 1480
581 143 126
582 417 444
583 834 888
584 1251 1332
585 1144 1008
586 1390 1480
587 1001 882
588 1251 1332
589 834 888
590 715 630
591 1001 882
592 429 378
593 1430 1260
594 1390 1480
595 1144 1008
596 429 378
597 286 252
598 715 630
599 143 126
600 429 378
601 858 756
602 278 296
603 143 126
604 286 252
605 286 252
606 1144 1008
607 556 592
608 858 756
609 429 378
610 429 378
611 417 444
612 429 378
613 858 756
614 1430 1260
615 1251 1332
616 973 1036
617 572 504
618 1251 1332
619 1112 1184
620 834 888
621 556 592
622 858 756
623 143 126
624 1112 1184
625 1390 1480
626 1430 1260
627 1112 1184
628 1430 1260
629 858 756
630 572 504
631 973 1036
632 278 296
633 286 252
634 572 504
635 1144 1008
636 556 592
637 278 296
638 973 1036
639 572 504
640 286 252
641 556 592
642 1144 1008
643 417 444
644 556 592
645 715 630
646 143 126
647 429 378
648 1251 1332
649 417 444
650 139 148
651 1144 1008
652 417 444
653 715 630
654 1390 1480
655 973 1036
656 695 740
657 1144 1008
658 858 756
659 715 630
660 834 888
661 556 592
662 1001 882
663 1001 882
664 834 888
665 834 888
666 278 296
667 286 252
668 1390 1480
669 143 126
670 1390 1480
671 1112 1184
672 286 252
673 429 378
674 143 126
675 143 126
676 1001 882
677 1251 1332
678 556 592
679 1251 1332
680 695 740
681 973 1036
682 973 1036
683 417 444
684 143 126
685 834 888
686 1112 1184
687 715 630
688 1251 1332
689 286 252
690 715 630
691 858 756
692 286 252
693 1390 1480
694 1144 1008
695 1001 882
696 695 740
697 143 126
698 139 148
699 286 252
700 1430 1260
701 858 756
702 286 252
703 834 888
704 1251 1332
705 1430 1260
706 278 296
707 858 756
708 1287 1134
709 715 630
710 1001 882
711 139 148
712 286 252
713 1430 1260
714 286 252
715 286 252
716 429 378
717 858 756
718 143 126
719 572 504
720 834 888
721 429 378
722 143 126
723 1390 1480
724 834 888
725 1251 1332
726 715 630
727 278 296
728 1430 1260
729 1112 1184
730 1390 1480
731 1001 882
732 417 444
733 572 504
734 417 444
735 1144 1008
736 1430 1260
737 286 252
738 417 444
739 556 592
740 858 756
741 695 740
742 572 504
743 1001 882
744 572 504
745 278 296
746 286 252
747 695 740
748 695 740
749 1287 1134
750 1287 1134
751 1001 882
752 715 630
753 143 126
754 695 740
755 973 1036
756 834 888
757 1430 1260
758 143 126
759 286 252
760 556 592
761 715 630
762 572 504
763 286 252
764 143 126
765 139 148
766 143 126
767 695 740
768 143 126
769 139 148
770 286 252
771 1390 1480
772 858 756
773 1390 1480
774 1251 1332
775 556 592
776 1144 1008
777 139 148
778 1112 1184
779 139 148
780 1251 1332
781 715 630
782 858 756
783 1390 1480
784 143 126
785 572 504
786 715 630
787 715 630
788 278 296
789 715 630
790 1287 1134
791 286 252
792 1251 1332
793 1390 1480
794 858 756
795 695 740
796 834 888
797 286 252
798 1430 1260
799 858 756
800 429 378
801 858 756
802 1287 1134
803 429 378
804 834 888
805 1390 1480
806 695 740
807 1390 1480
808 1001 882
809 556 592
810 139 148
811 1251 1332
812 143 126
813 417 444
814 1287 1134
815 858 756
816 1144 1008
817 715 630
818 1251 1332
819 1251 1332
820 695 740
821 858 756
822 715 630
823 278 296
824 834 888
825 858 756
826 1112 1184
827 139 148
828 1287 1134
829 417 444
830 143 126
831 429 378
832 1112 1184
833 1287 1134
834 715 630
835 834 888
836 1144 1008
837 429 378
838 286 252
839 1390 1480
840 1001 882
841 417 444
842 286 252
843 1390 1480
844 1144 1008
845 1430 1260
846 1001 882
847 278 296
848 429 378
849 1144 1008
850 973 1036
851 715 630
852 417 444
853 556 592
854 286 252
855 286 252
856 1144 1008
857 715 630
858 429 378
859 1144 1008
860 834 888
861 1430 1260
862 572 504
863 143 126
864 1001 882
865 278 296
866 1390 1480
867 1430 1260
868 278 296
869 1287 1134
870 278 296
871 1001 882
872 278 296
873 556 592
874 286 252
875 1287 1134
876 417 444
877 834 888
878 1112 1184
879 1390 1480
880 1251 1332
881 973 1036
882 715 630
883 1001 882
884 1112 1184
885 834 888
886 1144 1008
887 858 756
888 858 756
889 695 740
890 286 252
891 429 378
892 1287 1134
893 429 378
894 858 756
895 572 504
896 695 740
897 556 592
898 1287 1134
899 834 888
900 1287 1134
901 1112 1184
902 715 630
903 1287 1134
904 1390 1480
905 1112 1184
906 1144 1008
907 1251 1332
908 139 148
909 1430 1260
910 1251 1332
911 973 1036
912 572 504
913 1112 1184
914 556 592
915 1112 1184
916 1251 1332
917 556 592
918 1390 1480
919 1430 1260
920 572 504
921 695 740
922 1144 1008
923 556 592
924 143 126
925 715 630
926 429 378
927 556 592
928 695 740
929 1430 1260
930 143 126
931 715 630
932 139 148
933 286 252
934 143 126
935 286 252
936 1287 1134
937 973 1036
938 858 756
939 143 126
940 572 504
941 1001 882
942 715 630
943 429 378
944 1001 882
945 429 378
946 858 756
947 278 296
948 278 296
949 1144 1008
950 1390 1480
951 556 592
952 1001 882
953 834 888
954 286 252
955 834 888
956 834 888
957 695 740
958 139 148
959 1390 1480
960 572 504
961 858 756
962 695 740
963 556 592
964 1430 1260
965 1430 1260
966 1144 1008
967 834 888
968 278 296
969 1287 1134
970 973 1036
971 858 756
972 1390 1480
973 143 126
974 834 888
975 834 888
976 715 630
977 1390 1480
978 858 756
979 1112 1184
980 139 148
981 429 378
982 715 630
983 834 888
984 278 296
985 278 296
986 1144 1008
987 417 444
988 572 504
989 1430 1260
990 695 740
991 1144 1008
992 1390 1480
993 572 504
994 1390 1480
995 1430 1260
996 1251 1332
997 1287 1134
998 695 740
999 715 630
1000 1390 1480
1001 1144 1008
1002 1144 1008
1003 715 630
1004 973 1036
1005 556 592
1006 1251 1332
1007 1430 1260
1008 278 296
1009 1112 1184
1010 1287 1134
1011 429 378
1012 417 444
1013 572 504
1014 834 888
1015 278 296
1016 139 148
1017 139 148
1018 139 148
1019 1251 1332
1020 139 148
1021 417 444
1022 429 378
1023 1287 1134
1024 1144 1008
1025 139 148
1026 286 252
1027 858 756
1028 858 756
1029 973 1036
1030 1430 1260
1031 429 378
1032 858 756
1033 1390 1480
1034 834 888
1035 429 378
1036 572 504
1037 715 630
1038 572 504
1039 143 126
1040 715 630
1041 1251 1332
1042 1144 1008
1043 572 504
1044 1390 1480
1045 1390 1480
1046 695 740
1047 834 888
1048 1251 1332
1049 572 504
1050 429 378
1051 1251 1332
1052 1144 1008
1053 1430 1260
1054 429 378
1055 1251 1332
1056 1430 1260
1057 143 126
1058 556 592
1059 139 148
1060 973 1036
1061 1390 1480
1062 429 378
1063 858 756
1064 715 630
1065 1001 882
1066 278 296
1067 1287 1134
1068 417 444
1069 973 1036
1070 858 756
1071 1001 882
1072 143 126
1073 139 148
1074 556 592
1075 858 756
1076 1112 1184
1077 429 378
1078 1430 1260
1079 1390 1480
1080 1287 1134
1081 1430 1260
1082 556 592
1083 695 740
1084 429 378
1085 572 504
1086 973 1036
1087 1144 1008
1088 417 444
1089 139 148
1090 139 148
1091 139 148
1092 1144 1008
1093 834 888
1094 973 1036
1095 1251 1332
1096 715 630
1097 1001 882
1098 1390 1480
1099 429 378
1100 286 252
1101 278 296
1102 572 504
1103 834 888
1104 572 504
1105 715 630
1106 417 444
1107 1430 1260
1108 834 888
1109 139 148
1110 858 756
1111 1390 1480
1112 139 148
1113 973 1036
1114 1144 1008
1115 417 444
1116 1112 1184
1117 139 148
1118 417 444
1119 834 888
1120 278 296
1121 715 630
1122 139 148
1123 143 126
1124 1430 1260
1125 429 378
1126 139 148
1127 139 148
1128 572 504
1129 973 1036
1130 417 444
1131 1144 1008
1132 556 592
1133 278 296
1134 695 740
1135 858 756
1136 1287 1134
1137 973 1036
1138 278 296
1139 1251 1332
1140 286 252
1141 139 148
1142 834 888
1143 278 296
1144 1144 1008
1145 1001 882
1146 429 378
1147 858 756
1148 1430 1260
1149 1390 1480
1150 139 148
1151 973 1036
1152 417 444
1153 973 1036
1154 1287 1134
1155 715 630
1156 695 740
1157 143 126
1158 973 1036
1159 556 592
1160 1144 1008
1161 286 252
1162 556 592
1163 1112 1184
1164 139 148
1165 556 592
1166 417 444
1167 973 1036
1168 695 740
1169 1001 882
1170 834 888
1171 278 296
1172 1144 1008
1173 1112 1184
1174 858 756
1175 1144 1008
1176 973 1036
1177 417 444
1178 572 504
1179 715 630
1180 429 378
1181 572 504
1182 417 444
1183 1251 1332
1184 715 630
1185 1112 1184
1186 417 444
1187 1144 1008
1188 1001 882
1189 715 630
1190 858 756
1191 715 630
1192 973 1036
1193 143 126
1194 1430 1260
1195 834 888
1196 143 126
1197 1287 1134
1198 1287 1134
1199 1251 1332
1200 139 148
1201 973 1036
1202 278 296
1203 1390 1480
1204 143 126
1205 556 592
1206 1001 882
1207 1144 1008
1208 417 444
1209 715 630
1210 1001 882
1211 278 296
1212 1112 1184
1213 1287 1134
1214 1112 1184
1215 1144 1008
1216 139 148
1217 973 1036
1218 556 592
1219 572 504
1220 973 1036
1221 695 740
1222 1430 1260
1223 715 630
1224 973 1036
1225 1287 1134
1226 556 592
1227 286 252
1228 1390 1480
1229 278 296
1230 1251 1332
1231 556 592
1232 417 444
1233 715 630
1234 1251 1332
1235 1430 1260
1236 1001 882
1237 1144 1008
1238 973 1036
1239 715 630
1240 834 888
1241 715 630
1242 417 444
1243 417 444
1244 1287 1134
1245 834 888
1246 1430 1260
1247 973 1036
1248 278 296
1249 1430 1260
1250 834 888
1251 572 504
1252 139 148
1253 1390 1480
1254 139 148
1255 286 252
1256 556 592
1257 1001 882
1258 286 252
1259 715 630
1260 429 378
1261 143 126
1262 143 126
1263 1144 1008
1264 556 592
1265 139 148
1266 417 444
1267 429 378
1268 556 592
1269 1251 1332
1270 973 1036
1271 1251 1332
1272 1144 1008
1273 556 592
1274 715 630
1275 1287 1134
1276 286 252
1277 417 444
1278 429 378
1279 858 756
1280 1390 1480
1281 1287 1134
1282 139 148
1283 715 630
1284 1001 882
1285 417 444
1286 834 888
1287 1287 1134
1288 1251 1332
1289 715 630
1290 1287 1134
1291 286 252
1292 417 444
1293 286 252
1294 1251 1332
1295 1251 1332
1296 1001 882
1297 417 444
1298 417 444
1299 834 888
1300 695 740
1301 834 888
1302 1251 1332
1303 429 378
1304 1251 1332
1305 1390 1480
1306 1390 1480
1307 278 296
1308 973 1036
1309 834 888
1310 278 296
1311 1144 1008
1312 858 756
1313 973 1036
1314 286 252
1315 858 756
1316 1144 1008
1317 572 504
1318 1251 1332
1319 572 504
1320 572 504
1321 286 252
1322 1112 1184
1323 858 756
1324 715 630
1325 286 252
1326 695 740
1327 417 444
1328 858 756
1329 715 630
1330 1390 1480
1331 1144 1008
1332 572 504
1333 1430 1260
1334 1144 1008
1335 1430 1260
1336 1144 1008
1337 973 1036
1338 858 756
1339 1430 1260
1340 278 296
1341 1287 1134
1342 572 504
1343 1287 1134
1344 1287 1134
1345 1112 1184
1346 973 1036
1347 1287 1134
1348 834 888
1349 1430 1260
1350 1287 1134
1351 973 1036
1352 143 126
1353 1112 1184
1354 1390 1480
1355 1112 1184
1356 695 740
1357 858 756
1358 1112 1184
1359 695 740
1360 834 888
1361 695 740
1362 695 740
1363 1251 1332
1364 429 378
1365 1430 1260
1366 1001 882
1367 556 592
1368 695 740
1369 139 148
1370 572 504
1371 1430 1260
1372 286 252
1373 1112 1184
1374 1287 1134
1375 286 252
1376 973 1036
1377 572 504
1378 429 378
1379 834 888
1380 429 378
1381 1430 1260
1382 1001 882
1383 572 504
1384 143 126
1385 695 740
1386 1144 1008
1387 429 378
1388 286 252
1389 278 296
1390 556 592
1391 695 740
1392 715 630
1393 715 630
1394 1251 1332
1395 572 504
1396 556 592
1397 143 126
1398 834 888
1399 143 126
1400 556 592
1401 1390 1480
1402 286 252
1403 572 504
1404 429 378
1405 1001 882
1406 1430 1260
1407 417 444
1408 1287 1134
1409 834 888
1410 1112 1184
1411 834 888
1412 1112 1184
1413 834 888
1414 834 888
1415 973 1036
1416 139 148
1417 572 504
1418 286 252
1419 1390 1480
1420 973 1036
1421 858 756
1422 417 444
1423 1430 1260
1424 556 592
1425 973 1036
1426 1430 1260
1427 695 740
1428 834 888
1429 1112 1184
1430 139 148
1431 715 630
1432 278 296
1433 1390 1480
1434 1144 1008
1435 417 444
1436 858 756
1437 1287 1134
1438 1251 1332
1439 695 740
1440 858 756
1441 695 740
1442 973 1036
1443 1144 1008
1444 695 740
1445 572 504
1446 143 126
1447 417 444
1448 286 252
1449 1251 1332
1450 1251 1332
1451 286 252
1452 1112 1184
1453 556 592
1454 1251 1332
1455 417 444
1456 715 630
1457 1112 1184
1458 143 126
1459 715 630
1460 143 126
1461 143 126
1462 139 148
1463 973 1036
1464 1144 1008
1465 715 630
1466 1390 1480
1467 973 1036
1468 1251 1332
1469 143 126
1470 278 296
1471 695 740
1472 286 252
1473 143 126
1474 973 1036
1475 1390 1480
1476 572 504
1477 417 444
1478 286 252
1479 278 296
1480 1144 1008
1481 715 630
1482 143 126
1483 572 504
1484 715 630
1485 834 888
1486 1430 1260
1487 1430 1260
1488 858 756
1489 572 504
1490 1287 1134
1491 556 592
1492 143 126
1493 1144 1008
1494 858 756
1495 572 504
1496 715 630
1497 572 504
1498 143 126
1499 973 1036
1500 1112 1184
1501 556 592
1502 572 504
1503 139 148
1504 572 504
1505 1144 1008
1506 286 252
1507 834 888
1508 417 444
1509 858 756
1510 834 888
1511 429 378
1512 286 252
1513 834 888
1514 572 504
1515 139 148
1516 417 444
1517 834 888
1518 417 444
1519 572 504
1520 1287 1134
1521 1001 882
1522 695 740
1523 1287 1134
1524 139 148
1525 417 444
1526 572 504
1527 417 444
1528 572 504
1529 278 296
1530 1251 1332
1531 695 740
1532 1112 1184
1533 1390 1480
1534 1287 1134
1535 1112 1184
1536 139 148
1537 139 148
1538 1001 882
1539 1001 882
1540 1001 882
1541 695 740
1542 695 740
1543 973 1036
1544 1251 1332
1545 1144 1008
1546 286 252
1547 1390 1480
1548 143 126
1549 417 444
1550 858 756
1551 286 252
1552 1287 1134
1553 1390 1480
1554 1390 1480
1555 429 378
1556 1251 1332
1557 143 126
1558 973 1036
1559 417 444
1560 1251 1332
1561 286 252
1562 1144 1008
1563 858 756
1564 417 444
1565 1001 882
1566 1251 1332
1567 1001 882
1568 1430 1260
1569 556 592
1570 139 148
1571 278 296
1572 1287 1134
1573 1112 1184
1574 1287 1134
1575 556 592
1576 1287 1134
1577 1287 1134
1578 143 126
1579 1287 1134
1580 1390 1480
1581 572 504
1582 695 740
1583 1390 1480
1584 143 126
1585 1112 1184
1586 278 296
1587 139 148
1588 1001 882
1589 1001 882
1590 429 378
1591 1430 1260
1592 1430 1260
1593 417 444
1594 715 630
1595 695 740
1596 715 630
1597 1430 1260
1598 572 504
1599 572 504
1600 1001 882
1601 139 148
1602 429 378
1603 1144 1008
1604 278 296
1605 572 504
1606 834 888
1607 1001 882
1608 715 630
1609 143 126
1610 1144 1008
1611 429 378
1612 973 1036
1613 556 592
1614 556 592
1615 1144 1008
1616 834 888
1617 973 1036
1618 556 592
1619 278 296
1620 1144 1008
1621 1390 1480
1622 1144 1008
1623 1144 1008
1624 556 592
1625 1144 1008
1626 715 630
1627 1287 1134
1628 1430 1260
1629 715 630
1630 556 592
1631 715 630
1632 278 296
1633 1251 1332
1634 1390 1480
1635 417 444
1636 556 592
1637 1430 1260
1638 1251 1332
1639 1390 1480
1640 834 888
1641 139 148
1642 1251 1332
1643 858 756
1644 715 630
1645 715 630
1646 139 148
1647 858 756
1648 834 888
1649 429 378
1650 695 740
1651 1287 1134
1652 1390 1480
1653 1001 882
1654 572 504
1655 715 630
1656 1144 1008
1657 715 630
1658 858 756
1659 715 630
1660 1287 1134
1661 286 252
1662 1287 1134
1663 286 252
1664 695 740
1665 695 740
1666 556 592
1667 1112 1184
1668 286 252
1669 1001 882
1670 1144 1008
1671 695 740
1672 715 630
1673 1390 1480
1674 1287 1134
1675 715 630
1676 973 1036
1677 1287 1134
1678 556 592
1679 858 756
1680 1287 1134
1681 429 378
1682 278 296
1683 1001 882
1684 429 378
1685 858 756
1686 1112 1184
1687 1144 1008
1688 429 378
1689 1251 1332
1690 1390 1480
1691 286 252
1692 572 504
1693 429 378
1694 715 630
1695 973 1036
1696 973 1036
1697 1287 1134
1698 556 592
1699 143 126
1700 1251 1332
1701 139 148
1702 858 756
1703 1112 1184
1704 556 592
1705 1251 1332
1706 417 444
1707 1112 1184
1708 139 148
1709 1144 1008
1710 973 1036
1711 1287 1134
1712 834 888
1713 695 740
1714 1390 1480
1715 143 126
1716 556 592
1717 1251 1332
1718 858 756
1719 834 888
1720 1390 1480
1721 278 296
1722 1390 1480
1723 1001 882
1724 429 378
1725 973 1036
1726 143 126
1727 143 126
1728 1430 1260
1729 1001 882
1730 278 296
1731 973 1036
1732 715 630
1733 286 252
1734 1112 1184
1735 1430 1260
1736 1251 1332
1737 1144 1008
1738 429 378
1739 1144 1008
1740 429 378
1741 1251 1332
1742 139 148
1743 278 296
1744 1001 882
1745 695 740
1746 834 888
1747 1144 1008
1748 695 740
1749 286 252
1750 834 888
1751 417 444
1752 695 740
1753 278 296
1754 1430 1260
1755 143 126
1756 1001 882
1757 572 504
1758 143 126
1759 695 740
1760 278 296
1761 572 504
1762 1430 1260
1763 278 296
1764 572 504
1765 143 126
1766 1287 1134
1767 139 148
1768 1287 1134
1769 286 252
1770 858 756
1771 1001 882
1772 1144 1008
1773 715 630
1774 286 252
1775 1001 882
1776 858 756
1777 286 252
1778 1287 1134
1779 1001 882
1780 1112 1184
1781 858 756
1782 1287 1134
1783 286 252
1784 1287 1134
1785 1390 1480
1786 286 252
1787 143 126
1788 286 252
1789 572 504
1790 715 630
1791 139 148
1792 1112 1184
1793 1144 1008
1794 1430 1260
1795 695 740
1796 1001 882
1797 973 1036
1798 1430 1260
1799 286 252
1800 278 296
1801 834 888
1802 286 252
1803 143 126
1804 1390 1480
1805 695 740
1806 278 296
1807 1287 1134
1808 417 444
1809 1251 1332
1810 973 1036
1811 429 378
1812 417 444
1813 556 592
1814 858 756
1815 143 126
1816 143 126
1817 556 592
1818 417 444
1819 429 378
1820 858 756
1821 1251 1332
1822 973 1036
1823 1390 1480
1824 973 1036
1825 572 504
1826 572 504
1827 143 126
1828 715 630
1829 1112 1184
1830 1251 1332
1831 143 126
1832 572 504
1833 1287 1134
1834 1287 1134
1835 715 630
1836 834 888
1837 1001 882
1838 1144 1008
1839 143 126
1840 858 756
1841 1430 1260
1842 695 740
1843 834 888
1844 1287 1134
1845 429 378
1846 429 378
1847 286 252
1848 143 126
1849 143 126
1850 417 444
1851 556 592
1852 572 504
1853 286 252
1854 834 888
1855 1001 882
1856 1144 1008
1857 286 252
1858 973 1036
1859 143 126
1860 834 888
1861 556 592
1862 715 630
1863 1287 1134
1864 715 630
1865 278 296
1866 417 444
1867 1390 1480
1868 286 252
1869 143 126
1870 834 888
1871 429 378
1872 973 1036
1873 1251 1332
1874 572 504
1875 973 1036
1876 834 888
1877 1287 1134
1878 973 1036
1879 1287 1134
1880 572 504
1881 572 504
1882 429 378
1883 834 888
1884 1430 1260
1885 572 504
1886 1430 1260
1887 556 592
1888 429 378
1889 286 252
1890 695 740
1891 286 252
1892 1144 1008
1893 143 126
1894 834 888
1895 286 252
1896 1390 1480
1897 1144 1008
1898 286 252
1899 973 1036
1900 572 504
1901 429 378
1902 1390 1480
1903 1390 1480
1904 1112 1184
1905 1251 1332
1906 1144 1008
1907 834 888
1908 286 252
1909 556 592
1910 572 504
1911 417 444
1912 1430 1260
1913 973 1036
1914 429 378
1915 572 504
1916 1430 1260
1917 834 888
1918 973 1036
1919 1144 1008
1920 417 444
1921 1251 1332
1922 429 378
1923 1001 882
1924 417 444
1925 973 1036
1926 286 252
1927 286 252
1928 1144 1008
1929 834 888
1930 695 740
1931 1287 1134
1932 695 740
1933 1251 1332
1934 278 296
1935 858 756
1936 1251 1332
1937 1144 1008
1938 1390 1480
1939 1430 1260
1940 556 592
1941 1001 882
1942 1001 882
1943 286 252
1944 1112 1184
1945 858 756
1946 278 296
1947 286 252
1948 429 378
1949 572 504
1950 1251 1332
1951 1287 1134
1952 143 126
1953 858 756
1954 278 296
1955 715 630
1956 715 630
1957 1390 1480
1958 1144 1008
1959 695 740
1960 286 252
1961 715 630
1962 572 504
1963 1251 1332
1964 695 740
1965 715 630
1966 278 296
1967 973 1036
1968 1144 1008
1969 973 1036
1970 1430 1260
1971 417 444
1972 1144 1008
1973 1001 882
1974 556 592
1975 143 126
1976 973 1036
1977 429 378
1978 429 378
1979 143 126
1980 1001 882
1981 286 252
1982 858 756
1983 695 740
1984 139 148
1985 1251 1332
1986 417 444
1987 143 126
1988 834 888
1989 1287 1134
1990 278 296
1991 139 148
1992 286 252
1993 1430 1260
1994 858 756
1995 572 504
1996 1390 1480
1997 1390 1480
1998 278 296
1999 556 592
2000 1251 1332
2001 286 252
2002 1144 1008
2003 1112 1184
2004 1112 1184
2005 417 444
2006 556 592
2007 834 888
2008 695 740
2009 429 378
2010 556 592
2011 1287 1134
2012 1144 1008
2013 572 504
2014 143 126
2015 1251 1332
2016 556 592
2017 286 252
2018 858 756
2019 1430 1260
2020 572 504
2021 973 1036
2022 1287 1134
2023 834 888
2024 1251 1332
2025 695 740
2026 286 252
2027 1430 1260
2028 1144 1008
2029 1144 1008
2030 556 592
2031 1001 882
2032 1390 1480
2033 139 148
2034 286 252
2035 858 756
2036 1001 882
2037 1001 882
2038 1112 1184
2039 1287 1134
2040 834 888
2041 973 1036
2042 1112 1184
2043 1430 1260
2044 286 252
2045 858 756
2046 143 126
2047 695 740
2048 429 378
2049 1112 1184
2050 1112 1184
2051 1112 1184
2052 556 592
2053 1112 1184
2054 1112 1184
2055 572 504
2056 572 504
2057 973 1036
2058 1001 882
2059 1001 882
2060 1001 882
2061 286 252
2062 715 630
2063 139 148
2064 1251 1332
2065 139 148
2066 1112 1184
2067 1112 1184
2068 973 1036
2069 429 378
2070 572 504
2071 695 740
2072 858 756
2073 429 378
2074 278 296
2075 715 630
2076 556 592
2077 286 252
2078 1144 1008
2079 1430 1260
2080 1251 1332
2081 143 126
2082 417 444
2083 139 148
2084 1430 1260
2085 286 252
2086 1287 1134
2087 715 630
2088 715 630
2089 834 888
2090 278 296
2091 1390 1480
2092 572 504
2093 973 1036
2094 973 1036
2095 1144 1008
2096 1001 882
2097 1251 1332
2098 139 148
2099 572 504
2100 278 296
2101 1430 1260
2102 1144 1008
2103 858 756
2104 715 630
2105 1287 1134
2106 139 148
2107 1144 1008
2108 139 148
2109 1251 1332
2110 1251 1332
2111 1144 1008
2112 572 504
2113 286 252
2114 1001 882
2115 858 756
2116 1001 882
2117 973 1036
2118 1390 1480
2119 1001 882
2120 139 148
2121 572 504
2122 417 444
2123 858 756
2124 572 504
2125 139 148
2126 572 504
2127 572 504
2128 1251 1332
2129 1287 1134
2130 715 630
2131 278 296
2132 695 740
2133 417 444
2134 139 148
2135 1251 1332
2136 429 378
2137 1001 882
2138 834 888
2139 139 148
2140 556 592
2141 1251 1332
2142 139 148
2143 1287 1134
2144 286 252
2145 973 1036
2146 1430 1260
2147 715 630
2148 143 126
2149 417 444
2150 286 252
2151 973 1036
2152 417 444
2153 572 504
2154 1287 1134
2155 278 296
2156 695 740
2157 429 378
2158 834 888
2159 715 630
2160 429 378
2161 417 444
2162 1001 882
2163 715 630
2164 834 888
2165 1390 1480
2166 1112 1184
2167 1144 1008
2168 417 444
2169 858 756
2170 286 252
2171 143 126
2172 1287 1134
2173 1001 882
2174 286 252
2175 973 1036
2176 858 756
2177 1430 1260
2178 715 630
2179 834 888
2180 1430 1260
2181 1430 1260
2182 1287 1134
2183 1430 1260
2184 1390 1480
2185 715 630
2186 1001 882
2187 1390 1480
2188 973 1036
2189 695 740
2190 715 630
2191 715 630
2192 858 756
2193 556 592
2194 1430 1260
2195 858 756
2196 1287 1134
2197 715 630
2198 695 740
2199 143 126
2200 1287 1134
2201 429 378
2202 556 592
2203 417 444
2204 1287 1134
2205 572 504
2206 417 444
2207 1430 1260
2208 1112 1184
2209 834 888
2210 1390 1480
2211 858 756
2212 278 296
2213 143 126
2214 1001 882
2215 858 756
2216 278 296
2217 695 740
2218 556 592
2219 715 630
2220 1112 1184
2221 1112 1184
2222 572 504
2223 834 888
2224 556 592
2225 1390 1480
2226 417 444
2227 556 592
2228 1251 1332
2229 417 444
2230 429 378
2231 278 296
2232 143 126
2233 858 756
2234 858 756
2235 139 148
2236 1001 882
2237 572 504
2238 1390 1480
2239 715 630
2240 286 252
2241 858 756
2242 1112 1184
2243 973 1036
2244 139 148
2245 1287 1134
2246 1112 1184
2247 286 252
2248 1251 1332
2249 286 252
2250 417 444
2251 286 252
2252 834 888
2253 139 148
2254 715 630
2255 1001 882
2256 1144 1008
2257 973 1036
2258 143 126
2259 1144 1008
2260 858 756
2261 1251 1332
2262 858 756
2263 1430 1260
2264 858 756
2265 1287 1134
2266 143 126
2267 715 630
2268 417 444
2269 1112 1184
2270 1144 1008
2271 1430 1260
2272 286 252
2273 572 504
2274 695 740
2275 1430 1260
2276 1287 1134
2277 1430 1260
2278 834 888
2279 1112 1184
2280 715 630
2281 417 444
2282 858 756
2283 556 592
2284 278 296
2285 1251 1332
2286 1430 1260
2287 1144 1008
2288 139 148
2289 1112 1184
2290 1112 1184
2291 572 504
2292 1144 1008
2293 695 740
2294 417 444
2295 143 126
2296 695 740
2297 1251 1332
2298 572 504
2299 834 888
2300 973 1036
2301 858 756
2302 286 252
2303 286 252
2304 1001 882
2305 572 504
2306 1251 1332
2307 556 592
2308 556 592
2309 834 888
2310 417 444
2311 695 740
2312 143 126
2313 858 756
2314 1430 1260
2315 417 444
2316 1112 1184
2317 143 126
2318 1251 1332
2319 858 756
2320 834 888
2321 858 756
2322 715 630
2323 1430 1260
2324 834 888
2325 1144 1008
2326 1430 1260
2327 858 756
2328 1144 1008
2329 1251 1332
2330 1001 882
2331 286 252
2332 1430 1260
2333 834 888
2334 143 126
2335 973 1036
2336 556 592
2337 417 444
2338 139 148
2339 286 252
2340 429 378
2341 556 592
2342 1001 882
2343 1251 1332
2344 715 630
2345 695 740
2346 278 296
2347 973 1036
2348 556 592
2349 973 1036
2350 834 888
2351 143 126
2352 143 126
2353 1251 1332
2354 715 630
2355 695 740
2356 834 888
2357 1287 1134
2358 572 504
2359 858 756
2360 1144 1008
2361 143 126
2362 1001 882
2363 1001 882
2364 143 126
2365 1112 1184
2366 143 126
2367 1287 1134
2368 572 504
2369 143 126
2370 1251 1332
2371 1001 882
2372 715 630
2373 429 378
2374 139 148
2375 1287 1134
2376 417 444
2377 417 444
2378 143 126
2379 695 740
2380 695 740
2381 429 378
2382 858 756
2383 417 444
2384 1287 1134
2385 143 126
2386 715 630
2387 1251 1332
2388 858 756
2389 834 888
2390 278 296
2391 139 148
2392 572 504
2393 1251 1332
2394 1112 1184
2395 1430 1260
2396 834 888
2397 834 888
2398 417 444
2399 1287 1134
2400 1001 882
2401 1430 1260
2402 1112 1184
2403 1112 1184
2404 1390 1480
2405 1112 1184
2406 1001 882
2407 695 740
2408 572 504
2409 1287 1134
2410 1390 1480
2411 1390 1480
2412 139 148
2413 715 630
2414 139 148
2415 417 444
2416 143 126
2417 1287 1134
2418 278 296
2419 417 444
2420 286 252
2421 1430 1260
2422 278 296
2423 1390 1480
2424 139 148
2425 1287 1134
2426 1430 1260
2427 429 378
2428 417 444
2429 556 592
2430 973 1036
2431 429 378
2432 858 756
2433 143 126
2434 278 296
2435 278 296
2436 1112 1184
2437 1251 1332
2438 417 444
2439 715 630
2440 1001 882
2441 715 630
2442 1390 1480
2443 695 740
2444 556 592
2445 286 252
2446 143 126
2447 715 630
2448 1001 882
2449 286 252
2450 278 296
2451 417 444
2452 695 740
2453 973 1036
2454 1430 1260
2455 858 756
2456 695 740
2457 572 504
2458 139 148
2459 1287 1134
2460 572 504
2461 143 126
2462 1287 1134
2463 1430 1260
2464 858 756
2465 1251 1332
2466 973 1036
2467 1430 1260
2468 1144 1008
2469 1144 1008
2470 286 252
2471 1001 882
2472 286 252
2473 429 378
2474 973 1036
2475 1251 1332
2476 973 1036
2477 572 504
2478 858 756
2479 1144 1008
2480 1430 1260
2481 139 148
2482 286 252
2483 1390 1480
2484 1251 1332
2485 429 378
2486 417 444
2487 429 378
2488 139 148
2489 417 444
2490 139 148
2491 278 296
2492 139 148
2493 556 592
2494 695 740
2495 695 740
2496 1251 1332
2497 858 756
2498 556 592
2499 715 630
2500 1001 882
2501 834 888
2502 556 592
2503 1251 1332
2504 834 888
2505 286 252
2506 556 592
2507 715 630
2508 143 126
2509 1112 1184
2510 1112 1184
2511 1251 1332
2512 1251 1332
2513 1251 1332
2514 834 888
2515 1430 1260
2516 1430 1260
2517 278 296
2518 973 1036
2519 429 378
2520 278 296
2521 1390 1480
2522 139 148
2523 1251 1332
2524 834 888
2525 973 1036
2526 695 740
2527 1144 1008
2528 1390 1480
2529 278 296
2530 139 148
2531 858 756
2532 973 1036
2533 556 592
2534 834 888
2535 417 444
2536 572 504
2537 286 252
2538 1144 1008
2539 858 756
2540 143 126
2541 715 630
2542 1390 1480
2543 1144 1008
2544 1001 882
2545 1287 1134
2546 1112 1184
2547 858 756
2548 1001 882
2549 834 888
2550 286 252
2551 572 504
2552 1430 1260
2553 695 740
2554 1251 1332
2555 286 252
2556 1287 1134
2557 1144 1008
2558 286 252
2559 858 756
2560 572 504
2561 286 252
2562 1287 1134
2563 556 592
2564 695 740
2565 1144 1008
2566 286 252
2567 1001 882
2568 429 378
2569 1287 1134
2570 715 630
2571 834 888
2572 1287 1134
2573 973 1036
2574 1390 1480
2575 1251 1332
2576 556 592
2577 1001 882
2578 286 252
2579 143 126
2580 1112 1184
2581 695 740
2582 858 756
2583 572 504
2584 572 504
2585 973 1036
2586 1390 1480
2587 1144 1008
2588 417 444
2589 143 126
2590 286 252
2591 286 252
2592 278 296
2593 1390 1480
2594 286 252
2595 973 1036
2596 858 756
2597 834 888
2598 834 888
2599 973 1036
2600 572 504
2601 556 592
2602 695 740
2603 695 740
2604 572 504
2605 1112 1184
2606 1144 1008
2607 1112 1184
2608 858 756
2609 1001 882
2610 1144 1008
2611 1112 1184
2612 417 444
2613 572 504
2614 1287 1134
2615 1112 1184
2616 1287 1134
2617 278 296
2618 1001 882
2619 1390 1480
2620 1144 1008
2621 1112 1184
2622 715 630
2623 286 252
2624 1430 1260
2625 858 756
2626 429 378
2627 1112 1184
2628 695 740
2629 417 444
2630 1144 1008
2631 429 378
2632 695 740
2633 1430 1260
2634 973 1036
2635 286 252
2636 834 888
2637 417 444
2638 286 252
2639 417 444
2640 286 252
2641 429 378
2642 143 126
2643 139 148
2644 429 378
2645 1001 882
2646 417 444
2647 1287 1134
2648 1112 1184
2649 556 592
2650 417 444
2651 139 148
2652 715 630
2653 695 740
2654 1001 882
2655 1112 1184
2656 556 592
2657 695 740
2658 973 1036
2659 429 378
2660 286 252
2661 1390 1480
2662 139 148
2663 429 378
2664 429 378
2665 143 126
2666 429 378
2667 695 740
2668 1390 1480
2669 1287 1134
2670 1112 1184
2671 1390 1480
2672 1390 1480
2673 1001 882
2674 417 444
2675 1144 1008
2676 556 592
2677 715 630
2678 834 888
2679 695 740
2680 143 126
2681 695 740
2682 1287 1134
2683 556 592
2684 278 296
2685 417 444
2686 286 252
2687 286 252
2688 1112 1184
2689 1430 1260
2690 1390 1480
2691 429 378
2692 143 126
2693 1430 1260
2694 139 148
2695 556 592
2696 858 756
2697 1251 1332
2698 1430 1260
2699 143 126
2700 278 296
2701 834 888
2702 1430 1260
2703 429 378
2704 834 888
2705 1251 1332
2706 1001 882
2707 417 444
2708 1430 1260
2709 695 740
2710 429 378
2711 429 378
2712 1112 1184
2713 143 126
2714 1001 882
2715 278 296
2716 1001 882
2717 429 378
2718 973 1036
2719 1430 1260
2720 973 1036
2721 429 378
2722 1287 1134
2723 1430 1260
2724 556 592
2725 1001 882
2726 429 378
2727 278 296
2728 695 740
2729 1287 1134
2730 1001 882
2731 1144 1008
2732 858 756
2733 1287 1134
2734 1251 1332
2735 1430 1260
2736 834 888
2737 417 444
2738 278 296
2739 858 756
2740 1430 1260
2741 139 148
2742 286 252
2743 286 252
2744 1430 1260
2745 278 296
2746 1390 1480
2747 278 296
2748 834 888
2749 143 126
2750 286 252
2751 429 378
2752 1287 1134
2753 278 296
2754 695 740
2755 417 444
2756 858 756
2757 973 1036
2758 139 148
2759 1112 1184
2760 1287 1134
2761 1287 1134
2762 1390 1480
2763 715 630
2764 1287 1134
2765 973 1036
2766 139 148
2767 429 378
2768 1251 1332
2769 572 504
2770 1430 1260
2771 1112 1184
2772 556 592
2773 556 592
2774 429 378
2775 556 592
2776 1112 1184
2777 278 296
2778 1001 882
2779 1251 1332
2780 143 126
2781 143 126
2782 695 740
2783 286 252
2784 1390 1480
2785 556 592
2786 1251 1332
2787 556 592
2788 417 444
2789 143 126
2790 973 1036
2791 1390 1480
2792 556 592
2793 278 296
2794 278 296
2795 556 592
2796 973 1036
2797 278 296
2798 286 252
2799 143 126
2800 858 756
2801 858 756
2802 1144 1008
2803 858 756
2804 1430 1260
2805 1287 1134
2806 417 444
2807 556 592
2808 715 630
2809 695 740
2810 429 378
2811 278 296
2812 973 1036
2813 429 378
2814 1430 1260
2815 1251 1332
2816 973 1036
2817 973 1036
2818 556 592
2819 1430 1260
2820 973 1036
2821 572 504
2822 572 504
2823 429 378
2824 417 444
2825 1390 1480
2826 1287 1134
2827 1144 1008
2828 1112 1184
2829 1112 1184
2830 858 756
2831 1287 1134
2832 572 504
2833 1001 882
2834 143 126
2835 139 148
2836 556 592
2837 286 252
2838 973 1036
2839 1112 1184
2840 1430 1260
2841 715 630
2842 1251 1332
2843 1001 882
2844 1287 1134
2845 973 1036
2846 1251 1332
2847 429 378
2848 973 1036
2849 1390 1480
2850 695 740
2851 429 378
2852 695 740
2853 1144 1008
2854 1430 1260
2855 143 126
2856 1001 882
2857 695 740
2858 143 126
2859 1390 1480
2860 572 504
2861 1430 1260
2862 1287 1134
2863 417 444
2864 429 378
2865 278 296
2866 858 756
2867 858 756
2868 695 740
2869 715 630
2870 429 378
2871 834 888
2872 715 630
2873 278 296
2874 1112 1184
2875 1001 882
2876 1251 1332
2877 1001 882
2878 278 296
2879 429 378
2880 143 126
2881 1390 1480
2882 695 740
2883 556 592
2884 417 444
2885 695 740
2886 139 148
2887 715 630
2888 1251 1332
2889 1390 1480
2890 973 1036
2891 139 148
2892 1144 1008
2893 1001 882
2894 1112 1184
2895 556 592
2896 858 756
2897 556 592
2898 1430 1260
2899 858 756
2900 973 1036
2901 417 444
2902 286 252
2903 1287 1134
2904 417 444
2905 278 296
2906 1112 1184
2907 278 296
2908 1001 882
2909 858 756
2910 278 296
2911 143 126
2912 695 740
2913 286 252
2914 572 504
2915 1430 1260
2916 1287 1134
2917 417 444
2918 429 378
2919 1390 1480
2920 139 148
2921 834 888
2922 1390 1480
2923 1430 1260
2924 695 740
2925 715 630
2926 139 148
2927 143 126
2928 278 296
2929 1251 1332
2930 1430 1260
2931 695 740
2932 556 592
2933 695 740
2934 1430 1260
2935 429 378
2936 1287 1134
2937 286 252
2938 858 756
2939 695 740
2940 695 740
2941 143 126
2942 1251 1332
2943 834 888
2944 858 756
2945 715 630
2946 417 444
2947 556 592
2948 1390 1480
2949 834 888
2950 286 252
2951 1112 1184
2952 834 888
2953 973 1036
2954 556 592
2955 858 756
2956 1390 1480
2957 1390 1480
2958 858 756
2959 556 592
2960 715 630
2961 1001 882
2962 1001 882
2963 1112 1184
2964 1251 1332
2965 695 740
2966 973 1036
2967 429 378
2968 429 378
2969 286 252
2970 1001 882
2971 286 252
2972 429 378
2973 1430 1260
2974 1001 882
2975 572 504
2976 1287 1134
2977 278 296
2978 429 378
2979 1287 1134
2980 858 756
2981 1390 1480
2982 556 592
2983 417 444
2984 715 630
2985 695 740
2986 429 378
2987 1144 1008
2988 429 378
2989 973 1036
2990 139 148
2991 278 296
2992 858 756
2993 1112 1184
2994 1001 882
2995 858 756
2996 556 592
2997 286 252
2998 278 296
2999 1251 1332
3000 834 888
3001 858 756
3002 715 630
3003 1144 1008
3004 1390 1480
3005 1251 1332
3006 429 378
3007 973 1036
3008 1112 1184
3009 1430 1260
3010 1112 1184
3011 1251 1332
3012 1251 1332
3013 286 252
3014 139 148
3015 143 126
3016 1112 1184
3017 143 126
3018 1287 1134
3019 1287 1134
3020 139 148
3021 973 1036
3022 1430 1260
3023 429 378
3024 1430 1260
3025 1251 1332
3026 139 148
3027 572 504
3028 139 148
3029 1112 1184
3030 1001 882
3031 973 1036
3032 429 378
3033 429 378
3034 286 252
3035 143 126
3036 834 888
3037 695 740
3038 556 592
3039 695 740
3040 286 252
3041 556 592
3042 1287 1134
3043 1390 1480
3044 1390 1480
3045 1251 1332
3046 572 504
3047 1112 1184
3048 278 296
3049 715 630
3050 278 296
3051 556 592
3052 973 1036
3053 1001 882
3054 695 740
3055 1287 1134
3056 139 148
3057 1251 1332
3058 572 504
3059 858 756
3060 139 148
3061 143 126
3062 1112 1184
3063 695 740
3064 1390 1480
3065 286 252
3066 139 148
3067 1001 882
3068 858 756
3069 695 740
3070 1144 1008
3071 1390 1480
3072 1390 1480
3073 1287 1134
3074 834 888
3075 1287 1134
3076 417 444
3077 286 252
3078 973 1036
3079 278 296
3080 834 888
3081 1112 1184
3082 1112 1184
3083 429 378
3084 715 630
3085 139 148
3086 973 1036
3087 1390 1480
3088 858 756
3089 286 252
3090 1390 1480
3091 429 378
3092 1112 1184
3093 973 1036
3094 695 740
3095 429 378
3096 834 888
3097 695 740
3098 1430 1260
3099 1287 1134
3100 834 888
3101 572 504
3102 1390 1480
3103 556 592
3104 139 148
3105 143 126
3106 858 756
3107 1112 1184
3108 278 296
3109 556 592
3110 278 296
3111 973 1036
3112 1144 1008
3113 858 756
3114 286 252
3115 286 252
3116 417 444
3117 429 378
3118 1390 1480
3119 1430 1260
3120 286 252
3121 858 756
3122 1430 1260
3123 1001 882
3124 572 504
3125 858 756
3126 286 252
3127 1390 1480
3128 1430 1260
3129 1112 1184
3130 1112 1184
3131 143 126
3132 572 504
3133 1144 1008
3134 1112 1184
3135 286 252
3136 1287 1134
3137 1251 1332
3138 143 126
3139 139 148
3140 973 1036
3141 1144 1008
3142 1001 882
3143 1287 1134
3144 695 740
3145 1001 882
3146 858 756
3147 286 252
3148 143 126
3149 1001 882
3150 556 592
3151 1287 1134
3152 1144 1008
3153 278 296
3154 834 888
3155 1001 882
3156 278 296
3157 286 252
3158 143 126
3159 834 888
3160 1112 1184
3161 572 504
3162 572 504
3163 1001 882
3164 1287 1134
3165 429 378
3166 572 504
3167 1251 1332
3168 1287 1134
3169 139 148
3170 973 1036
3171 973 1036
3172 139 148
3173 1251 1332
3174 858 756
3175 572 504
3176 278 296
3177 278 296
3178 429 378
3179 143 126
3180 715 630
3181 1251 1332
3182 1112 1184
3183 973 1036
3184 1144 1008
3185 1390 1480
3186 1001 882
3187 1430 1260
3188 572 504
3189 1112 1184
3190 286 252
3191 278 296
3192 417 444
3193 139 148
3194 286 252
3195 1390 1480
3196 695 740
3197 556 592
3198 286 252
3199 834 888
3200 715 630
3201 1287 1134
3202 715 630
3203 1430 1260
3204 1144 1008
3205 973 1036
3206 1430 1260
3207 1001 882
3208 1001 882
3209 143 126
3210 286 252
3211 695 740
3212 1112 1184
3213 143 126
3214 1001 882
3215 278 296
3216 556 592
3217 858 756
3218 139 148
3219 143 126
3220 286 252
3221 1251 1332
3222 572 504
3223 286 252
3224 1112 1184
3225 429 378
3226 143 126
3227 973 1036
3228 1430 1260
3229 1430 1260
3230 143 126
3231 834 888
3232 834 888
3233 278 296
3234 1287 1134
3235 1287 1134
3236 1144 1008
3237 695 740
3238 139 148
3239 1251 1332
3240 973 1036
3241 143 126
3242 278 296
3243 278 296
3244 286 252
3245 1144 1008
3246 1001 882
3247 278 296
3248 556 592
3249 834 888
3250 556 592
3251 973 1036
3252 1251 1332
3253 1112 1184
3254 1287 1134
3255 858 756
3256 429 378
3257 139 148
3258 429 378
3259 286 252
3260 1430 1260
3261 139 148
3262 695 740
3263 1001 882
3264 715 630
3265 429 378
3266 139 148
3267 1144 1008
3268 1144 1008
3269 1430 1260
3270 973 1036
3271 834 888
3272 429 378
3273 429 378
3274 1144 1008
3275 715 630
3276 1112 1184
3277 278 296
3278 695 740
3279 139 148
3280 139 148
3281 1390 1480
3282 143 126
3283 834 888
3284 143 126
3285 1001 882
3286 417 444
3287 1001 882
3288 139 148
3289 1112 1184
3290 278 296
3291 1001 882
3292 139 148
3293 139 148
3294 834 888
3295 973 1036
3296 1430 1260
3297 1390 1480
3298 858 756
3299 286 252
3300 1430 1260
3301 1430 1260
3302 858 756
3303 417 444
3304 572 504
3305 1001 882
3306 1251 1332
3307 1144 1008
3308 1430 1260
3309 278 296
3310 429 378
3311 143 126
3312 1251 1332
3313 572 504
3314 1112 1184
3315 572 504
3316 1390 1480
3317 278 296
3318 1287 1134
3319 417 444
3320 973 1036
3321 572 504
3322 1144 1008
3323 417 444
3324 556 592
3325 1251 1332
3326 1144 1008
3327 572 504
3328 1287 1134
3329 695 740
3330 429 378
3331 715 630
3332 556 592
3333 143 126
3334 143 126
3335 1430 1260
3336 556 592
3337 429 378
3338 695 740
3339 695 740
3340 278 296
3341 143 126
3342 1287 1134
3343 695 740
3344 572 504
3345 1144 1008
3346 556 592
3347 1430 1260
3348 139 148
3349 1390 1480
3350 695 740
3351 139 148
3352 556 592
3353 715 630
3354 695 740
3355 278 296
3356 1144 1008
3357 278 296
3358 1251 1332
3359 1144 1008
3360 556 592
3361 715 630
3362 278 296
3363 278 296
3364 139 148
3365 695 740
3366 286 252
3367 417 444
3368 858 756
3369 1287 1134
3370 1287 1134
3371 143 126
3372 715 630
3373 1001 882
3374 834 888
3375 143 126
3376 715 630
3377 973 1036
3378 429 378
3379 278 296
3380 286 252
3381 715 630
3382 858 756
3383 278 296
3384 1144 1008
3385 286 252
3386 286 252
3387 556 592
3388 143 126
3389 572 504
3390 1144 1008
3391 858 756
3392 417 444
3393 556 592
3394 139 148
3395 1390 1480
3396 1287 1134
3397 286 252
3398 1390 1480
3399 139 148
3400 143 126
3401 834 888
3402 556 592
3403 417 444
3404 973 1036
3405 556 592
3406 1390 1480
3407 286 252
3408 139 148
3409 556 592
3410 1251 1332
3411 1430 1260
3412 1001 882
3413 278 296
3414 429 378
3415 278 296
3416 572 504
3417 143 126
3418 715 630
3419 278 296
3420 695 740
3421 834 888
3422 973 1036
3423 1390 1480
3424 858 756
3425 1430 1260
3426 695 740
3427 1390 1480
3428 1144 1008
3429 1390 1480
3430 1112 1184
3431 556 592
3432 1287 1134
3433 973 1036
3434 556 592
3435 1430 1260
3436 572 504
3437 139 148
3438 278 296
3439 1144 1008
3440 1287 1134
3441 834 888
3442 695 740
3443 695 740
3444 556 592
3445 1144 1008
3446 556 592
3447 858 756
3448 417 444
3449 429 378
3450 1287 1134
3451 834 888
3452 1390 1480
3453 429 378
3454 834 888
3455 1001 882
3456 417 444
3457 1112 1184
3458 858 756
3459 1001 882
3460 139 148
3461 572 504
3462 1430 1260
3463 715 630
3464 1287 1134
3465 1144 1008
3466 715 630
3467 139 148
3468 1112 1184
3469 143 126
3470 1287 1134
3471 834 888
3472 286 252
3473 278 296
3474 715 630
3475 143 126
3476 1112 1184
3477 143 126
3478 417 444
3479 143 126
3480 1287 1134
3481 286 252
3482 143 126
3483 715 630
3484 1112 1184
3485 1001 882
3486 695 740
3487 139 148
3488 278 296
3489 1287 1134
3490 1144 1008
3491 572 504
3492 556 592
3493 278 296
3494 834 888
3495 572 504
3496 1001 882
3497 417 444
3498 286 252
3499 1001 882
3500 1144 1008
3501 858 756
3502 572 504
3503 1430 1260
3504 1430 1260
3505 973 1036
3506 286 252
3507 695 740
3508 715 630
3509 858 756
3510 973 1036
3511 695 740
3512 973 1036
3513 1390 1480
3514 1112 1184
3515 973 1036
3516 286 252
3517 1287 1134
3518 1112 1184
3519 1251 1332
3520 139 148
3521 695 740
3522 1112 1184
3523 278 296
3524 143 126
3525 417 444
3526 695 740
3527 429 378
3528 556 592
3529 286 252
3530 143 126
3531 143 126
3532 1112 1184
3533 973 1036
3534 556 592
3535 715 630
3536 973 1036
3537 715 630
3538 572 504
3539 858 756
3540 1001 882
3541 429 378
3542 1144 1008
3543 1144 1008
3544 715 630
3545 278 296
3546 429 378
3547 143 126
3548 1144 1008
3549 715 630
3550 139 148
3551 417 444
3552 834 888
3553 556 592
3554 858 756
3555 429 378
3556 572 504
3557 1144 1008
3558 1287 1134
3559 278 296
3560 1287 1134
3561 834 888
3562 973 1036
3563 1390 1480
3564 278 296
3565 695 740
3566 715 630
3567 834 888
3568 1430 1260
3569 1001 882
3570 1112 1184
3571 1001 882
3572 973 1036
3573 695 740
3574 1144 1008
3575 834 888
3576 278 296
3577 1144 1008
3578 1112 1184
3579 143 126
3580 858 756
3581 139 148
3582 858 756
3583 143 126
3584 143 126
3585 1287 1134
3586 429 378
3587 1251 1332
3588 1112 1184
3589 429 378
3590 1430 1260
3591 1287 1134
3592 715 630
3593 858 756
3594 973 1036
3595 417 444
3596 1001 882
3597 858 756
3598 1390 1480
3599 429 378
3600 1144 1008
3601 973 1036
3602 139 148
3603 834 888
3604 1251 1332
3605 715 630
3606 695 740
3607 715 630
3608 834 888
3609 139 148
3610 286 252
3611 556 592
3612 1251 1332
3613 1001 882
3614 556 592
3615 695 740
3616 1112 1184
3617 278 296
3618 429 378
3619 143 126
3620 1390 1480
3621 715 630
3622 834 888
3623 1144 1008
3624 1287 1134
3625 858 756
3626 417 444
3627 1144 1008
3628 1251 1332
3629 834 888
3630 143 126
3631 572 504
3632 1430 1260
3633 1001 882
3634 715 630
3635 973 1036
3636 1001 882
3637 429 378
3638 429 378
3639 286 252
3640 143 126
3641 1144 1008
3642 1144 1008
3643 1251 1332
3644 973 1036
3645 1287 1134
3646 429 378
3647 1287 1134
3648 278 296
3649 1001 882
3650 143 126
3651 695 740
3652 715 630
3653 278 296
3654 1287 1134
3655 834 888
3656 1287 1134
3657 572 504
3658 834 888
3659 858 756
3660 858 756
3661 572 504
3662 1430 1260
3663 1287 1134
3664 973 1036
3665 278 296
3666 139 148
3667 715 630
3668 286 252
3669 695 740
3670 1430 1260
3671 858 756
3672 715 630
3673 139 148
3674 1287 1134
3675 417 444
3676 1251 1332
3677 1251 1332
3678 417 444
3679 715 630
3680 715 630
3681 139 148
3682 286 252
3683 1287 1134
3684 1287 1134
3685 556 592
3686 1001 882
3687 1001 882
3688 715 630
3689 417 444
3690 429 378
3691 695 740
3692 1287 1134
3693 1251 1332
3694 139 148
3695 556 592
3696 973 1036
3697 858 756
3698 556 592
3699 1287 1134
3700 1144 1008
3701 1144 1008
3702 1390 1480
3703 429 378
3704 1287 1134
3705 1112 1184
3706 286 252
3707 139 148
3708 695 740
3709 834 888
3710 1001 882
3711 429 378
3712 143 126
3713 139 148
3714 834 888
3715 556 592
3716 715 630
3717 695 740
3718 139 148
3719 858 756
3720 1112 1184
3721 1112 1184
3722 973 1036
3723 858 756
3724 1390 1480
3725 139 148
3726 278 296
3727 695 740
3728 1287 1134
3729 572 504
3730 143 126
3731 1430 1260
3732 429 378
3733 715 630
3734 834 888
3735 572 504
3736 1390 1480
3737 715 630
3738 973 1036
3739 1430 1260
3740 973 1036
3741 429 378
3742 429 378
3743 417 444
3744 143 126
3745 143 126
3746 858 756
3747 1144 1008
3748 1430 1260
3749 429 378
3750 1251 1332
3751 429 378
3752 556 592
3753 139 148
3754 143 126
3755 1251 1332
3756 695 740
3757 417 444
3758 858 756
3759 1390 1480
3760 556 592
3761 556 592
3762 417 444
3763 429 378
3764 1390 1480
3765 1390 1480
3766 286 252
3767 286 252
3768 143 126
3769 1001 882
3770 715 630
3771 139 148
3772 1390 1480
3773 1390 1480
3774 417 444
3775 1287 1134
3776 1112 1184
3777 1287 1134
3778 429 378
3779 572 504
3780 1390 1480
3781 556 592
3782 417 444
3783 1112 1184
3784 139 148
3785 1430 1260
3786 278 296
3787 1001 882
3788 143 126
3789 1430 1260
3790 715 630
3791 858 756
3792 1430 1260
3793 1390 1480
3794 139 148
3795 1287 1134
3796 1251 1332
3797 143 126
3798 1112 1184
3799 417 444
3800 1430 1260
3801 715 630
3802 695 740
3803 417 444
3804 858 756
3805 1287 1134
3806 1287 1134
3807 973 1036
3808 572 504
3809 556 592
3810 556 592
3811 1251 1332
3812 429 378
3813 1251 1332
3814 556 592
3815 834 888
3816 139 148
3817 715 630
3818 417 444
3819 572 504
3820 1112 1184
3821 286 252
3822 695 740
3823 278 296
3824 572 504
3825 1251 1332
3826 143 126
3827 143 126
3828 1112 1184
3829 1287 1134
3830 1251 1332
3831 572 504
3832 1287 1134
3833 1287 1134
3834 1430 1260
3835 695 740
3836 715 630
3837 834 888
3838 429 378
3839 695 740
3840 1144 1008
3841 572 504
3842 278 296
3843 556 592
3844 834 888
3845 715 630
3846 695 740
3847 417 444
3848 143 126
3849 417 444
3850 834 888
3851 1430 1260
3852 1112 1184
3853 139 148
3854 1430 1260
3855 278 296
3856 695 740
3857 834 888
3858 1112 1184
3859 1287 1134
3860 417 444
3861 1251 1332
3862 572 504
3863 695 740
3864 695 740
3865 1287 1134
3866 429 378
3867 139 148
3868 1001 882
3869 973 1036
3870 1287 1134
3871 1430 1260
3872 695 740
3873 556 592
3874 286 252
3875 1251 1332
3876 1390 1480
3877 973 1036
3878 572 504
3879 286 252
3880 1144 1008
3881 143 126
3882 556 592
3883 1144 1008
3884 429 378
3885 1390 1480
3886 1390 1480
3887 695 740
3888 1001 882
3889 695 740
3890 1430 1260
3891 715 630
3892 695 740
3893 572 504
3894 143 126
3895 1287 1134
3896 286 252
3897 834 888
3898 286 252
3899 1430 1260
3900 1430 1260
3901 1112 1184
3902 1251 1332
3903 572 504
3904 834 888
3905 715 630
3906 973 1036
3907 1144 1008
3908 417 444
3909 1287 1134
3910 556 592
3911 834 888
3912 429 378
3913 1251 1332
3914 1430 1260
3915 417 444
3916 286 252
3917 556 592
3918 1430 1260
3919 1112 1184
3920 1251 1332
3921 286 252
3922 417 444
3923 858 756
3924 1112 1184
3925 858 756
3926 695 740
3927 286 252
3928 1430 1260
3929 1112 1184
3930 572 504
3931 858 756
3932 429 378
3933 286 252
3934 1144 1008
3935 556 592
3936 1112 1184
3937 572 504
3938 139 148
3939 572 504
3940 1251 1332
3941 715 630
3942 1287 1134
3943 417 444
3944 1112 1184
3945 715 630
3946 834 888
3947 1390 1480
3948 1287 1134
3949 973 1036
3950 278 296
3951 143 126
3952 278 296
3953 858 756
3954 1287 1134
3955 556 592
3956 858 756
3957 139 148
3958 1430 1260
3959 1251 1332
3960 973 1036
3961 715 630
3962 1144 1008
3963 1390 1480
3964 1251 1332
3965 695 740
3966 278 296
3967 834 888
3968 143 126
3969 278 296
3970 1251 1332
3971 1430 1260
3972 1112 1184
3973 715 630
3974 417 444
3975 1251 1332
3976 286 252
3977 1390 1480
3978 143 126
3979 572 504
3980 834 888
3981 286 252
3982 278 296
3983 973 1036
3984 278 296
3985 417 444
3986 695 740
3987 278 296
3988 278 296
3989 715 630
3990 572 504
3991 572 504
3992 1287 1134
3993 834 888
3994 139 148
3995 1390 1480
3996 973 1036
3997 1430 1260
3998 429 378
3999 973 1036
4000 695 740
4001 556 592
4002 572 504
4003 143 126
4004 278 296
4005 1430 1260
4006 556 592
4007 1144 1008
4008 286 252
4009 1287 1134
4010 973 1036
4011 834 888
4012 834 888
4013 858 756
4014 278 296
4015 1390 1480
4016 286 252
4017 834 888
4018 572 504
4019 1430 1260
4020 1144 1008
4021 572 504
4022 1112 1184
4023 429 378
4024 278 296
4025 834 888
4026 1144 1008
4027 139 148
4028 1251 1332
4029 1390 1480
4030 143 126
4031 1251 1332
4032 1001 882
4033 1251 1332
4034 1144 1008
4035 278 296
4036 139 148
4037 417 444
4038 429 378
4039 1287 1134
4040 1144 1008
4041 572 504
4042 1112 1184
4043 1287 1134
4044 1287 1134
4045 143 126
4046 1390 1480
4047 1112 1184
4048 973 1036
4049 973 1036
4050 429 378
4051 695 740
4052 278 296
4053 1144 1008
4054 834 888
4055 278 296
4056 1112 1184
4057 1251 1332
4058 1390 1480
4059 1112 1184
4060 417 444
4061 417 444
4062 572 504
4063 858 756
4064 858 756
4065 278 296
4066 278 296
4067 973 1036
4068 1251 1332
4069 1001 882
4070 278 296
4071 1251 1332
4072 417 444
4073 695 740
4074 139 148
4075 715 630
4076 1287 1134
4077 417 444
4078 1287 1134
4079 973 1036
4080 973 1036
4081 1112 1184
4082 429 378
4083 715 630
4084 1251 1332
4085 1390 1480
4086 1390 1480
4087 429 378
4088 715 630
4089 1001 882
4090 973 1036
4091 858 756
4092 695 740
4093 286 252
4094 429 378
4095 1112 1184
4096 1251 1332
4097 556 592
4098 1112 1184
4099 1112 1184
4100 1251 1332
4101 143 126
4102 1251 1332
4103 417 444
4104 858 756
4105 1390 1480
4106 417 444
4107 858 756
4108 429 378
4109 695 740
4110 429 378
4111 429 378
4112 973 1036
4113 1112 1184
4114 1001 882
4115 1001 882
4116 973 1036
4117 278 296
4118 286 252
4119 1144 1008
4120 139 148
4121 1251 1332
4122 1390 1480
4123 139 148
4124 286 252
4125 1430 1260
4126 286 252
4127 1287 1134
4128 143 126
4129 143 126
4130 556 592
4131 286 252
4132 695 740
4133 139 148
4134 1112 1184
4135 1112 1184
4136 143 126
4137 1390 1480
4138 572 504
4139 1001 882
4140 143 126
4141 278 296
4142 1112 1184
4143 1112 1184
4144 834 888
4145 1144 1008
4146 858 756
4147 278 296
4148 1112 1184
4149 715 630
4150 286 252
4151 1287 1134
4152 286 252
4153 139 148
4154 1390 1480
4155 139 148
4156 429 378
4157 417 444
4158 1001 882
4159 1287 1134
4160 556 592
4161 858 756
4162 1001 882
4163 1430 1260
4164 1112 1184
4165 715 630
4166 1287 1134
4167 834 888
4168 1287 1134
4169 858 756
4170 278 296
4171 1287 1134
4172 139 148
4173 858 756
4174 572 504
4175 1390 1480
4176 556 592
4177 572 504
4178 1390 1480
4179 1251 1332
4180 1287 1134
4181 556 592
4182 1112 1184
4183 973 1036
4184 834 888
4185 1390 1480
4186 429 378
4187 139 148
4188 715 630
4189 429 378
4190 1390 1480
4191 1390 1480
4192 417 444
4193 695 740
4194 1112 1184
4195 973 1036
4196 1144 1008
4197 715 630
4198 695 740
4199 715 630
4200 417 444
4201 572 504
4202 429 378
4203 417 444
4204 278 296
4205 1251 1332
4206 695 740
4207 1251 1332
4208 1144 1008
4209 556 592
4210 572 504
4211 429 378
4212 834 888
4213 139 148
4214 1430 1260
4215 858 756
4216 973 1036
4217 139 148
4218 429 378
4219 278 296
4220 1144 1008
4221 1001 882
4222 1287 1134
4223 1390 1480
4224 1251 1332
4225 1390 1480
4226 139 148
4227 429 378
4228 1251 1332
4229 834 888
4230 278 296
4231 973 1036
4232 1001 882
4233 286 252
4234 556 592
4235 139 148
4236 1390 1480
4237 572 504
4238 834 888
4239 1251 1332
4240 143 126
4241 1287 1134
4242 143 126
4243 417 444
4244 143 126
4245 1390 1480
4246 695 740
4247 143 126
4248 1287 1134
4249 973 1036
4250 139 148
4251 715 630
4252 1112 1184
4253 572 504
4254 1112 1184
4255 1251 1332
4256 572 504
4257 1390 1480
4258 1390 1480
4259 429 378
4260 429 378
4261 143 126
4262 556 592
4263 973 1036
4264 286 252
4265 139 148
4266 834 888
4267 286 252
4268 417 444
4269 1430 1260
4270 834 888
4271 1144 1008
4272 139 148
4273 973 1036
4274 1390 1480
4275 286 252
4276 715 630
4277 834 888
4278 429 378
4279 1112 1184
4280 572 504
4281 139 148
4282 973 1036
4283 143 126
4284 417 444
4285 1430 1260
4286 1144 1008
4287 715 630
4288 556 592
4289 278 296
4290 143 126
4291 1390 1480
4292 1430 1260
4293 143 126
4294 715 630
4295 139 148
4296 973 1036
4297 429 378
4298 973 1036
4299 1001 882
4300 1112 1184
4301 286 252
4302 1251 1332
4303 1144 1008
4304 1287 1134
4305 143 126
4306 834 888
4307 143 126
4308 1112 1184
4309 1144 1008
4310 858 756
4311 429 378
4312 1287 1134
4313 1390 1480
4314 1144 1008
4315 278 296
4316 286 252
4317 1251 1332
4318 429 378
4319 286 252
4320 834 888
4321 556 592
4322 695 740
4323 429 378
4324 1251 1332
4325 556 592
4326 143 126
4327 1144 1008
4328 429 378
4329 1112 1184
4330 417 444
4331 973 1036
4332 139 148
4333 1144 1008
4334 1390 1480
4335 1251 1332
4336 556 592
4337 143 126
4338 139 148
4339 1251 1332
4340 572 504
4341 417 444
4342 286 252
4343 429 378
4344 1390 1480
4345 1287 1134
4346 1001 882
4347 1144 1008
4348 1287 1134
4349 286 252
4350 715 630
4351 572 504
4352 834 888
4353 1144 1008
4354 429 378
4355 286 252
4356 417 444
4357 1430 1260
4358 286 252
4359 572 504
4360 858 756
4361 1430 1260
4362 139 148
4363 1390 1480
4364 834 888
4365 556 592
4366 278 296
4367 139 148
4368 139 148
4369 973 1036
4370 572 504
4371 1112 1184
4372 1112 1184
4373 1287 1134
4374 1144 1008
4375 834 888
4376 973 1036
4377 1287 1134
4378 715 630
4379 278 296
4380 1390 1480
4381 556 592
4382 1287 1134
4383 695 740
4384 858 756
4385 1001 882
4386 429 378
4387 1251 1332
4388 858 756
4389 715 630
4390 278 296
4391 858 756
4392 1144 1008
4393 1251 1332
4394 143 126
4395 556 592
4396 278 296
4397 715 630
4398 429 378
4399 1144 1008
4400 417 444
4401 1390 1480
4402 1144 1008
4403 695 740
4404 1112 1184
4405 286 252
4406 572 504
4407 143 126
4408 1287 1134
4409 417 444
4410 973 1036
4411 695 740
4412 1112 1184
4413 1251 1332
4414 286 252
4415 572 504
4416 556 592
4417 695 740
4418 1287 1134
4419 715 630
4420 1112 1184
4421 417 444
4422 1144 1008
4423 834 888
4424 1001 882
4425 695 740
4426 973 1036
4427 278 296
4428 695 740
4429 278 296
4430 278 296
4431 417 444
4432 1430 1260
4433 1430 1260
4434 572 504
4435 1112 1184
4436 1144 1008
4437 715 630
4438 556 592
4439 139 148
4440 695 740
4441 143 126
4442 1251 1332
4443 556 592
4444 715 630
4445 278 296
4446 1430 1260
4447 715 630
4448 1144 1008
4449 858 756
4450 429 378
4451 417 444
4452 429 378
4453 572 504
4454 1144 1008
4455 834 888
4456 1112 1184
4457 858 756
4458 858 756
4459 973 1036
4460 139 148
4461 973 1036
4462 1144 1008
4463 286 252
4464 1144 1008
4465 278 296
4466 143 126
4467 1390 1480
4468 1430 1260
4469 973 1036
4470 1112 1184
4471 858 756
4472 429 378
4473 278 296
4474 286 252
4475 1251 1332
4476 429 378
4477 1112 1184
4478 834 888
4479 143 126
4480 556 592
4481 417 444
4482 286 252
4483 278 296
4484 1001 882
4485 143 126
4486 858 756
4487 1390 1480
4488 417 444
4489 286 252
4490 1430 1260
4491 278 296
4492 556 592
4493 1112 1184
4494 139 148
4495 286 252
4496 1112 1184
4497 695 740
4498 1251 1332
4499 973 1036
4500 973 1036
4501 278 296
4502 1430 1260
4503 858 756
4504 1112 1184
4505 1112 1184
4506 1001 882
4507 973 1036
4508 139 148
4509 429 378
4510 572 504
4511 429 378
4512 278 296
4513 1001 882
4514 1251 1332
4515 1287 1134
4516 139 148
4517 1390 1480
4518 973 1036
4519 1390 1480
4520 278 296
4521 1287 1134
4522 858 756
4523 278 296
4524 1390 1480
4525 139 148
4526 715 630
4527 1144 1008
4528 143 126
4529 695 740
4530 715 630
4531 556 592
4532 973 1036
4533 1430 1260
4534 973 1036
4535 143 126
4536 417 444
4537 715 630
4538 278 296
4539 1430 1260
4540 1287 1134
4541 1251 1332
4542 139 148
4543 1251 1332
4544 572 504
4545 572 504
4546 572 504
4547 715 630
4548 1112 1184
4549 1144 1008
4550 858 756
4551 572 504
4552 1430 1260
4553 429 378
4554 286 252
4555 143 126
4556 1112 1184
4557 1430 1260
4558 286 252
4559 572 504
4560 1430 1260
4561 278 296
4562 1390 1480
4563 1251 1332
4564 858 756
4565 1251 1332
4566 139 148
4567 1287 1134
4568 1287 1134
4569 858 756
4570 1112 1184
4571 1144 1008
4572 715 630
4573 429 378
4574 1287 1134
4575 1144 1008
4576 572 504
4577 834 888
4578 429 378
4579 143 126
4580 556 592
4581 1144 1008
4582 715 630
4583 572 504
4584 556 592
4585 858 756
4586 139 148
4587 1001 882
4588 429 378
4589 973 1036
4590 1430 1260
4591 1251 1332
4592 1430 1260
4593 858 756
4594 1001 882
4595 417 444
4596 715 630
4597 1287 1134
4598 1001 882
4599 1430 1260
4600 1251 1332
4601 572 504
4602 139 148
4603 1390 1480
4604 556 592
4605 1144 1008
4606 715 630
4607 143 126
4608 1251 1332
4609 834 888
4610 417 444
4611 1287 1134
4612 278 296
4613 572 504
4614 695 740
4615 1390 1480
4616 139 148
4617 1001 882
4618 278 296
4619 139 148
4620 715 630
4621 715 630
4622 572 504
4623 858 756
4624 695 740
4625 556 592
4626 429 378
4627 572 504
4628 278 296
4629 1112 1184
4630 1144 1008
4631 286 252
4632 1001 882
4633 143 126
4634 556 592
4635 556 592
4636 1430 1260
4637 286 252
4638 834 888
4639 1144 1008
4640 1144 1008
4641 858 756
4642 556 592
4643 715 630
4644 715 630
4645 715 630
4646 858 756
4647 1144 1008
4648 1144 1008
4649 1390 1480
4650 429 378
4651 556 592
4652 1430 1260
4653 429 378
4654 858 756
4655 429 378
4656 556 592
4657 1144 1008
4658 1001 882
4659 1001 882
4660 973 1036
4661 429 378
4662 715 630
4663 695 740
4664 417 444
4665 429 378
4666 143 126
4667 286 252
4668 429 378
4669 1144 1008
4670 834 888
4671 1001 882
4672 973 1036
4673 556 592
4674 695 740
4675 572 504
4676 572 504
4677 417 444
4678 695 740
4679 278 296
4680 139 148
4681 1001 882
4682 715 630
4683 143 126
4684 858 756
4685 1144 1008
4686 1390 1480
4687 286 252
4688 572 504
4689 973 1036
4690 143 126
4691 1251 1332
4692 1251 1332
4693 143 126
4694 695 740
4695 1001 882
4696 556 592
4697 1287 1134
4698 278 296
4699 1287 1134
4700 139 148
4701 417 444
4702 1251 1332
4703 278 296
4704 143 126
4705 695 740
4706 1251 1332
4707 572 504
4708 695 740
4709 286 252
4710 286 252
4711 1144 1008
4712 1144 1008
4713 1001 882
4714 834 888
4715 572 504
4716 1251 1332
4717 1390 1480
4718 858 756
4719 139 148
4720 695 740
4721 1144 1008
4722 1112 1184
4723 429 378
4724 1112 1184
4725 286 252
4726 278 296
4727 695 740
4728 858 756
4729 715 630
4730 1144 1008
4731 278 296
4732 1144 1008
4733 715 630
4734 858 756
4735 1001 882
4736 286 252
4737 556 592
4738 1144 1008
4739 1430 1260
4740 1112 1184
4741 278 296
4742 286 252
4743 572 504
4744 1430 1260
4745 1251 1332
4746 834 888
4747 858 756
4748 834 888
4749 417 444
4750 695 740
4751 1430 1260
4752 139 148
4753 1112 1184
4754 695 740
4755 286 252
4756 858 756
4757 556 592
4758 1287 1134
4759 572 504
4760 143 126
4761 1390 1480
4762 1287 1134
4763 1144 1008
4764 1251 1332
4765 1430 1260
4766 1430 1260
4767 286 252
4768 143 126
4769 417 444
4770 973 1036
4771 278 296
4772 1251 1332
4773 139 148
4774 1144 1008
4775 1287 1134
4776 572 504
4777 1001 882
4778 139 148
4779 143 126
4780 1390 1480
4781 715 630
4782 715 630
4783 834 888
4784 417 444
4785 278 296
4786 417 444
4787 139 148
4788 286 252
4789 1251 1332
4790 286 252
4791 278 296
4792 143 126
4793 1430 1260
4794 1144 1008
4795 1112 1184
4796 429 378
4797 429 378
4798 1251 1332
4799 1287 1134
4800 417 444
4801 278 296
4802 143 126
4803 139 148
4804 695 740
4805 695 740
4806 858 756
4807 1001 882
4808 139 148
4809 1001 882
4810 1287 1134
4811 858 756
4812 1430 1260
4813 429 378
4814 139 148
4815 556 592
4816 973 1036
4817 1251 1332
4818 1001 882
4819 1001 882
4820 1144 1008
4821 695 740
4822 1287 1134
4823 556 592
4824 417 444
4825 715 630
4826 715 630
4827 858 756
4828 1390 1480
4829 1287 1134
4830 1144 1008
4831 973 1036
4832 1430 1260
4833 1390 1480
4834 143 126
4835 139 148
4836 858 756
4837 139 148
4838 572 504
4839 1287 1134
4840 1390 1480
4841 973 1036
4842 695 740
4843 139 148
4844 286 252
4845 858 756
4846 1390 1480
4847 1112 1184
4848 1001 882
4849 139 148
4850 143 126
4851 278 296
4852 858 756
4853 1430 1260
4854 1390 1480
4855 1390 1480
4856 1144 1008
4857 1430 1260
4858 572 504
4859 286 252
4860 572 504
4861 1430 1260
4862 1001 882
4863 429 378
4864 429 378
4865 1001 882
4866 1390 1480
4867 143 126
4868 834 888
4869 858 756
4870 973 1036
4871 695 740
4872 1251 1332
4873 556 592
4874 715 630
4875 1287 1134
4876 556 592
4877 1001 882
4878 139 148
4879 143 126
4880 429 378
4881 572 504
4882 556 592
4883 1001 882
4884 834 888
4885 429 378
4886 695 740
4887 1112 1184
4888 429 378
4889 695 740
4890 278 296
4891 139 148
4892 417 444
4893 695 740
4894 973 1036
4895 695 740
4896 715 630
4897 1390 1480
4898 715 630
4899 1390 1480
4900 286 252
4901 417 444
4902 417 444
4903 834 888
4904 143 126
4905 695 740
4906 278 296
4907 139 148
4908 834 888
4909 1144 1008
4910 139 148
4911 556 592
4912 417 444
4913 139 148
4914 1287 1134
4915 572 504
4916 429 378
4917 858 756
4918 429 378
4919 417 444
4920 834 888
4921 429 378
4922 715 630
4923 695 740
4924 1144 1008
4925 715 630
4926 834 888
4927 858 756
4928 1251 1332
4929 1112 1184
4930 1287 1134
4931 1287 1134
4932 286 252
4933 286 252
4934 429 378
4935 1390 1480
4936 1251 1332
4937 1112 1184
4938 429 378
4939 556 592
4940 715 630
4941 1251 1332
4942 1112 1184
4943 1001 882
4944 1287 1134
4945 973 1036
4946 143 126
4947 278 296
4948 695 740
4949 556 592
4950 858 756
4951 1001 882
4952 834 888
4953 429 378
4954 834 888
4955 858 756
4956 973 1036
4957 1430 1260
4958 973 1036
4959 1112 1184
4960 858 756
4961 1430 1260
4962 1390 1480
4963 139 148
4964 858 756
4965 1001 882
4966 556 592
4967 286 252
4968 715 630
4969 1251 1332
4970 1287 1134
4971 1001 882
4972 286 252
4973 572 504
4974 715 630
4975 429 378
4976 695 740
4977 286 252
4978 973 1036
4979 278 296
4980 858 756
4981 1144 1008
4982 1144 1008
4983 429 378
4984 1390 1480
4985 556 592
4986 1001 882
4987 429 378
4988 1430 1260
4989 858 756
4990 973 1036
4991 556 592
4992 834 888
4993 429 378
4994 973 1036
4995 143 126
4996 715 630
4997 429 378
4998 695 740
4999 1001 882
5000 1390 1480
