1000 310164 14_1000_1000_2262
1 960 760
2 625 425
3 466 266
4 414 214
5 372 172
6 987 787
7 268 68
8 526 326
9 633 433
10 469 269
11 1177 977
12 957 757
13 549 349
14 292 92
15 497 297
16 486 286
17 1284 984
18 316 116
19 1189 989
20 744 444
21 864 564
22 1145 945
23 814 614
24 990 690
25 355 155
26 713 513
27 970 770
28 1086 786
29 672 372
30 707 507
31 1135 935
32 970 770
33 670 470
34 777 577
35 582 382
36 1127 927
37 859 659
38 553 353
39 233 33
40 742 542
41 930 630
42 808 608
43 912 612
44 973 773
45 597 397
46 941 741
47 991 791
48 503 303
49 695 495
50 228 28
51 977 777
52 1077 877
53 605 405
54 767 567
55 330 30
56 552 252
57 253 53
58 726 526
59 1038 738
60 901 701
61 702 402
62 232 32
63 756 556
64 792 592
65 1005 805
66 911 711
67 595 395
68 1164 864
69 1167 967
70 900 600
71 291 91
72 257 57
73 275 75
74 780 480
75 225 25
76 1044 844
77 784 584
78 895 695
79 234 34
80 250 50
81 413 213
82 864 664
83 888 688
84 852 652
85 315 115
86 863 663
87 556 356
88 769 569
89 214 14
90 881 681
91 948 748
92 1020 720
93 340 140
94 1031 831
95 1050 750
96 361 161
97 651 451
98 418 218
99 947 747
100 447 247
101 1191 991
102 544 344
103 909 709
104 528 328
105 657 457
106 653 453
107 816 616
108 667 467
109 996 696
110 1147 947
111 708 508
112 324 24
113 204 4
114 322 122
115 588 288
116 1195 995
117 493 293
118 1167 967
119 564 264
120 529 329
121 976 776
122 609 409
123 840 640
124 273 73
125 570 370
126 599 399
127 815 615
128 1272 972
129 642 442
130 835 635
131 605 405
132 661 461
133 1086 786
134 937 737
135 552 252
136 202 2
137 1183 983
138 516 216
139 425 225
140 888 688
141 768 468
142 487 287
143 528 228
144 1254 954
145 1278 978
146 329 129
147 811 611
148 241 41
149 323 123
150 337 137
151 491 291
152 429 229
153 802 602
154 910 710
155 1055 855
156 858 658
157 556 356
158 239 39
159 982 782
160 1131 931
161 1129 929
162 496 296
163 1200 1000
164 1195 995
165 939 739
166 891 691
167 1081 881
168 402 102
169 268 68
170 575 375
171 1085 885
172 972 772
173 276 76
174 528 228
175 265 65
176 1198 998
177 705 505
178 1188 988
179 424 224
180 1143 943
181 325 125
182 420 220
183 1027 827
184 459 259
185 571 371
186 1072 872
187 543 343
188 1230 930
189 634 434
190 385 185
191 931 731
192 982 782
193 1200 1000
194 1162 962
195 1122 822
196 312 112
197 911 711
198 246 46
199 365 165
200 678 478
201 942 642
202 540 340
203 486 186
204 808 608
205 1032 832
206 867 667
207 829 629
208 430 230
209 904 704
210 621 421
211 991 791
212 1083 883
213 427 227
214 775 575
215 690 490
216 1053 853
217 1005 805
218 1191 991
219 594 394
220 897 697
221 816 516
222 477 277
223 1198 998
224 763 563
225 423 223
226 1146 946
227 454 254
228 580 380
229 1183 983
230 1147 947
231 330 30
232 489 289
233 420 120
234 594 294
235 1158 858
236 747 547
237 233 33
238 827 627
239 312 112
240 393 193
241 479 279
242 291 91
243 816 616
244 966 766
245 810 510
246 372 172
247 430 230
248 545 345
249 631 431
250 772 572
251 270 70
252 336 136
253 342 42
254 697 497
255 807 607
256 1067 867
257 598 398
258 406 206
259 905 705
260 847 647
261 539 339
262 496 296
263 406 206
264 636 336
265 975 775
266 1157 957
267 720 420
268 837 637
269 733 533
270 1059 859
271 544 344
272 223 23
273 1038 838
274 767 567
275 876 676
276 905 705
277 540 340
278 587 387
279 433 233
280 1089 889
281 1018 818
282 1069 869
283 1005 805
284 605 405
285 213 13
286 1086 886
287 598 398
288 967 767
289 1069 869
290 504 304
291 477 277
292 705 505
293 324 124
294 807 607
295 604 404
296 273 73
297 381 181
298 233 33
299 727 527
300 781 581
301 1030 830
302 797 597
303 262 62
304 976 776
305 510 310
306 223 23
307 297 97
308 787 587
309 1087 887
310 1014 714
311 1206 906
312 700 500
313 324 124
314 868 668
315 666 366
316 1098 898
317 1075 875
318 805 605
319 948 748
320 501 301
321 652 452
322 223 23
323 611 411
324 402 202
325 1001 801
326 479 279
327 432 232
328 317 117
329 1075 875
330 234 34
331 541 341
332 406 206
333 1194 994
334 936 736
335 451 251
336 672 372
337 821 621
338 1173 973
339 456 256
340 984 684
341 1093 893
342 750 450
343 393 193
344 1038 738
345 1119 919
346 647 447
347 233 33
348 413 213
349 978 678
350 816 516
351 399 199
352 375 175
353 1224 924
354 1107 907
355 1032 732
356 963 763
357 1089 889
358 528 328
359 798 498
360 637 437
361 870 570
362 976 776
363 413 213
364 1085 885
365 947 747
366 317 117
367 725 525
368 1003 803
369 1197 997
370 455 255
371 438 138
372 244 44
373 216 16
374 780 580
375 646 446
376 835 635
377 937 737
378 636 336
379 1126 926
380 600 400
381 221 21
382 1125 925
383 729 529
384 324 124
385 324 124
386 388 188
387 823 623
388 330 130
389 1198 998
390 282 82
391 654 354
392 1120 920
393 833 633
394 1060 860
395 1024 824
396 1035 835
397 1008 808
398 774 474
399 390 190
400 454 254
401 1068 868
402 735 535
403 1102 902
404 883 683
405 807 607
406 478 278
407 1158 858
408 695 495
409 388 188
410 654 454
411 714 414
412 898 698
413 1092 792
414 887 687
415 697 497
416 1032 732
417 819 619
418 867 667
419 1044 844
420 665 465
421 1135 935
422 989 789
423 976 776
424 405 205
425 327 127
426 244 44
427 244 44
428 625 425
429 289 89
430 900 600
431 221 21
432 923 723
433 844 644
434 964 764
435 720 420
436 889 689
437 990 690
438 826 626
439 1115 915
440 1198 998
441 1183 983
442 889 689
443 1167 967
444 1099 899
445 903 703
446 1026 826
447 879 679
448 1175 975
449 427 227
450 606 406
451 426 226
452 663 463
453 864 564
454 745 545
455 973 773
456 618 318
457 670 470
458 810 610
459 1043 843
460 1077 877
461 238 38
462 1068 768
463 630 330
464 624 324
465 940 740
466 462 262
467 924 724
468 846 646
469 1122 922
470 783 583
471 802 602
472 433 233
473 658 458
474 1066 866
475 243 43
476 875 675
477 882 682
478 910 710
479 355 155
480 1174 974
481 459 259
482 583 383
483 528 228
484 732 532
485 294 94
486 463 263
487 352 152
488 930 730
489 845 645
490 349 149
491 227 27
492 369 169
493 336 136
494 617 417
495 773 573
496 744 544
497 372 172
498 1093 893
499 906 606
500 467 267
501 829 629
502 1133 933
503 232 32
504 1063 863
505 1093 893
506 839 639
507 312 112
508 258 58
509 250 50
510 1099 899
511 253 53
512 743 543
513 419 219
514 1020 820
515 591 391
516 376 176
517 1011 811
518 381 181
519 1048 848
520 666 466
521 292 92
522 1061 861
523 286 86
524 700 500
525 1077 877
526 251 51
527 1198 998
528 1103 903
529 1077 877
530 929 729
531 654 354
532 882 582
533 556 356
534 384 84
535 372 172
536 295 95
537 804 504
538 1254 954
539 612 312
540 441 241
541 877 677
542 346 146
543 725 525
544 480 180
545 724 524
546 751 551
547 672 372
548 843 643
549 285 85
550 269 69
551 367 167
552 1132 932
553 1188 988
554 610 410
555 787 587
556 270 70
557 239 39
558 402 102
559 574 374
560 889 689
561 565 365
562 306 106
563 1025 825
564 657 457
565 732 432
566 628 428
567 1150 950
568 467 267
569 1083 883
570 905 705
571 258 58
572 486 286
573 1189 989
574 265 65
575 1008 708
576 1043 843
577 516 316
578 783 583
579 1188 988
580 853 653
581 882 682
582 942 742
583 1132 932
584 569 369
585 803 603
586 652 452
587 1098 898
588 575 375
589 1036 836
590 202 2
591 659 459
592 510 310
593 1013 813
594 553 353
595 385 185
596 803 603
597 1072 872
598 378 78
599 358 158
600 990 690
601 311 111
602 1266 966
603 522 222
604 251 51
605 201 1
606 966 666
607 876 576
608 306 6
609 621 421
610 484 284
611 557 357
612 311 111
613 600 300
614 1048 848
615 1159 959
616 538 338
617 1075 875
618 219 19
619 1075 875
620 1007 807
621 622 422
622 423 223
623 1111 911
624 1182 982
625 966 766
626 220 20
627 940 740
628 1116 916
629 1083 883
630 996 696
631 580 380
632 204 4
633 1091 891
634 784 584
635 660 460
636 327 127
637 697 497
638 792 492
639 283 83
640 1164 964
641 1181 981
642 622 422
643 625 425
644 447 247
645 202 2
646 467 267
647 232 32
648 246 46
649 786 586
650 708 408
651 1242 942
652 1074 774
653 408 108
654 965 765
655 1185 985
656 966 666
657 375 175
658 693 493
659 881 681
660 868 668
661 851 651
662 556 356
663 372 72
664 966 666
665 1266 966
666 727 527
667 1173 973
668 1025 825
669 1037 837
670 527 327
671 276 76
672 669 469
673 438 238
674 373 173
675 535 335
676 879 679
677 1224 924
678 567 367
679 696 496
680 268 68
681 202 2
682 1105 905
683 859 659
684 325 125
685 294 94
686 389 189
687 1001 801
688 833 633
689 591 391
690 299 99
691 935 735
692 515 315
693 400 200
694 744 544
695 867 667
696 858 658
697 1086 786
698 211 11
699 855 655
700 851 651
701 1157 957
702 1011 811
703 571 371
704 953 753
705 487 287
706 946 746
707 271 71
708 406 206
709 1134 834
710 1020 820
711 605 405
712 294 94
713 778 578
714 592 392
715 531 331
716 1050 850
717 1012 812
718 661 461
719 239 39
720 1018 818
721 528 328
722 630 430
723 408 208
724 870 570
725 468 168
726 1102 902
727 675 475
728 1061 861
729 406 206
730 1164 964
731 1180 980
732 421 221
733 313 113
734 972 672
735 400 200
736 1044 744
737 640 440
738 651 451
739 857 657
740 707 507
741 720 420
742 643 443
743 201 1
744 779 579
745 1026 826
746 796 596
747 245 45
748 423 223
749 1087 887
750 1071 871
751 763 563
752 1175 975
753 473 273
754 534 334
755 936 636
756 1175 975
757 336 36
758 661 461
759 1114 914
760 844 644
761 418 218
762 1179 979
763 634 434
764 645 445
765 201 1
766 522 222
767 251 51
768 411 211
769 1009 809
770 762 562
771 877 677
772 265 65
773 523 323
774 1134 834
775 475 275
776 1152 852
777 1050 850
778 1125 925
779 1008 808
780 283 83
781 1149 949
782 702 402
783 1197 997
784 639 439
785 835 635
786 315 115
787 1017 817
788 468 268
789 333 133
790 1181 981
791 247 47
792 594 294
793 382 182
794 910 710
795 259 59
796 532 332
797 1174 974
798 306 6
799 1084 884
800 1000 800
801 678 378
802 406 206
803 795 595
804 821 621
805 741 541
806 595 395
807 874 674
808 551 351
809 1179 979
810 987 787
811 306 6
812 294 94
813 568 368
814 714 414
815 837 637
816 462 162
817 316 116
818 1198 998
819 384 184
820 863 663
821 233 33
822 439 239
823 1018 818
824 451 251
825 523 323
826 743 543
827 726 526
828 1195 995
829 1126 926
830 1122 822
831 460 260
832 321 121
833 1132 932
834 543 343
835 708 508
836 636 336
837 252 52
838 637 437
839 1104 904
840 1165 965
841 1027 827
842 1150 950
843 670 470
844 1212 912
845 1198 998
846 803 603
847 532 332
848 208 8
849 301 101
850 349 149
851 1014 714
852 990 690
853 990 690
854 681 481
855 323 123
856 747 547
857 447 247
858 1224 924
859 347 147
860 924 624
861 1059 859
862 1104 904
863 225 25
864 341 141
865 685 485
866 797 597
867 430 230
868 978 778
869 479 279
870 324 24
871 1132 932
872 479 279
873 660 460
874 646 446
875 256 56
876 1113 913
877 585 385
878 297 97
879 528 328
880 1206 906
881 743 543
882 466 266
883 669 469
884 1020 820
885 967 767
886 432 132
887 882 682
888 1174 974
889 1116 916
890 647 447
891 922 722
892 229 29
893 480 180
894 258 58
895 469 269
896 700 500
897 999 799
898 792 592
899 371 171
900 748 548
901 846 646
902 460 260
903 631 431
904 1043 843
905 1224 924
906 648 348
907 741 541
908 681 481
909 876 576
910 948 648
911 1179 979
912 1110 910
913 481 281
914 731 531
915 1187 987
916 213 13
917 328 128
918 737 537
919 967 767
920 252 52
921 721 521
922 207 7
923 979 779
924 577 377
925 1177 977
926 1026 726
927 679 479
928 286 86
929 1129 929
930 568 368
931 1062 762
932 885 685
933 665 465
934 857 657
935 215 15
936 1155 955
937 1141 941
938 990 790
939 275 75
940 225 25
941 867 667
942 401 201
943 964 764
944 1002 702
945 702 402
946 1170 970
947 251 51
948 318 118
949 957 757
950 927 727
951 606 306
952 461 261
953 997 797
954 724 524
955 447 247
956 460 260
957 318 18
958 443 243
959 519 319
960 723 523
961 1114 914
962 546 246
963 539 339
964 484 284
965 568 368
966 1151 951
967 1189 989
968 642 342
969 1110 910
970 942 742
971 403 203
972 1175 975
973 630 330
974 558 258
975 1019 819
976 912 712
977 828 628
978 1134 934
979 989 789
980 549 349
981 1074 774
982 598 398
983 1044 844
984 442 242
985 678 378
986 311 111
987 1068 868
988 1266 966
989 991 791
990 329 129
991 221 21
992 771 571
993 1060 860
994 660 360
995 1050 750
996 1115 915
997 571 371
998 1030 830
999 778 578
1000 316 116
