1000 113195 13_1000_1000_3116
1 1504 1344
2 376 336
3 940 840
4 376 336
5 345 285
6 345 285
7 1150 950
8 115 95
9 1035 855
10 1128 1008
11 1316 1176
12 690 570
13 805 665
14 805 665
15 345 285
16 1150 950
17 752 672
18 1692 1512
19 115 95
20 1035 855
21 1692 1512
22 460 380
23 345 285
24 575 475
25 376 336
26 1504 1344
27 940 840
28 188 168
29 690 570
30 230 190
31 752 672
32 230 190
33 575 475
34 115 95
35 1128 1008
36 752 672
37 805 665
38 376 336
39 940 840
40 1504 1344
41 188 168
42 1128 1008
43 752 672
44 1150 950
45 1692 1512
46 1692 1512
47 376 336
48 115 95
49 940 840
50 376 336
51 115 95
52 1128 1008
53 1316 1176
54 1316 1176
55 1692 1512
56 345 285
57 1880 1680
58 1035 855
59 1035 855
60 376 336
61 805 665
62 345 285
63 115 95
64 230 190
65 188 168
66 1035 855
67 1880 1680
68 1035 855
69 575 475
70 575 475
71 345 285
72 1504 1344
73 1150 950
74 752 672
75 1035 855
76 752 672
77 690 570
78 920 760
79 115 95
80 188 168
81 752 672
82 460 380
83 805 665
84 345 285
85 115 95
86 1150 950
87 920 760
88 752 672
89 230 190
90 188 168
91 690 570
92 115 95
93 575 475
94 230 190
95 345 285
96 1504 1344
97 1880 1680
98 230 190
99 376 336
100 230 190
101 752 672
102 1692 1512
103 1504 1344
104 564 504
105 752 672
106 920 760
107 460 380
108 564 504
109 1150 950
110 345 285
111 1504 1344
112 564 504
113 230 190
114 564 504
115 564 504
116 230 190
117 188 168
118 1504 1344
119 188 168
120 230 190
121 1692 1512
122 805 665
123 230 190
124 575 475
125 1692 1512
126 690 570
127 690 570
128 1692 1512
129 575 475
130 1316 1176
131 752 672
132 920 760
133 345 285
134 376 336
135 1035 855
136 1880 1680
137 376 336
138 1316 1176
139 115 95
140 575 475
141 230 190
142 920 760
143 345 285
144 575 475
145 690 570
146 345 285
147 575 475
148 1504 1344
149 376 336
150 1316 1176
151 805 665
152 230 190
153 460 380
154 575 475
155 188 168
156 1504 1344
157 920 760
158 230 190
159 345 285
160 460 380
161 1150 950
162 752 672
163 345 285
164 940 840
165 376 336
166 564 504
167 805 665
168 1128 1008
169 230 190
170 230 190
171 1692 1512
172 920 760
173 1150 950
174 1128 1008
175 1035 855
176 460 380
177 1880 1680
178 805 665
179 460 380
180 940 840
181 1128 1008
182 920 760
183 188 168
184 1128 1008
185 920 760
186 575 475
187 188 168
188 1150 950
189 1504 1344
190 752 672
191 575 475
192 230 190
193 188 168
194 805 665
195 940 840
196 1128 1008
197 1880 1680
198 115 95
199 752 672
200 940 840
201 1128 1008
202 376 336
203 1316 1176
204 920 760
205 1504 1344
206 752 672
207 940 840
208 188 168
209 1316 1176
210 188 168
211 920 760
212 1692 1512
213 1880 1680
214 920 760
215 376 336
216 230 190
217 1504 1344
218 690 570
219 460 380
220 575 475
221 345 285
222 1692 1512
223 460 380
224 1150 950
225 376 336
226 188 168
227 376 336
228 115 95
229 188 168
230 690 570
231 1504 1344
232 376 336
233 1692 1512
234 345 285
235 564 504
236 1316 1176
237 230 190
238 376 336
239 1316 1176
240 940 840
241 1035 855
242 345 285
243 1150 950
244 1150 950
245 460 380
246 1150 950
247 188 168
248 188 168
249 564 504
250 690 570
251 376 336
252 564 504
253 575 475
254 920 760
255 460 380
256 1504 1344
257 805 665
258 188 168
259 564 504
260 752 672
261 1035 855
262 1692 1512
263 1035 855
264 1692 1512
265 940 840
266 752 672
267 575 475
268 188 168
269 752 672
270 564 504
271 1692 1512
272 188 168
273 115 95
274 376 336
275 805 665
276 920 760
277 1035 855
278 345 285
279 188 168
280 1150 950
281 920 760
282 575 475
283 1150 950
284 1692 1512
285 752 672
286 1316 1176
287 752 672
288 564 504
289 1035 855
290 920 760
291 1692 1512
292 345 285
293 1692 1512
294 1035 855
295 1880 1680
296 690 570
297 345 285
298 1150 950
299 690 570
300 1504 1344
301 460 380
302 1150 950
303 1128 1008
304 1504 1344
305 345 285
306 575 475
307 1316 1176
308 1504 1344
309 1692 1512
310 1316 1176
311 940 840
312 564 504
313 1504 1344
314 1150 950
315 1692 1512
316 805 665
317 460 380
318 1692 1512
319 460 380
320 690 570
321 460 380
322 564 504
323 1035 855
324 1692 1512
325 575 475
326 920 760
327 1150 950
328 1128 1008
329 1150 950
330 940 840
331 805 665
332 1316 1176
333 460 380
334 1035 855
335 1035 855
336 1150 950
337 460 380
338 376 336
339 1035 855
340 575 475
341 1504 1344
342 188 168
343 376 336
344 1035 855
345 460 380
346 564 504
347 115 95
348 940 840
349 115 95
350 345 285
351 564 504
352 690 570
353 690 570
354 1692 1512
355 345 285
356 376 336
357 460 380
358 188 168
359 940 840
360 1150 950
361 805 665
362 188 168
363 1692 1512
364 1128 1008
365 1128 1008
366 1035 855
367 1150 950
368 376 336
369 805 665
370 1504 1344
371 920 760
372 940 840
373 460 380
374 752 672
375 752 672
376 564 504
377 1035 855
378 460 380
379 460 380
380 564 504
381 1316 1176
382 345 285
383 805 665
384 1504 1344
385 1150 950
386 345 285
387 805 665
388 1504 1344
389 920 760
390 1692 1512
391 564 504
392 752 672
393 115 95
394 1128 1008
395 460 380
396 115 95
397 920 760
398 1692 1512
399 940 840
400 1035 855
401 1316 1176
402 1150 950
403 230 190
404 1692 1512
405 1316 1176
406 376 336
407 230 190
408 1880 1680
409 940 840
410 188 168
411 920 760
412 805 665
413 1150 950
414 690 570
415 376 336
416 752 672
417 188 168
418 752 672
419 376 336
420 1692 1512
421 940 840
422 1128 1008
423 575 475
424 1150 950
425 575 475
426 752 672
427 1150 950
428 345 285
429 230 190
430 1035 855
431 188 168
432 1692 1512
433 1035 855
434 1316 1176
435 115 95
436 1150 950
437 805 665
438 115 95
439 690 570
440 345 285
441 940 840
442 188 168
443 1692 1512
444 690 570
445 752 672
446 115 95
447 345 285
448 564 504
449 920 760
450 345 285
451 940 840
452 188 168
453 805 665
454 345 285
455 690 570
456 1880 1680
457 230 190
458 690 570
459 1504 1344
460 920 760
461 376 336
462 1504 1344
463 230 190
464 376 336
465 376 336
466 345 285
467 1504 1344
468 230 190
469 1150 950
470 1880 1680
471 1150 950
472 940 840
473 1316 1176
474 376 336
475 188 168
476 805 665
477 1035 855
478 460 380
479 690 570
480 1504 1344
481 188 168
482 1504 1344
483 805 665
484 575 475
485 752 672
486 1692 1512
487 345 285
488 920 760
489 188 168
490 564 504
491 1316 1176
492 920 760
493 230 190
494 345 285
495 1128 1008
496 940 840
497 1316 1176
498 230 190
499 230 190
500 230 190
501 920 760
502 1692 1512
503 575 475
504 1880 1680
505 1880 1680
506 1504 1344
507 1692 1512
508 1128 1008
509 1880 1680
510 376 336
511 1880 1680
512 690 570
513 564 504
514 345 285
515 1150 950
516 1035 855
517 188 168
518 575 475
519 345 285
520 920 760
521 1316 1176
522 345 285
523 1880 1680
524 575 475
525 188 168
526 920 760
527 1880 1680
528 1504 1344
529 345 285
530 1880 1680
531 564 504
532 188 168
533 1692 1512
534 1504 1344
535 920 760
536 575 475
537 690 570
538 460 380
539 920 760
540 752 672
541 575 475
542 1880 1680
543 752 672
544 752 672
545 1035 855
546 690 570
547 752 672
548 1504 1344
549 920 760
550 115 95
551 805 665
552 564 504
553 940 840
554 575 475
555 1035 855
556 940 840
557 575 475
558 460 380
559 575 475
560 1150 950
561 1035 855
562 752 672
563 188 168
564 940 840
565 115 95
566 345 285
567 115 95
568 1316 1176
569 376 336
570 230 190
571 1150 950
572 690 570
573 575 475
574 1128 1008
575 376 336
576 690 570
577 460 380
578 1316 1176
579 920 760
580 1692 1512
581 230 190
582 1504 1344
583 188 168
584 805 665
585 920 760
586 1504 1344
587 1880 1680
588 230 190
589 1035 855
590 1128 1008
591 188 168
592 1128 1008
593 752 672
594 460 380
595 1316 1176
596 460 380
597 1692 1512
598 188 168
599 920 760
600 188 168
601 564 504
602 690 570
603 575 475
604 690 570
605 1880 1680
606 940 840
607 1128 1008
608 115 95
609 460 380
610 690 570
611 1035 855
612 115 95
613 940 840
614 805 665
615 1128 1008
616 575 475
617 1692 1512
618 188 168
619 1880 1680
620 1880 1680
621 920 760
622 230 190
623 376 336
624 805 665
625 115 95
626 230 190
627 376 336
628 1504 1344
629 1692 1512
630 940 840
631 1504 1344
632 1150 950
633 1880 1680
634 805 665
635 376 336
636 1035 855
637 805 665
638 1150 950
639 1880 1680
640 1880 1680
641 805 665
642 1316 1176
643 805 665
644 345 285
645 1316 1176
646 1128 1008
647 690 570
648 1128 1008
649 564 504
650 1504 1344
651 115 95
652 690 570
653 230 190
654 564 504
655 564 504
656 1128 1008
657 752 672
658 1692 1512
659 920 760
660 115 95
661 376 336
662 1880 1680
663 575 475
664 230 190
665 188 168
666 564 504
667 752 672
668 1880 1680
669 460 380
670 460 380
671 1035 855
672 920 760
673 920 760
674 805 665
675 920 760
676 1692 1512
677 376 336
678 752 672
679 1035 855
680 575 475
681 920 760
682 188 168
683 460 380
684 460 380
685 1128 1008
686 460 380
687 1880 1680
688 188 168
689 690 570
690 188 168
691 752 672
692 690 570
693 1880 1680
694 920 760
695 564 504
696 230 190
697 920 760
698 376 336
699 1128 1008
700 188 168
701 1035 855
702 690 570
703 690 570
704 460 380
705 115 95
706 690 570
707 188 168
708 1128 1008
709 188 168
710 376 336
711 115 95
712 345 285
713 1692 1512
714 230 190
715 1150 950
716 376 336
717 1035 855
718 230 190
719 752 672
720 940 840
721 564 504
722 1150 950
723 1035 855
724 1316 1176
725 1150 950
726 1880 1680
727 115 95
728 940 840
729 920 760
730 575 475
731 1150 950
732 920 760
733 376 336
734 1504 1344
735 1692 1512
736 460 380
737 230 190
738 1504 1344
739 575 475
740 460 380
741 690 570
742 690 570
743 345 285
744 188 168
745 920 760
746 230 190
747 1316 1176
748 690 570
749 805 665
750 460 380
751 564 504
752 188 168
753 690 570
754 690 570
755 1035 855
756 1128 1008
757 230 190
758 805 665
759 1880 1680
760 1128 1008
761 376 336
762 920 760
763 1504 1344
764 752 672
765 1316 1176
766 920 760
767 920 760
768 1316 1176
769 575 475
770 460 380
771 920 760
772 1035 855
773 1504 1344
774 1692 1512
775 920 760
776 1692 1512
777 376 336
778 1692 1512
779 460 380
780 1128 1008
781 230 190
782 752 672
783 575 475
784 805 665
785 805 665
786 920 760
787 805 665
788 1316 1176
789 805 665
790 805 665
791 690 570
792 460 380
793 1128 1008
794 188 168
795 1035 855
796 752 672
797 376 336
798 805 665
799 1316 1176
800 940 840
801 690 570
802 1128 1008
803 1692 1512
804 1128 1008
805 920 760
806 1128 1008
807 1128 1008
808 1504 1344
809 1692 1512
810 940 840
811 1035 855
812 115 95
813 1504 1344
814 752 672
815 1692 1512
816 1504 1344
817 1692 1512
818 564 504
819 115 95
820 1128 1008
821 690 570
822 1692 1512
823 575 475
824 1128 1008
825 460 380
826 940 840
827 752 672
828 690 570
829 575 475
830 460 380
831 345 285
832 920 760
833 376 336
834 460 380
835 188 168
836 230 190
837 460 380
838 564 504
839 376 336
840 345 285
841 1150 950
842 575 475
843 1692 1512
844 345 285
845 564 504
846 940 840
847 1880 1680
848 230 190
849 188 168
850 564 504
851 564 504
852 460 380
853 115 95
854 1150 950
855 690 570
856 1504 1344
857 564 504
858 920 760
859 115 95
860 805 665
861 1504 1344
862 1128 1008
863 115 95
864 1150 950
865 1692 1512
866 1316 1176
867 920 760
868 564 504
869 230 190
870 805 665
871 1880 1680
872 230 190
873 376 336
874 188 168
875 920 760
876 1880 1680
877 1316 1176
878 690 570
879 920 760
880 1504 1344
881 920 760
882 1504 1344
883 805 665
884 1692 1512
885 752 672
886 1692 1512
887 805 665
888 1692 1512
889 1150 950
890 1128 1008
891 460 380
892 564 504
893 188 168
894 460 380
895 188 168
896 1035 855
897 115 95
898 1692 1512
899 230 190
900 920 760
901 1880 1680
902 188 168
903 1504 1344
904 188 168
905 1128 1008
906 805 665
907 575 475
908 1150 950
909 1150 950
910 752 672
911 564 504
912 1880 1680
913 920 760
914 376 336
915 940 840
916 805 665
917 940 840
918 376 336
919 376 336
920 1128 1008
921 1128 1008
922 920 760
923 1504 1344
924 115 95
925 920 760
926 1150 950
927 1692 1512
928 690 570
929 940 840
930 920 760
931 230 190
932 1035 855
933 690 570
934 376 336
935 188 168
936 1035 855
937 940 840
938 1150 950
939 1692 1512
940 1035 855
941 940 840
942 460 380
943 376 336
944 376 336
945 188 168
946 575 475
947 1316 1176
948 376 336
949 376 336
950 1316 1176
951 1150 950
952 188 168
953 345 285
954 690 570
955 376 336
956 575 475
957 188 168
958 1128 1008
959 376 336
960 1316 1176
961 1035 855
962 1316 1176
963 188 168
964 1128 1008
965 1150 950
966 752 672
967 1692 1512
968 1150 950
969 920 760
970 1128 1008
971 690 570
972 1128 1008
973 1316 1176
974 1150 950
975 805 665
976 188 168
977 752 672
978 805 665
979 376 336
980 230 190
981 1316 1176
982 230 190
983 460 380
984 1150 950
985 376 336
986 1504 1344
987 564 504
988 1880 1680
989 752 672
990 575 475
991 1692 1512
992 805 665
993 460 380
994 1880 1680
995 564 504
996 1128 1008
997 230 190
998 1504 1344
999 188 168
1000 188 168
