5000 1502385 14_5000_1000_2061
1 1108 908
2 312 112
3 1110 910
4 958 758
5 263 63
6 283 83
7 303 103
8 429 229
9 1032 732
10 408 108
11 373 173
12 621 421
13 753 553
14 600 300
15 685 485
16 678 478
17 660 460
18 900 700
19 396 96
20 283 83
21 927 727
22 321 121
23 690 490
24 826 626
25 479 279
26 972 672
27 1102 902
28 1185 985
29 384 184
30 390 90
31 339 139
32 642 442
33 354 154
34 969 769
35 521 321
36 559 359
37 655 455
38 297 97
39 720 420
40 821 621
41 634 434
42 231 31
43 375 175
44 789 589
45 732 432
46 869 669
47 342 42
48 786 486
49 1278 978
50 683 483
51 869 669
52 432 132
53 1193 993
54 279 79
55 546 346
56 1176 876
57 768 568
58 910 710
59 934 734
60 477 277
61 954 654
62 592 392
63 527 327
64 647 447
65 972 672
66 447 247
67 519 319
68 319 119
69 658 458
70 711 511
71 1087 887
72 1033 833
73 455 255
74 591 391
75 252 52
76 312 12
77 420 220
78 1167 967
79 886 686
80 873 673
81 801 601
82 784 584
83 1163 963
84 460 260
85 1167 967
86 510 310
87 672 472
88 1081 881
89 786 586
90 1092 792
91 1008 808
92 1119 919
93 1039 839
94 1062 862
95 1278 978
96 1168 968
97 287 87
98 786 586
99 498 198
100 306 6
101 750 450
102 887 687
103 568 368
104 1159 959
105 461 261
106 1101 901
107 700 500
108 570 370
109 864 564
110 1018 818
111 935 735
112 564 264
113 855 655
114 881 681
115 780 580
116 571 371
117 401 201
118 1119 919
119 1020 820
120 993 793
121 819 619
122 520 320
123 384 84
124 409 209
125 765 565
126 654 454
127 798 498
128 408 108
129 565 365
130 678 378
131 1140 840
132 757 557
133 1266 966
134 576 376
135 831 631
136 897 697
137 882 682
138 1183 983
139 501 301
140 503 303
141 420 120
142 1002 702
143 543 343
144 673 473
145 862 662
146 528 328
147 783 583
148 1073 873
149 382 182
150 636 336
151 450 150
152 1128 828
153 629 429
154 1109 909
155 970 770
156 702 402
157 391 191
158 887 687
159 1033 833
160 875 675
161 444 244
162 863 663
163 1032 732
164 259 59
165 718 518
166 235 35
167 493 293
168 262 62
169 456 256
170 591 391
171 984 784
172 460 260
173 480 280
174 1008 708
175 421 221
176 786 486
177 301 101
178 556 356
179 772 572
180 390 190
181 641 441
182 827 627
183 983 783
184 347 147
185 647 447
186 663 463
187 843 643
188 570 370
189 941 741
190 297 97
191 678 478
192 221 21
193 947 747
194 402 202
195 318 18
196 775 575
197 750 450
198 598 398
199 1168 968
200 546 246
201 486 286
202 819 619
203 982 782
204 568 368
205 1224 924
206 322 122
207 1017 817
208 1005 805
209 700 500
210 565 365
211 795 595
212 387 187
213 1055 855
214 479 279
215 757 557
216 252 52
217 1089 889
218 895 695
219 957 757
220 1129 929
221 367 167
222 484 284
223 833 633
224 642 442
225 930 730
226 209 9
227 1194 994
228 971 771
229 1074 874
230 510 210
231 538 338
232 601 401
233 708 508
234 1197 997
235 925 725
236 462 162
237 864 564
238 1254 954
239 659 459
240 960 760
241 227 27
242 747 547
243 1188 988
244 886 686
245 1009 809
246 828 628
247 654 354
248 1193 993
249 979 779
250 219 19
251 1146 946
252 223 23
253 306 6
254 792 592
255 1186 986
256 635 435
257 777 577
258 598 398
259 772 572
260 1198 998
261 551 351
262 1120 920
263 729 529
264 519 319
265 870 570
266 1180 980
267 223 23
268 1132 932
269 473 273
270 1083 883
271 371 171
272 414 214
273 250 50
274 594 294
275 311 111
276 329 129
277 528 328
278 970 770
279 485 285
280 996 696
281 437 237
282 861 661
283 313 113
284 669 469
285 948 648
286 522 222
287 990 690
288 978 678
289 769 569
290 1284 984
291 264 64
292 849 649
293 255 55
294 1135 935
295 559 359
296 1056 856
297 372 72
298 264 64
299 827 627
300 1117 917
301 313 113
302 1029 829
303 1026 826
304 855 655
305 457 257
306 215 15
307 972 772
308 226 26
309 1182 882
310 1177 977
311 534 334
312 843 643
313 1120 920
314 515 315
315 798 498
316 273 73
317 1135 935
318 988 788
319 983 783
320 669 469
321 304 104
322 751 551
323 967 767
324 618 418
325 780 580
326 454 254
327 1035 835
328 765 565
329 775 575
330 753 553
331 545 345
332 1029 829
333 1026 726
334 324 24
335 798 598
336 987 787
337 537 337
338 696 396
339 384 84
340 475 275
341 1073 873
342 466 266
343 869 669
344 1113 913
345 442 242
346 335 135
347 349 149
348 349 149
349 802 602
350 868 668
351 379 179
352 967 767
353 799 599
354 1195 995
355 516 216
356 330 130
357 1125 925
358 639 439
359 717 517
360 1012 812
361 957 757
362 552 352
363 673 473
364 780 580
365 247 47
366 888 588
367 1089 889
368 883 683
369 924 624
370 359 159
371 910 710
372 451 251
373 1108 908
374 891 691
375 418 218
376 654 354
377 493 293
378 1008 808
379 606 306
380 756 456
381 545 345
382 525 325
383 460 260
384 1060 860
385 679 479
386 1156 956
387 498 298
388 730 530
389 378 178
390 265 65
391 1158 958
392 327 127
393 916 716
394 1051 851
395 1187 987
396 827 627
397 312 12
398 793 593
399 846 546
400 1101 901
401 612 312
402 990 790
403 1041 841
404 1090 890
405 1195 995
406 450 150
407 301 101
408 695 495
409 671 471
410 1074 774
411 657 457
412 1145 945
413 292 92
414 623 423
415 456 156
416 844 644
417 743 543
418 1182 882
419 535 335
420 876 576
421 475 275
422 576 276
423 436 236
424 341 141
425 1035 835
426 552 252
427 1200 1000
428 720 520
429 653 453
430 468 168
431 780 480
432 779 579
433 1120 920
434 1027 827
435 935 735
436 808 608
437 310 110
438 993 793
439 582 382
440 426 126
441 342 42
442 681 481
443 747 547
444 774 474
445 499 299
446 994 794
447 954 754
448 551 351
449 447 247
450 742 542
451 214 14
452 318 118
453 1212 912
454 265 65
455 708 408
456 478 278
457 1206 906
458 825 625
459 1030 830
460 925 725
461 882 682
462 516 216
463 397 197
464 460 260
465 472 272
466 909 709
467 655 455
468 462 262
469 1117 917
470 954 654
471 1174 974
472 760 560
473 389 189
474 569 369
475 450 150
476 923 723
477 1134 934
478 814 614
479 1098 798
480 501 301
481 1039 839
482 814 614
483 1199 999
484 859 659
485 625 425
486 790 590
487 939 739
488 1146 946
489 785 585
490 852 652
491 431 231
492 600 400
493 299 99
494 712 512
495 1137 937
496 1007 807
497 400 200
498 436 236
499 729 529
500 1090 890
501 996 696
502 1140 940
503 864 564
504 930 630
505 240 40
506 615 415
507 456 156
508 438 138
509 261 61
510 507 307
511 732 432
512 570 270
513 607 407
514 876 676
515 342 42
516 351 151
517 431 231
518 541 341
519 1060 860
520 1065 865
521 636 336
522 1272 972
523 481 281
524 539 339
525 561 361
526 394 194
527 438 138
528 726 526
529 996 696
530 1152 952
531 774 574
532 450 150
533 1200 1000
534 627 427
535 543 343
536 207 7
537 312 12
538 1025 825
539 724 524
540 924 624
541 793 593
542 929 729
543 969 769
544 563 363
545 1151 951
546 814 614
547 208 8
548 250 50
549 828 528
550 576 276
551 1027 827
552 691 491
553 855 655
554 593 393
555 694 494
556 773 573
557 418 218
558 229 29
559 257 57
560 688 488
561 232 32
562 726 426
563 1128 828
564 729 529
565 955 755
566 484 284
567 369 169
568 451 251
569 1039 839
570 609 409
571 342 142
572 906 606
573 544 344
574 209 9
575 511 311
576 291 91
577 456 256
578 286 86
579 767 567
580 669 469
581 414 214
582 1013 813
583 1120 920
584 553 353
585 743 543
586 859 659
587 437 237
588 742 542
589 600 400
590 281 81
591 495 295
592 678 478
593 401 201
594 1008 808
595 1045 845
596 1014 714
597 835 635
598 1189 989
599 609 409
600 1086 786
601 354 154
602 405 205
603 1146 946
604 654 354
605 276 76
606 514 314
607 1296 996
608 381 181
609 576 376
610 715 515
611 249 49
612 1014 814
613 664 464
614 695 495
615 851 651
616 905 705
617 906 606
618 1091 891
619 1158 958
620 318 118
621 826 626
622 358 158
623 1194 994
624 694 494
625 649 449
626 732 532
627 1159 959
628 1075 875
629 703 503
630 480 280
631 424 224
632 1128 828
633 358 158
634 527 327
635 1068 768
636 1122 822
637 912 612
638 1195 995
639 991 791
640 443 243
641 945 745
642 222 22
643 1156 956
644 967 767
645 1021 821
646 1002 802
647 460 260
648 949 749
649 502 302
650 1079 879
651 226 26
652 502 302
653 976 776
654 797 597
655 1200 900
656 777 577
657 1098 898
658 1061 861
659 244 44
660 912 612
661 695 495
662 499 299
663 1296 996
664 1145 945
665 994 794
666 262 62
667 424 224
668 233 33
669 904 704
670 846 646
671 1055 855
672 528 228
673 385 185
674 333 133
675 1138 938
676 942 742
677 751 551
678 1242 942
679 691 491
680 1056 756
681 766 566
682 849 649
683 847 647
684 676 476
685 1114 914
686 1084 884
687 624 324
688 280 80
689 803 603
690 1146 946
691 1115 915
692 851 651
693 1195 995
694 808 608
695 330 30
696 897 697
697 558 358
698 486 186
699 882 682
700 403 203
701 232 32
702 366 66
703 1026 726
704 529 329
705 282 82
706 961 761
707 738 538
708 893 693
709 1102 902
710 840 540
711 1001 801
712 958 758
713 430 230
714 423 223
715 622 422
716 822 522
717 1044 744
718 581 381
719 678 378
720 922 722
721 844 644
722 461 261
723 1152 852
724 881 681
725 739 539
726 822 622
727 471 271
728 277 77
729 754 554
730 796 596
731 935 735
732 312 12
733 444 244
734 695 495
735 1091 891
736 972 672
737 531 331
738 475 275
739 936 636
740 595 395
741 240 40
742 1254 954
743 1128 828
744 1051 851
745 678 478
746 267 67
747 232 32
748 1194 894
749 702 402
750 502 302
751 474 174
752 1183 983
753 213 13
754 381 181
755 1031 831
756 1127 927
757 1168 968
758 885 685
759 557 357
760 1272 972
761 522 222
762 346 146
763 838 638
764 384 84
765 925 725
766 550 350
767 407 207
768 990 690
769 1180 980
770 441 241
771 576 376
772 780 480
773 286 86
774 586 386
775 870 670
776 907 707
777 738 438
778 1032 732
779 1080 780
780 226 26
781 289 89
782 1169 969
783 420 120
784 1183 983
785 430 230
786 739 539
787 576 276
788 1187 987
789 1212 912
790 589 389
791 1230 930
792 741 541
793 418 218
794 310 110
795 906 606
796 340 140
797 769 569
798 237 37
799 1144 944
800 432 232
801 1150 950
802 749 549
803 631 431
804 792 492
805 721 521
806 726 426
807 726 526
808 1014 814
809 310 110
810 1014 714
811 546 346
812 317 117
813 291 91
814 277 77
815 201 1
816 954 754
817 663 463
818 285 85
819 612 412
820 311 111
821 1101 901
822 474 174
823 709 509
824 538 338
825 618 318
826 1038 838
827 577 377
828 850 650
829 970 770
830 1014 814
831 879 679
832 1164 864
833 807 607
834 358 158
835 247 47
836 591 391
837 647 447
838 1188 988
839 348 148
840 549 349
841 983 783
842 1125 925
843 354 154
844 207 7
845 330 130
846 1254 954
847 703 503
848 540 240
849 705 505
850 1013 813
851 1037 837
852 1002 802
853 445 245
854 912 712
855 1218 918
856 1170 970
857 1179 979
858 540 340
859 934 734
860 876 576
861 215 15
862 919 719
863 1125 925
864 408 108
865 809 609
866 892 692
867 606 306
868 394 194
869 970 770
870 879 679
871 1260 960
872 790 590
873 447 247
874 334 134
875 360 60
876 612 312
877 1165 965
878 264 64
879 564 364
880 297 97
881 618 418
882 553 353
883 257 57
884 1104 804
885 1158 858
886 1152 852
887 653 453
888 893 693
889 503 303
890 727 527
891 798 598
892 581 381
893 952 752
894 726 426
895 281 81
896 411 211
897 1146 946
898 1031 831
899 319 119
900 851 651
901 241 41
902 1051 851
903 882 682
904 635 435
905 720 520
906 403 203
907 732 432
908 857 657
909 1116 916
910 1092 792
911 327 127
912 1170 870
913 1104 804
914 211 11
915 1135 935
916 549 349
917 811 611
918 857 657
919 811 611
920 747 547
921 588 388
922 1111 911
923 1167 967
924 849 649
925 717 517
926 678 478
927 1146 946
928 221 21
929 1164 964
930 520 320
931 677 477
932 552 252
933 604 404
934 816 616
935 883 683
936 723 523
937 249 49
938 714 414
939 918 718
940 480 280
941 791 591
942 1068 768
943 708 408
944 1165 965
945 810 510
946 594 394
947 487 287
948 1165 965
949 444 144
950 1078 878
951 546 246
952 381 181
953 313 113
954 1272 972
955 738 538
956 532 332
957 966 766
958 627 427
959 754 554
960 562 362
961 1134 934
962 677 477
963 522 222
964 1092 892
965 819 619
966 1103 903
967 217 17
968 522 222
969 401 201
970 669 469
971 959 759
972 407 207
973 882 582
974 726 426
975 1031 831
976 1096 896
977 1020 720
978 978 678
979 1177 977
980 792 492
981 1025 825
982 837 637
983 1032 832
984 601 401
985 1158 958
986 694 494
987 376 176
988 334 134
989 227 27
990 745 545
991 648 448
992 802 602
993 1152 952
994 696 496
995 665 465
996 491 291
997 383 183
998 1198 998
999 510 310
1000 244 44
1001 498 298
1002 546 346
1003 1014 714
1004 820 620
1005 921 721
1006 1108 908
1007 528 228
1008 390 190
1009 846 546
1010 1095 895
1011 773 573
1012 619 419
1013 455 255
1014 1101 901
1015 1119 919
1016 433 233
1017 875 675
1018 594 294
1019 552 352
1020 1135 935
1021 516 316
1022 732 432
1023 541 341
1024 702 502
1025 426 226
1026 567 367
1027 735 535
1028 337 137
1029 1122 822
1030 1194 894
1031 972 672
1032 245 45
1033 1180 980
1034 436 236
1035 510 310
1036 817 617
1037 801 601
1038 396 96
1039 431 231
1040 711 511
1041 1140 940
1042 741 541
1043 1115 915
1044 977 777
1045 544 344
1046 598 398
1047 589 389
1048 492 292
1049 468 168
1050 634 434
1051 937 737
1052 847 647
1053 258 58
1054 513 313
1055 823 623
1056 988 788
1057 504 204
1058 852 652
1059 718 518
1060 694 494
1061 754 554
1062 744 544
1063 497 297
1064 617 417
1065 205 5
1066 899 699
1067 501 301
1068 493 293
1069 796 596
1070 485 285
1071 708 408
1072 779 579
1073 959 759
1074 1284 984
1075 907 707
1076 389 189
1077 834 534
1078 924 624
1079 289 89
1080 514 314
1081 402 102
1082 1036 836
1083 429 229
1084 1127 927
1085 523 323
1086 906 706
1087 991 791
1088 354 54
1089 591 391
1090 642 342
1091 1047 847
1092 1098 898
1093 1089 889
1094 283 83
1095 568 368
1096 969 769
1097 858 558
1098 1095 895
1099 1074 774
1100 972 672
1101 228 28
1102 1051 851
1103 936 736
1104 778 578
1105 1105 905
1106 985 785
1107 858 558
1108 257 57
1109 516 216
1110 372 172
1111 699 499
1112 203 3
1113 507 307
1114 754 554
1115 507 307
1116 589 389
1117 481 281
1118 1157 957
1119 1038 838
1120 947 747
1121 1089 889
1122 893 693
1123 347 147
1124 1002 702
1125 917 717
1126 407 207
1127 213 13
1128 979 779
1129 960 760
1130 1169 969
1131 689 489
1132 1086 786
1133 1096 896
1134 843 643
1135 645 445
1136 748 548
1137 1012 812
1138 942 742
1139 539 339
1140 1080 780
1141 213 13
1142 972 672
1143 1099 899
1144 695 495
1145 953 753
1146 978 678
1147 1084 884
1148 347 147
1149 515 315
1150 225 25
1151 1051 851
1152 1035 835
1153 708 508
1154 873 673
1155 953 753
1156 952 752
1157 349 149
1158 1180 980
1159 648 448
1160 617 417
1161 798 498
1162 1135 935
1163 622 422
1164 460 260
1165 1063 863
1166 371 171
1167 633 433
1168 918 618
1169 310 110
1170 945 745
1171 1009 809
1172 954 654
1173 287 87
1174 1194 894
1175 409 209
1176 526 326
1177 382 182
1178 223 23
1179 546 246
1180 568 368
1181 441 241
1182 741 541
1183 373 173
1184 582 382
1185 567 367
1186 762 562
1187 641 441
1188 298 98
1189 665 465
1190 882 682
1191 714 514
1192 618 418
1193 1075 875
1194 555 355
1195 366 166
1196 1272 972
1197 484 284
1198 1128 828
1199 371 171
1200 418 218
1201 1193 993
1202 1025 825
1203 342 42
1204 231 31
1205 1029 829
1206 1005 805
1207 534 334
1208 612 312
1209 220 20
1210 405 205
1211 918 618
1212 1020 820
1213 1043 843
1214 331 131
1215 834 534
1216 1180 980
1217 378 178
1218 481 281
1219 210 10
1220 395 195
1221 281 81
1222 529 329
1223 969 769
1224 570 270
1225 309 109
1226 243 43
1227 495 295
1228 1020 820
1229 796 596
1230 567 367
1231 955 755
1232 342 142
1233 204 4
1234 790 590
1235 1181 981
1236 832 632
1237 952 752
1238 960 660
1239 828 528
1240 654 454
1241 922 722
1242 769 569
1243 593 393
1244 455 255
1245 337 137
1246 435 235
1247 933 733
1248 405 205
1249 989 789
1250 1012 812
1251 1151 951
1252 691 491
1253 333 133
1254 418 218
1255 223 23
1256 421 221
1257 999 799
1258 417 217
1259 611 411
1260 390 90
1261 1024 824
1262 619 419
1263 1081 881
1264 893 693
1265 1127 927
1266 1164 864
1267 594 394
1268 839 639
1269 558 358
1270 629 429
1271 657 457
1272 1290 990
1273 1000 800
1274 521 321
1275 1110 810
1276 1145 945
1277 1272 972
1278 211 11
1279 499 299
1280 582 282
1281 672 472
1282 501 301
1283 285 85
1284 462 162
1285 1062 862
1286 1059 859
1287 507 307
1288 695 495
1289 961 761
1290 580 380
1291 769 569
1292 472 272
1293 1056 856
1294 759 559
1295 917 717
1296 951 751
1297 546 346
1298 327 127
1299 390 90
1300 334 134
1301 1000 800
1302 256 56
1303 400 200
1304 570 370
1305 367 167
1306 543 343
1307 804 604
1308 219 19
1309 850 650
1310 528 228
1311 790 590
1312 745 545
1313 251 51
1314 963 763
1315 317 117
1316 664 464
1317 966 666
1318 790 590
1319 360 60
1320 564 364
1321 312 12
1322 492 292
1323 289 89
1324 285 85
1325 669 469
1326 965 765
1327 312 112
1328 1060 860
1329 318 118
1330 292 92
1331 707 507
1332 960 660
1333 831 631
1334 315 115
1335 981 781
1336 1089 889
1337 1125 925
1338 753 553
1339 1177 977
1340 539 339
1341 781 581
1342 599 399
1343 831 631
1344 892 692
1345 1074 774
1346 1194 894
1347 712 512
1348 789 589
1349 219 19
1350 1050 850
1351 948 748
1352 445 245
1353 382 182
1354 289 89
1355 883 683
1356 665 465
1357 222 22
1358 1036 836
1359 784 584
1360 964 764
1361 249 49
1362 517 317
1363 663 463
1364 384 184
1365 1230 930
1366 751 551
1367 736 536
1368 1035 835
1369 683 483
1370 985 785
1371 264 64
1372 811 611
1373 868 668
1374 394 194
1375 295 95
1376 970 770
1377 750 450
1378 214 14
1379 244 44
1380 606 306
1381 600 400
1382 407 207
1383 715 515
1384 496 296
1385 1177 977
1386 912 612
1387 767 567
1388 1141 941
1389 267 67
1390 581 381
1391 615 415
1392 972 672
1393 1101 901
1394 756 556
1395 300 100
1396 792 492
1397 1081 881
1398 357 157
1399 241 41
1400 492 192
1401 778 578
1402 978 678
1403 1169 969
1404 226 26
1405 574 374
1406 1199 999
1407 509 309
1408 846 546
1409 1101 901
1410 955 755
1411 227 27
1412 1133 933
1413 881 681
1414 605 405
1415 1119 919
1416 839 639
1417 907 707
1418 363 163
1419 725 525
1420 767 567
1421 1011 811
1422 966 766
1423 1056 756
1424 1266 966
1425 736 536
1426 391 191
1427 1224 924
1428 520 320
1429 432 132
1430 331 131
1431 984 784
1432 372 72
1433 409 209
1434 984 784
1435 373 173
1436 856 656
1437 253 53
1438 405 205
1439 660 360
1440 330 30
1441 425 225
1442 917 717
1443 1224 924
1444 304 104
1445 1030 830
1446 624 324
1447 321 121
1448 1033 833
1449 238 38
1450 808 608
1451 693 493
1452 1032 832
1453 1161 961
1454 832 632
1455 391 191
1456 540 240
1457 300 100
1458 720 520
1459 774 574
1460 418 218
1461 691 491
1462 643 443
1463 330 30
1464 1092 892
1465 1140 840
1466 1079 879
1467 882 682
1468 717 517
1469 681 481
1470 1140 940
1471 1186 986
1472 862 662
1473 733 533
1474 589 389
1475 951 751
1476 1170 970
1477 727 527
1478 1152 852
1479 346 146
1480 810 510
1481 785 585
1482 1153 953
1483 1000 800
1484 1137 937
1485 1146 946
1486 912 612
1487 984 784
1488 1140 940
1489 544 344
1490 862 662
1491 826 626
1492 771 571
1493 606 406
1494 1104 804
1495 1161 961
1496 418 218
1497 1007 807
1498 795 595
1499 466 266
1500 393 193
1501 448 248
1502 840 540
1503 994 794
1504 856 656
1505 769 569
1506 881 681
1507 1068 868
1508 634 434
1509 300 100
1510 814 614
1511 736 536
1512 738 438
1513 1036 836
1514 232 32
1515 1224 924
1516 257 57
1517 1143 943
1518 569 369
1519 255 55
1520 1020 820
1521 828 628
1522 1049 849
1523 744 544
1524 936 636
1525 797 597
1526 462 262
1527 867 667
1528 732 532
1529 642 342
1530 813 613
1531 1035 835
1532 912 612
1533 843 643
1534 246 46
1535 1177 977
1536 221 21
1537 829 629
1538 467 267
1539 403 203
1540 1134 834
1541 997 797
1542 1020 720
1543 645 445
1544 881 681
1545 1127 927
1546 292 92
1547 707 507
1548 239 39
1549 240 40
1550 399 199
1551 756 556
1552 311 111
1553 372 72
1554 937 737
1555 912 712
1556 523 323
1557 505 305
1558 257 57
1559 1123 923
1560 449 249
1561 413 213
1562 907 707
1563 647 447
1564 862 662
1565 1011 811
1566 808 608
1567 965 765
1568 334 134
1569 370 170
1570 1193 993
1571 576 276
1572 546 346
1573 563 363
1574 876 676
1575 720 520
1576 575 375
1577 291 91
1578 669 469
1579 948 748
1580 917 717
1581 858 558
1582 334 134
1583 223 23
1584 1053 853
1585 933 733
1586 903 703
1587 411 211
1588 1014 714
1589 396 96
1590 1125 925
1591 384 184
1592 448 248
1593 816 516
1594 1023 823
1595 709 509
1596 232 32
1597 1290 990
1598 251 51
1599 463 263
1600 1017 817
1601 978 678
1602 893 693
1603 1140 840
1604 1152 952
1605 685 485
1606 1097 897
1607 201 1
1608 969 769
1609 906 606
1610 499 299
1611 623 423
1612 1162 962
1613 1212 912
1614 622 422
1615 921 721
1616 334 134
1617 833 633
1618 585 385
1619 1111 911
1620 780 480
1621 1140 940
1622 1035 835
1623 748 548
1624 627 427
1625 792 492
1626 847 647
1627 509 309
1628 849 649
1629 1026 726
1630 1008 808
1631 280 80
1632 1056 856
1633 870 570
1634 426 126
1635 925 725
1636 357 157
1637 930 730
1638 399 199
1639 1152 952
1640 781 581
1641 318 18
1642 455 255
1643 1068 868
1644 375 175
1645 1198 998
1646 767 567
1647 433 233
1648 851 651
1649 954 654
1650 713 513
1651 1038 838
1652 661 461
1653 388 188
1654 1073 873
1655 287 87
1656 954 754
1657 395 195
1658 301 101
1659 655 455
1660 304 104
1661 1018 818
1662 910 710
1663 887 687
1664 690 490
1665 791 591
1666 517 317
1667 621 421
1668 738 538
1669 936 636
1670 990 790
1671 1029 829
1672 1013 813
1673 813 613
1674 447 247
1675 667 467
1676 418 218
1677 1079 879
1678 369 169
1679 1014 814
1680 730 530
1681 754 554
1682 1006 806
1683 695 495
1684 1169 969
1685 1080 880
1686 897 697
1687 1015 815
1688 491 291
1689 987 787
1690 400 200
1691 768 468
1692 1063 863
1693 258 58
1694 893 693
1695 371 171
1696 303 103
1697 720 420
1698 760 560
1699 535 335
1700 886 686
1701 666 466
1702 430 230
1703 624 424
1704 1072 872
1705 721 521
1706 1133 933
1707 1069 869
1708 876 676
1709 958 758
1710 341 141
1711 970 770
1712 397 197
1713 423 223
1714 639 439
1715 786 586
1716 432 132
1717 936 736
1718 1145 945
1719 349 149
1720 279 79
1721 1171 971
1722 1260 960
1723 990 690
1724 413 213
1725 306 6
1726 613 413
1727 622 422
1728 207 7
1729 561 361
1730 996 696
1731 395 195
1732 376 176
1733 917 717
1734 799 599
1735 570 370
1736 870 670
1737 1157 957
1738 1031 831
1739 540 240
1740 1026 726
1741 568 368
1742 977 777
1743 1180 980
1744 979 779
1745 1132 932
1746 426 126
1747 1071 871
1748 1026 726
1749 652 452
1750 475 275
1751 1066 866
1752 535 335
1753 771 571
1754 978 678
1755 427 227
1756 1090 890
1757 750 550
1758 1030 830
1759 311 111
1760 339 139
1761 622 422
1762 438 238
1763 1097 897
1764 594 394
1765 251 51
1766 834 634
1767 401 201
1768 367 167
1769 1049 849
1770 319 119
1771 906 606
1772 303 103
1773 1086 886
1774 351 151
1775 300 100
1776 1163 963
1777 665 465
1778 843 643
1779 474 174
1780 304 104
1781 660 460
1782 742 542
1783 525 325
1784 409 209
1785 939 739
1786 432 232
1787 709 509
1788 575 375
1789 411 211
1790 948 648
1791 1199 999
1792 921 721
1793 915 715
1794 664 464
1795 521 321
1796 467 267
1797 293 93
1798 621 421
1799 647 447
1800 547 347
1801 813 613
1802 1224 924
1803 941 741
1804 858 558
1805 352 152
1806 1150 950
1807 411 211
1808 559 359
1809 934 734
1810 636 436
1811 799 599
1812 288 88
1813 897 697
1814 802 602
1815 749 549
1816 311 111
1817 499 299
1818 324 24
1819 414 114
1820 370 170
1821 723 523
1822 924 724
1823 996 796
1824 1042 842
1825 432 232
1826 336 136
1827 555 355
1828 227 27
1829 924 724
1830 210 10
1831 307 107
1832 786 586
1833 1097 897
1834 426 126
1835 1071 871
1836 1149 949
1837 1191 991
1838 598 398
1839 391 191
1840 1078 878
1841 748 548
1842 1038 738
1843 970 770
1844 576 376
1845 1146 946
1846 336 136
1847 532 332
1848 432 232
1849 600 300
1850 300 100
1851 465 265
1852 237 37
1853 1072 872
1854 924 624
1855 735 535
1856 439 239
1857 510 310
1858 797 597
1859 792 592
1860 563 363
1861 402 102
1862 876 576
1863 1061 861
1864 949 749
1865 1030 830
1866 845 645
1867 347 147
1868 419 219
1869 966 666
1870 471 271
1871 505 305
1872 881 681
1873 545 345
1874 438 238
1875 1072 872
1876 271 71
1877 1266 966
1878 1062 862
1879 337 137
1880 708 508
1881 312 12
1882 582 382
1883 858 658
1884 942 742
1885 785 585
1886 570 270
1887 217 17
1888 599 399
1889 723 523
1890 327 127
1891 726 526
1892 553 353
1893 989 789
1894 407 207
1895 1093 893
1896 438 138
1897 250 50
1898 366 66
1899 721 521
1900 569 369
1901 732 432
1902 841 641
1903 1138 938
1904 286 86
1905 639 439
1906 918 718
1907 912 712
1908 349 149
1909 735 535
1910 389 189
1911 580 380
1912 1115 915
1913 917 717
1914 701 501
1915 1101 901
1916 615 415
1917 957 757
1918 220 20
1919 257 57
1920 1074 874
1921 937 737
1922 718 518
1923 871 671
1924 703 503
1925 792 592
1926 855 655
1927 955 755
1928 211 11
1929 927 727
1930 1131 931
1931 1194 994
1932 997 797
1933 203 3
1934 268 68
1935 961 761
1936 882 582
1937 773 573
1938 1164 964
1939 841 641
1940 370 170
1941 780 580
1942 510 310
1943 1006 806
1944 397 197
1945 781 581
1946 809 609
1947 659 459
1948 431 231
1949 670 470
1950 228 28
1951 495 295
1952 648 448
1953 670 470
1954 1043 843
1955 834 634
1956 995 795
1957 1063 863
1958 384 184
1959 976 776
1960 607 407
1961 600 300
1962 366 66
1963 564 364
1964 760 560
1965 234 34
1966 1017 817
1967 846 646
1968 762 562
1969 750 450
1970 1015 815
1971 533 333
1972 822 622
1973 597 397
1974 520 320
1975 493 293
1976 299 99
1977 1062 862
1978 342 42
1979 1170 970
1980 382 182
1981 876 676
1982 461 261
1983 226 26
1984 233 33
1985 972 772
1986 868 668
1987 959 759
1988 807 607
1989 1074 874
1990 798 498
1991 946 746
1992 1037 837
1993 745 545
1994 1133 933
1995 449 249
1996 739 539
1997 966 766
1998 1126 926
1999 1097 897
2000 1113 913
2001 1152 952
2002 1095 895
2003 891 691
2004 898 698
2005 570 370
2006 339 139
2007 259 59
2008 1115 915
2009 567 367
2010 744 544
2011 868 668
2012 888 588
2013 253 53
2014 880 680
2015 445 245
2016 509 309
2017 414 114
2018 739 539
2019 978 678
2020 1182 882
2021 1182 882
2022 725 525
2023 1003 803
2024 792 592
2025 582 382
2026 786 486
2027 319 119
2028 661 461
2029 477 277
2030 1101 901
2031 298 98
2032 1131 931
2033 546 246
2034 1156 956
2035 243 43
2036 576 276
2037 508 308
2038 711 511
2039 1134 934
2040 991 791
2041 372 72
2042 816 516
2043 367 167
2044 1001 801
2045 966 666
2046 931 731
2047 1029 829
2048 997 797
2049 684 384
2050 270 70
2051 975 775
2052 420 220
2053 229 29
2054 906 706
2055 897 697
2056 797 597
2057 555 355
2058 900 700
2059 684 384
2060 501 301
2061 264 64
2062 1157 957
2063 721 521
2064 528 328
2065 789 589
2066 618 318
2067 474 174
2068 966 766
2069 889 689
2070 540 340
2071 804 504
2072 757 557
2073 1018 818
2074 964 764
2075 613 413
2076 630 430
2077 844 644
2078 847 647
2079 315 115
2080 575 375
2081 511 311
2082 455 255
2083 467 267
2084 1077 877
2085 1296 996
2086 208 8
2087 690 390
2088 749 549
2089 280 80
2090 1039 839
2091 507 307
2092 981 781
2093 856 656
2094 678 478
2095 690 390
2096 520 320
2097 643 443
2098 941 741
2099 298 98
2100 815 615
2101 267 67
2102 474 274
2103 592 392
2104 999 799
2105 595 395
2106 1018 818
2107 549 349
2108 473 273
2109 209 9
2110 1077 877
2111 279 79
2112 973 773
2113 477 277
2114 989 789
2115 984 784
2116 286 86
2117 760 560
2118 942 742
2119 401 201
2120 504 304
2121 750 550
2122 1127 927
2123 1212 912
2124 437 237
2125 676 476
2126 400 200
2127 822 522
2128 419 219
2129 417 217
2130 946 746
2131 473 273
2132 330 30
2133 504 304
2134 1065 865
2135 534 334
2136 816 516
2137 720 420
2138 504 204
2139 831 631
2140 276 76
2141 739 539
2142 403 203
2143 1158 858
2144 462 262
2145 1224 924
2146 288 88
2147 888 688
2148 373 173
2149 1080 880
2150 958 758
2151 834 634
2152 679 479
2153 1139 939
2154 685 485
2155 871 671
2156 1195 995
2157 779 579
2158 691 491
2159 556 356
2160 489 289
2161 408 208
2162 451 251
2163 633 433
2164 757 557
2165 342 42
2166 1122 922
2167 1194 994
2168 972 772
2169 546 246
2170 648 348
2171 619 419
2172 373 173
2173 321 121
2174 387 187
2175 1067 867
2176 873 673
2177 1042 842
2178 400 200
2179 969 769
2180 852 652
2181 436 236
2182 1167 967
2183 850 650
2184 217 17
2185 753 553
2186 727 527
2187 600 400
2188 372 72
2189 839 639
2190 503 303
2191 379 179
2192 715 515
2193 303 103
2194 726 426
2195 588 388
2196 579 379
2197 708 408
2198 747 547
2199 301 101
2200 624 424
2201 504 304
2202 1169 969
2203 282 82
2204 438 238
2205 579 379
2206 984 684
2207 754 554
2208 1177 977
2209 441 241
2210 1197 997
2211 589 389
2212 1177 977
2213 876 676
2214 1026 826
2215 455 255
2216 813 613
2217 951 751
2218 567 367
2219 1155 955
2220 276 76
2221 1167 967
2222 477 277
2223 1185 985
2224 1127 927
2225 1061 861
2226 1054 854
2227 585 385
2228 921 721
2229 322 122
2230 870 670
2231 693 493
2232 1242 942
2233 606 306
2234 595 395
2235 898 698
2236 838 638
2237 409 209
2238 1198 998
2239 474 174
2240 259 59
2241 1072 872
2242 804 504
2243 611 411
2244 550 350
2245 396 96
2246 885 685
2247 562 362
2248 1013 813
2249 917 717
2250 747 547
2251 561 361
2252 1168 968
2253 412 212
2254 475 275
2255 957 757
2256 1159 959
2257 936 636
2258 1055 855
2259 816 616
2260 1173 973
2261 1065 865
2262 558 258
2263 987 787
2264 928 728
2265 1092 892
2266 1099 899
2267 888 588
2268 261 61
2269 539 339
2270 665 465
2271 1090 890
2272 328 128
2273 1015 815
2274 871 671
2275 955 755
2276 202 2
2277 1152 952
2278 241 41
2279 756 556
2280 456 256
2281 1115 915
2282 613 413
2283 529 329
2284 395 195
2285 460 260
2286 811 611
2287 463 263
2288 738 538
2289 379 179
2290 381 181
2291 1073 873
2292 417 217
2293 219 19
2294 1111 911
2295 1140 840
2296 604 404
2297 1122 822
2298 679 479
2299 601 401
2300 1056 756
2301 426 226
2302 501 301
2303 1155 955
2304 576 376
2305 1290 990
2306 732 532
2307 765 565
2308 1133 933
2309 309 109
2310 615 415
2311 268 68
2312 447 247
2313 1177 977
2314 576 276
2315 466 266
2316 237 37
2317 1116 816
2318 604 404
2319 664 464
2320 760 560
2321 843 643
2322 304 104
2323 316 116
2324 779 579
2325 361 161
2326 621 421
2327 843 643
2328 748 548
2329 648 448
2330 929 729
2331 708 408
2332 713 513
2333 792 492
2334 1155 955
2335 490 290
2336 504 204
2337 965 765
2338 646 446
2339 534 234
2340 759 559
2341 445 245
2342 678 478
2343 318 18
2344 376 176
2345 239 39
2346 304 104
2347 414 214
2348 402 102
2349 217 17
2350 534 334
2351 834 534
2352 473 273
2353 250 50
2354 1137 937
2355 366 66
2356 781 581
2357 772 572
2358 276 76
2359 460 260
2360 1119 919
2361 918 618
2362 231 31
2363 617 417
2364 1102 902
2365 963 763
2366 273 73
2367 455 255
2368 202 2
2369 1029 829
2370 573 373
2371 240 40
2372 924 624
2373 1014 714
2374 957 757
2375 1174 974
2376 468 268
2377 402 102
2378 361 161
2379 580 380
2380 498 198
2381 594 294
2382 321 121
2383 243 43
2384 1069 869
2385 881 681
2386 762 462
2387 793 593
2388 1266 966
2389 211 11
2390 1189 989
2391 803 603
2392 1157 957
2393 285 85
2394 859 659
2395 852 652
2396 217 17
2397 606 406
2398 881 681
2399 1187 987
2400 460 260
2401 988 788
2402 609 409
2403 257 57
2404 689 489
2405 675 475
2406 1074 774
2407 612 312
2408 1084 884
2409 388 188
2410 1284 984
2411 312 12
2412 613 413
2413 1014 814
2414 709 509
2415 941 741
2416 484 284
2417 217 17
2418 961 761
2419 875 675
2420 522 222
2421 846 646
2422 942 742
2423 732 432
2424 390 190
2425 783 583
2426 700 500
2427 633 433
2428 1036 836
2429 1008 708
2430 678 378
2431 901 701
2432 721 521
2433 660 460
2434 1026 826
2435 1163 963
2436 600 400
2437 679 479
2438 1048 848
2439 1096 896
2440 231 31
2441 1139 939
2442 227 27
2443 438 238
2444 603 403
2445 259 59
2446 363 163
2447 286 86
2448 575 375
2449 793 593
2450 468 168
2451 623 423
2452 789 589
2453 852 652
2454 337 137
2455 267 67
2456 1162 962
2457 562 362
2458 418 218
2459 376 176
2460 750 550
2461 591 391
2462 1188 988
2463 1053 853
2464 513 313
2465 1296 996
2466 576 376
2467 976 776
2468 807 607
2469 633 433
2470 444 244
2471 378 78
2472 340 140
2473 1090 890
2474 528 228
2475 1131 931
2476 257 57
2477 552 252
2478 785 585
2479 293 93
2480 1248 948
2481 1081 881
2482 941 741
2483 413 213
2484 603 403
2485 928 728
2486 805 605
2487 413 213
2488 558 258
2489 933 733
2490 765 565
2491 210 10
2492 887 687
2493 750 550
2494 783 583
2495 467 267
2496 1176 876
2497 252 52
2498 1272 972
2499 927 727
2500 821 621
2501 1002 702
2502 240 40
2503 587 387
2504 365 165
2505 1033 833
2506 729 529
2507 217 17
2508 693 493
2509 498 298
2510 337 137
2511 826 626
2512 797 597
2513 409 209
2514 1071 871
2515 981 781
2516 480 280
2517 655 455
2518 793 593
2519 580 380
2520 508 308
2521 1188 888
2522 269 69
2523 445 245
2524 1175 975
2525 658 458
2526 507 307
2527 671 471
2528 227 27
2529 1180 980
2530 648 348
2531 832 632
2532 342 42
2533 343 143
2534 229 29
2535 309 109
2536 1025 825
2537 880 680
2538 708 508
2539 1062 762
2540 809 609
2541 1051 851
2542 921 721
2543 741 541
2544 217 17
2545 313 113
2546 1182 982
2547 783 583
2548 837 637
2549 490 290
2550 1191 991
2551 610 410
2552 442 242
2553 659 459
2554 611 411
2555 963 763
2556 486 286
2557 1121 921
2558 876 576
2559 201 1
2560 204 4
2561 528 228
2562 630 330
2563 444 244
2564 790 590
2565 852 652
2566 1248 948
2567 810 510
2568 729 529
2569 903 703
2570 628 428
2571 565 365
2572 564 364
2573 1168 968
2574 587 387
2575 646 446
2576 216 16
2577 745 545
2578 282 82
2579 915 715
2580 840 640
2581 1066 866
2582 1098 798
2583 1102 902
2584 1110 810
2585 570 270
2586 837 637
2587 915 715
2588 581 381
2589 1165 965
2590 222 22
2591 1113 913
2592 657 457
2593 556 356
2594 573 373
2595 585 385
2596 769 569
2597 958 758
2598 987 787
2599 973 773
2600 291 91
2601 762 462
2602 649 449
2603 606 306
2604 534 334
2605 906 706
2606 786 486
2607 814 614
2608 802 602
2609 841 641
2610 1020 820
2611 649 449
2612 219 19
2613 237 37
2614 871 671
2615 1168 968
2616 1174 974
2617 274 74
2618 677 477
2619 285 85
2620 918 618
2621 1156 956
2622 1126 926
2623 408 208
2624 1072 872
2625 912 612
2626 684 484
2627 736 536
2628 571 371
2629 492 292
2630 672 372
2631 1114 914
2632 1188 888
2633 717 517
2634 299 99
2635 377 177
2636 1079 879
2637 552 352
2638 1002 802
2639 819 619
2640 719 519
2641 306 106
2642 510 210
2643 826 626
2644 573 373
2645 917 717
2646 616 416
2647 688 488
2648 541 341
2649 269 69
2650 761 561
2651 1009 809
2652 727 527
2653 720 520
2654 1183 983
2655 772 572
2656 531 331
2657 269 69
2658 313 113
2659 390 90
2660 909 709
2661 413 213
2662 286 86
2663 285 85
2664 897 697
2665 549 349
2666 1155 955
2667 798 498
2668 719 519
2669 641 441
2670 383 183
2671 983 783
2672 360 160
2673 510 210
2674 478 278
2675 565 365
2676 570 270
2677 353 153
2678 619 419
2679 886 686
2680 887 687
2681 1073 873
2682 227 27
2683 471 271
2684 947 747
2685 688 488
2686 352 152
2687 423 223
2688 1017 817
2689 277 77
2690 684 484
2691 1014 814
2692 845 645
2693 307 107
2694 417 217
2695 214 14
2696 517 317
2697 333 133
2698 895 695
2699 221 21
2700 238 38
2701 663 463
2702 990 790
2703 1128 928
2704 883 683
2705 443 243
2706 1103 903
2707 537 337
2708 978 678
2709 673 473
2710 750 550
2711 1114 914
2712 421 221
2713 653 453
2714 1114 914
2715 743 543
2716 973 773
2717 936 636
2718 563 363
2719 432 232
2720 994 794
2721 486 286
2722 563 363
2723 1075 875
2724 205 5
2725 1029 829
2726 1173 973
2727 742 542
2728 843 643
2729 628 428
2730 809 609
2731 1134 834
2732 421 221
2733 305 105
2734 861 661
2735 948 648
2736 490 290
2737 984 684
2738 1188 988
2739 1096 896
2740 677 477
2741 1101 901
2742 1083 883
2743 648 348
2744 1013 813
2745 880 680
2746 1074 774
2747 202 2
2748 1167 967
2749 408 108
2750 1031 831
2751 687 487
2752 838 638
2753 1007 807
2754 367 167
2755 739 539
2756 936 636
2757 323 123
2758 795 595
2759 971 771
2760 669 469
2761 444 244
2762 615 415
2763 1170 970
2764 682 482
2765 1140 840
2766 330 30
2767 594 294
2768 771 571
2769 1141 941
2770 927 727
2771 1129 929
2772 436 236
2773 1029 829
2774 1161 961
2775 853 653
2776 456 256
2777 588 388
2778 264 64
2779 450 150
2780 729 529
2781 528 328
2782 436 236
2783 396 196
2784 645 445
2785 664 464
2786 1105 905
2787 666 366
2788 378 178
2789 858 558
2790 745 545
2791 743 543
2792 1170 970
2793 748 548
2794 499 299
2795 1051 851
2796 1095 895
2797 730 530
2798 1023 823
2799 562 362
2800 864 664
2801 790 590
2802 904 704
2803 408 108
2804 929 729
2805 241 41
2806 396 96
2807 700 500
2808 1111 911
2809 648 448
2810 1126 926
2811 261 61
2812 585 385
2813 857 657
2814 1067 867
2815 223 23
2816 784 584
2817 337 137
2818 415 215
2819 918 618
2820 759 559
2821 700 500
2822 297 97
2823 256 56
2824 587 387
2825 597 397
2826 912 612
2827 871 671
2828 675 475
2829 900 600
2830 594 394
2831 805 605
2832 568 368
2833 487 287
2834 829 629
2835 418 218
2836 502 302
2837 922 722
2838 720 520
2839 256 56
2840 633 433
2841 205 5
2842 894 594
2843 1266 966
2844 432 232
2845 269 69
2846 226 26
2847 912 712
2848 229 29
2849 387 187
2850 579 379
2851 756 456
2852 1195 995
2853 1191 991
2854 601 401
2855 1116 816
2856 238 38
2857 581 381
2858 226 26
2859 805 605
2860 694 494
2861 371 171
2862 750 550
2863 901 701
2864 675 475
2865 1032 832
2866 415 215
2867 481 281
2868 705 505
2869 1110 910
2870 945 745
2871 475 275
2872 262 62
2873 817 617
2874 1110 810
2875 425 225
2876 207 7
2877 486 286
2878 499 299
2879 1164 864
2880 942 742
2881 864 564
2882 732 532
2883 665 465
2884 454 254
2885 1037 837
2886 451 251
2887 786 486
2888 324 124
2889 1077 877
2890 261 61
2891 677 477
2892 540 240
2893 546 346
2894 1011 811
2895 636 436
2896 617 417
2897 810 610
2898 343 143
2899 915 715
2900 540 340
2901 775 575
2902 739 539
2903 220 20
2904 954 654
2905 334 134
2906 256 56
2907 294 94
2908 948 748
2909 882 682
2910 432 132
2911 709 509
2912 322 122
2913 317 117
2914 1050 850
2915 403 203
2916 976 776
2917 808 608
2918 1218 918
2919 1254 954
2920 570 270
2921 618 318
2922 670 470
2923 887 687
2924 353 153
2925 724 524
2926 409 209
2927 448 248
2928 619 419
2929 731 531
2930 307 107
2931 886 686
2932 918 718
2933 1092 892
2934 423 223
2935 972 772
2936 1105 905
2937 1254 954
2938 939 739
2939 421 221
2940 689 489
2941 499 299
2942 775 575
2943 729 529
2944 873 673
2945 487 287
2946 493 293
2947 732 432
2948 426 226
2949 567 367
2950 346 146
2951 804 604
2952 347 147
2953 618 318
2954 1027 827
2955 715 515
2956 257 57
2957 1011 811
2958 977 777
2959 435 235
2960 463 263
2961 389 189
2962 461 261
2963 576 276
2964 319 119
2965 749 549
2966 1020 820
2967 425 225
2968 519 319
2969 223 23
2970 1147 947
2971 1086 886
2972 901 701
2973 708 408
2974 939 739
2975 307 107
2976 723 523
2977 265 65
2978 1110 910
2979 631 431
2980 579 379
2981 678 378
2982 959 759
2983 925 725
2984 394 194
2985 623 423
2986 450 150
2987 1062 762
2988 377 177
2989 462 262
2990 1017 817
2991 1020 820
2992 231 31
2993 231 31
2994 580 380
2995 324 124
2996 996 696
2997 402 202
2998 209 9
2999 1176 876
3000 684 384
3001 820 620
3002 468 168
3003 1170 970
3004 660 360
3005 713 513
3006 208 8
3007 355 155
3008 760 560
3009 827 627
3010 363 163
3011 1192 992
3012 390 90
3013 569 369
3014 1086 886
3015 747 547
3016 565 365
3017 256 56
3018 917 717
3019 426 226
3020 743 543
3021 966 766
3022 771 571
3023 539 339
3024 537 337
3025 945 745
3026 792 592
3027 262 62
3028 543 343
3029 747 547
3030 924 624
3031 1098 798
3032 381 181
3033 377 177
3034 714 514
3035 975 775
3036 714 514
3037 591 391
3038 526 326
3039 905 705
3040 1188 888
3041 317 117
3042 954 654
3043 523 323
3044 1025 825
3045 612 412
3046 237 37
3047 216 16
3048 627 427
3049 937 737
3050 898 698
3051 485 285
3052 981 781
3053 201 1
3054 1158 958
3055 736 536
3056 1039 839
3057 1051 851
3058 1161 961
3059 1138 938
3060 1181 981
3061 857 657
3062 1020 720
3063 245 45
3064 229 29
3065 954 654
3066 466 266
3067 559 359
3068 723 523
3069 1056 856
3070 837 637
3071 709 509
3072 635 435
3073 655 455
3074 469 269
3075 1008 808
3076 647 447
3077 564 364
3078 358 158
3079 723 523
3080 676 476
3081 1170 970
3082 1108 908
3083 634 434
3084 298 98
3085 612 312
3086 321 121
3087 411 211
3088 1200 1000
3089 1109 909
3090 887 687
3091 372 72
3092 299 99
3093 1018 818
3094 1041 841
3095 403 203
3096 767 567
3097 267 67
3098 570 270
3099 1193 993
3100 456 156
3101 238 38
3102 1242 942
3103 751 551
3104 730 530
3105 849 649
3106 438 138
3107 991 791
3108 1013 813
3109 415 215
3110 431 231
3111 643 443
3112 265 65
3113 1176 876
3114 811 611
3115 888 688
3116 334 134
3117 384 84
3118 1242 942
3119 853 653
3120 1084 884
3121 487 287
3122 870 570
3123 401 201
3124 1212 912
3125 1008 808
3126 579 379
3127 927 727
3128 1189 989
3129 592 392
3130 1020 720
3131 813 613
3132 443 243
3133 1167 967
3134 407 207
3135 1080 880
3136 532 332
3137 868 668
3138 552 252
3139 1065 865
3140 289 89
3141 615 415
3142 298 98
3143 1194 994
3144 948 648
3145 1101 901
3146 599 399
3147 265 65
3148 737 537
3149 792 492
3150 364 164
3151 660 460
3152 1132 932
3153 606 306
3154 587 387
3155 1067 867
3156 988 788
3157 401 201
3158 1047 847
3159 809 609
3160 834 534
3161 978 678
3162 462 262
3163 603 403
3164 618 418
3165 821 621
3166 858 658
3167 382 182
3168 544 344
3169 1182 982
3170 1147 947
3171 960 660
3172 1132 932
3173 835 635
3174 1198 998
3175 1144 944
3176 275 75
3177 1183 983
3178 1073 873
3179 300 100
3180 835 635
3181 551 351
3182 228 28
3183 990 690
3184 774 574
3185 564 364
3186 828 528
3187 732 432
3188 615 415
3189 559 359
3190 779 579
3191 393 193
3192 1042 842
3193 859 659
3194 210 10
3195 323 123
3196 780 480
3197 647 447
3198 1062 862
3199 699 499
3200 564 264
3201 521 321
3202 791 591
3203 486 186
3204 423 223
3205 579 379
3206 1003 803
3207 899 699
3208 564 264
3209 732 432
3210 487 287
3211 594 394
3212 1036 836
3213 1191 991
3214 816 516
3215 618 318
3216 259 59
3217 1167 967
3218 699 499
3219 599 399
3220 417 217
3221 281 81
3222 569 369
3223 568 368
3224 641 441
3225 657 457
3226 731 531
3227 1069 869
3228 213 13
3229 1077 877
3230 438 138
3231 582 382
3232 811 611
3233 475 275
3234 552 352
3235 234 34
3236 420 120
3237 367 167
3238 289 89
3239 340 140
3240 1129 929
3241 826 626
3242 667 467
3243 673 473
3244 621 421
3245 1179 979
3246 1125 925
3247 351 151
3248 868 668
3249 634 434
3250 579 379
3251 336 136
3252 942 642
3253 207 7
3254 348 48
3255 1108 908
3256 364 164
3257 919 719
3258 1121 921
3259 426 226
3260 481 281
3261 767 567
3262 1025 825
3263 1167 967
3264 417 217
3265 486 286
3266 559 359
3267 628 428
3268 1121 921
3269 463 263
3270 744 544
3271 480 180
3272 813 613
3273 508 308
3274 771 571
3275 899 699
3276 1020 820
3277 528 228
3278 1080 880
3279 967 767
3280 616 416
3281 781 581
3282 1104 904
3283 635 435
3284 1194 994
3285 241 41
3286 1200 1000
3287 991 791
3288 305 105
3289 877 677
3290 877 677
3291 444 144
3292 460 260
3293 453 253
3294 1056 856
3295 270 70
3296 771 571
3297 977 777
3298 534 234
3299 976 776
3300 841 641
3301 1051 851
3302 361 161
3303 1025 825
3304 648 348
3305 810 510
3306 737 537
3307 910 710
3308 1139 939
3309 336 136
3310 220 20
3311 954 654
3312 1110 910
3313 328 128
3314 898 698
3315 664 464
3316 562 362
3317 1044 744
3318 712 512
3319 263 63
3320 826 626
3321 779 579
3322 845 645
3323 529 329
3324 670 470
3325 312 112
3326 1056 856
3327 227 27
3328 439 239
3329 460 260
3330 1043 843
3331 786 486
3332 304 104
3333 972 772
3334 1230 930
3335 709 509
3336 1170 870
3337 880 680
3338 220 20
3339 652 452
3340 1049 849
3341 720 520
3342 208 8
3343 1170 970
3344 912 712
3345 291 91
3346 377 177
3347 239 39
3348 360 160
3349 666 466
3350 315 115
3351 930 630
3352 378 78
3353 1121 921
3354 923 723
3355 888 588
3356 975 775
3357 526 326
3358 745 545
3359 222 22
3360 1127 927
3361 540 240
3362 441 241
3363 1290 990
3364 1086 886
3365 480 280
3366 245 45
3367 231 31
3368 892 692
3369 923 723
3370 1156 956
3371 744 444
3372 642 342
3373 485 285
3374 882 582
3375 408 108
3376 426 126
3377 214 14
3378 510 310
3379 756 456
3380 594 294
3381 417 217
3382 810 510
3383 851 651
3384 885 685
3385 496 296
3386 365 165
3387 889 689
3388 240 40
3389 585 385
3390 964 764
3391 348 48
3392 329 129
3393 803 603
3394 204 4
3395 289 89
3396 484 284
3397 1161 961
3398 377 177
3399 615 415
3400 396 196
3401 205 5
3402 937 737
3403 690 390
3404 354 154
3405 726 526
3406 582 382
3407 589 389
3408 934 734
3409 1146 946
3410 895 695
3411 1140 940
3412 427 227
3413 636 436
3414 882 682
3415 1098 798
3416 239 39
3417 450 150
3418 477 277
3419 540 240
3420 756 456
3421 1079 879
3422 735 535
3423 903 703
3424 623 423
3425 551 351
3426 204 4
3427 293 93
3428 744 544
3429 397 197
3430 406 206
3431 765 565
3432 540 240
3433 1128 928
3434 388 188
3435 462 162
3436 781 581
3437 282 82
3438 1134 934
3439 291 91
3440 457 257
3441 341 141
3442 450 150
3443 654 354
3444 407 207
3445 1122 922
3446 856 656
3447 383 183
3448 864 564
3449 717 517
3450 1098 898
3451 329 129
3452 982 782
3453 1110 810
3454 876 676
3455 293 93
3456 328 128
3457 702 402
3458 297 97
3459 408 108
3460 748 548
3461 982 782
3462 1116 916
3463 609 409
3464 918 718
3465 250 50
3466 523 323
3467 1192 992
3468 1135 935
3469 851 651
3470 751 551
3471 472 272
3472 576 376
3473 1009 809
3474 753 553
3475 265 65
3476 870 570
3477 637 437
3478 1030 830
3479 694 494
3480 684 484
3481 444 244
3482 456 156
3483 612 412
3484 1180 980
3485 225 25
3486 642 442
3487 889 689
3488 1140 940
3489 1054 854
3490 1147 947
3491 493 293
3492 1062 862
3493 299 99
3494 1155 955
3495 227 27
3496 1192 992
3497 981 781
3498 1000 800
3499 481 281
3500 241 41
3501 880 680
3502 1153 953
3503 523 323
3504 905 705
3505 245 45
3506 274 74
3507 1035 835
3508 396 196
3509 1060 860
3510 1006 806
3511 936 636
3512 607 407
3513 394 194
3514 979 779
3515 481 281
3516 937 737
3517 888 588
3518 1049 849
3519 307 107
3520 803 603
3521 966 666
3522 627 427
3523 804 504
3524 504 304
3525 349 149
3526 907 707
3527 1116 916
3528 1125 925
3529 1092 792
3530 641 441
3531 811 611
3532 897 697
3533 1097 897
3534 1021 821
3535 868 668
3536 690 390
3537 953 753
3538 280 80
3539 463 263
3540 1122 822
3541 408 208
3542 855 655
3543 591 391
3544 670 470
3545 857 657
3546 335 135
3547 793 593
3548 533 333
3549 696 396
3550 401 201
3551 643 443
3552 1029 829
3553 238 38
3554 1111 911
3555 509 309
3556 1017 817
3557 330 130
3558 221 21
3559 1194 994
3560 445 245
3561 675 475
3562 528 328
3563 528 328
3564 1073 873
3565 231 31
3566 654 354
3567 643 443
3568 214 14
3569 549 349
3570 1035 835
3571 293 93
3572 982 782
3573 631 431
3574 769 569
3575 905 705
3576 703 503
3577 625 425
3578 1161 961
3579 1099 899
3580 377 177
3581 383 183
3582 435 235
3583 481 281
3584 291 91
3585 826 626
3586 817 617
3587 936 636
3588 1113 913
3589 323 123
3590 511 311
3591 543 343
3592 552 352
3593 1074 774
3594 532 332
3595 1038 838
3596 784 584
3597 1164 864
3598 904 704
3599 864 664
3600 865 665
3601 761 561
3602 899 699
3603 786 486
3604 702 502
3605 642 442
3606 396 196
3607 553 353
3608 444 244
3609 972 672
3610 423 223
3611 647 447
3612 1155 955
3613 999 799
3614 669 469
3615 645 445
3616 507 307
3617 942 742
3618 612 312
3619 462 262
3620 816 616
3621 1049 849
3622 611 411
3623 1038 738
3624 295 95
3625 1185 985
3626 693 493
3627 511 311
3628 702 502
3629 334 134
3630 391 191
3631 988 788
3632 815 615
3633 862 662
3634 737 537
3635 852 552
3636 796 596
3637 994 794
3638 1072 872
3639 951 751
3640 580 380
3641 359 159
3642 931 731
3643 292 92
3644 492 292
3645 642 442
3646 1236 936
3647 1188 888
3648 1183 983
3649 243 43
3650 675 475
3651 945 745
3652 982 782
3653 426 226
3654 696 496
3655 411 211
3656 1120 920
3657 501 301
3658 875 675
3659 946 746
3660 971 771
3661 903 703
3662 631 431
3663 253 53
3664 816 616
3665 586 386
3666 347 147
3667 653 453
3668 258 58
3669 1290 990
3670 1038 838
3671 1059 859
3672 487 287
3673 895 695
3674 1019 819
3675 972 772
3676 277 77
3677 666 466
3678 445 245
3679 816 616
3680 1146 846
3681 1159 959
3682 796 596
3683 535 335
3684 828 628
3685 864 664
3686 1170 870
3687 610 410
3688 213 13
3689 984 784
3690 263 63
3691 751 551
3692 991 791
3693 541 341
3694 1168 968
3695 1069 869
3696 408 108
3697 487 287
3698 699 499
3699 603 403
3700 919 719
3701 318 118
3702 1128 828
3703 309 109
3704 397 197
3705 1050 750
3706 633 433
3707 847 647
3708 1141 941
3709 738 438
3710 387 187
3711 903 703
3712 1120 920
3713 456 156
3714 355 155
3715 982 782
3716 708 408
3717 1038 738
3718 453 253
3719 1183 983
3720 876 676
3721 744 444
3722 303 103
3723 1047 847
3724 706 506
3725 919 719
3726 426 226
3727 1123 923
3728 1132 932
3729 1139 939
3730 636 336
3731 796 596
3732 1163 963
3733 1158 858
3734 1132 932
3735 1037 837
3736 958 758
3737 810 510
3738 484 284
3739 539 339
3740 612 412
3741 910 710
3742 630 330
3743 744 444
3744 597 397
3745 337 137
3746 478 278
3747 864 664
3748 1128 828
3749 448 248
3750 349 149
3751 315 115
3752 495 295
3753 880 680
3754 565 365
3755 1008 808
3756 805 605
3757 1157 957
3758 870 670
3759 646 446
3760 714 414
3761 264 64
3762 377 177
3763 231 31
3764 919 719
3765 378 178
3766 444 244
3767 532 332
3768 931 731
3769 454 254
3770 420 220
3771 457 257
3772 474 274
3773 1014 714
3774 750 450
3775 687 487
3776 325 125
3777 882 582
3778 666 366
3779 432 132
3780 503 303
3781 442 242
3782 510 310
3783 636 436
3784 1037 837
3785 1140 940
3786 967 767
3787 587 387
3788 646 446
3789 815 615
3790 1018 818
3791 1212 912
3792 1108 908
3793 757 557
3794 360 160
3795 868 668
3796 1193 993
3797 366 166
3798 906 606
3799 640 440
3800 274 74
3801 486 286
3802 298 98
3803 562 362
3804 1039 839
3805 414 114
3806 795 595
3807 664 464
3808 1152 952
3809 627 427
3810 1224 924
3811 906 706
3812 633 433
3813 281 81
3814 1073 873
3815 984 684
3816 246 46
3817 1080 880
3818 703 503
3819 849 649
3820 231 31
3821 742 542
3822 304 104
3823 209 9
3824 901 701
3825 634 434
3826 1117 917
3827 931 731
3828 342 42
3829 510 310
3830 337 137
3831 1051 851
3832 965 765
3833 286 86
3834 228 28
3835 805 605
3836 683 483
3837 354 54
3838 541 341
3839 903 703
3840 1098 798
3841 972 672
3842 799 599
3843 642 442
3844 346 146
3845 539 339
3846 900 700
3847 337 137
3848 618 418
3849 748 548
3850 1152 852
3851 1161 961
3852 247 47
3853 352 152
3854 447 247
3855 711 511
3856 281 81
3857 591 391
3858 1074 774
3859 532 332
3860 875 675
3861 595 395
3862 237 37
3863 1020 820
3864 907 707
3865 670 470
3866 276 76
3867 777 577
3868 999 799
3869 1151 951
3870 641 441
3871 1180 980
3872 420 120
3873 837 637
3874 742 542
3875 565 365
3876 1194 994
3877 953 753
3878 545 345
3879 1005 805
3880 418 218
3881 328 128
3882 774 574
3883 891 691
3884 426 126
3885 1007 807
3886 783 583
3887 1043 843
3888 976 776
3889 477 277
3890 576 276
3891 900 600
3892 203 3
3893 563 363
3894 203 3
3895 1067 867
3896 627 427
3897 766 566
3898 232 32
3899 624 424
3900 393 193
3901 1116 916
3902 341 141
3903 256 56
3904 653 453
3905 654 354
3906 827 627
3907 897 697
3908 969 769
3909 840 540
3910 767 567
3911 831 631
3912 1180 980
3913 445 245
3914 989 789
3915 591 391
3916 804 604
3917 1001 801
3918 732 432
3919 666 366
3920 282 82
3921 366 66
3922 648 448
3923 381 181
3924 870 570
3925 636 336
3926 753 553
3927 400 200
3928 663 463
3929 943 743
3930 786 586
3931 217 17
3932 1179 979
3933 868 668
3934 267 67
3935 449 249
3936 660 460
3937 736 536
3938 533 333
3939 1024 824
3940 232 32
3941 1123 923
3942 670 470
3943 703 503
3944 202 2
3945 673 473
3946 970 770
3947 461 261
3948 505 305
3949 1176 976
3950 930 730
3951 1170 870
3952 1031 831
3953 768 568
3954 1140 840
3955 749 549
3956 1072 872
3957 849 649
3958 1120 920
3959 267 67
3960 431 231
3961 424 224
3962 769 569
3963 1189 989
3964 291 91
3965 1041 841
3966 857 657
3967 353 153
3968 799 599
3969 397 197
3970 580 380
3971 996 696
3972 693 493
3973 522 222
3974 990 790
3975 598 398
3976 966 666
3977 430 230
3978 971 771
3979 1005 805
3980 733 533
3981 435 235
3982 237 37
3983 1077 877
3984 1008 808
3985 1125 925
3986 978 678
3987 767 567
3988 565 365
3989 598 398
3990 753 553
3991 360 60
3992 1137 937
3993 324 24
3994 557 357
3995 438 138
3996 203 3
3997 1254 954
3998 1129 929
3999 695 495
4000 1189 989
4001 651 451
4002 753 553
4003 819 619
4004 726 426
4005 1109 909
4006 463 263
4007 706 506
4008 366 166
4009 307 107
4010 906 706
4011 1079 879
4012 529 329
4013 826 626
4014 1194 994
4015 366 66
4016 628 428
4017 235 35
4018 577 377
4019 1086 786
4020 1065 865
4021 447 247
4022 1027 827
4023 251 51
4024 366 166
4025 1001 801
4026 1242 942
4027 785 585
4028 1170 970
4029 207 7
4030 390 90
4031 651 451
4032 498 198
4033 801 601
4034 354 154
4035 780 480
4036 718 518
4037 424 224
4038 289 89
4039 348 148
4040 741 541
4041 1080 880
4042 1109 909
4043 316 116
4044 1176 876
4045 589 389
4046 591 391
4047 653 453
4048 826 626
4049 537 337
4050 713 513
4051 929 729
4052 864 564
4053 504 204
4054 222 22
4055 409 209
4056 335 135
4057 966 666
4058 300 100
4059 851 651
4060 420 120
4061 425 225
4062 565 365
4063 349 149
4064 603 403
4065 1071 871
4066 689 489
4067 911 711
4068 1009 809
4069 1199 999
4070 268 68
4071 981 781
4072 591 391
4073 221 21
4074 1078 878
4075 994 794
4076 245 45
4077 653 453
4078 414 214
4079 438 238
4080 1128 828
4081 903 703
4082 762 462
4083 849 649
4084 327 127
4085 749 549
4086 522 322
4087 717 517
4088 834 634
4089 651 451
4090 1192 992
4091 791 591
4092 1122 822
4093 726 526
4094 744 544
4095 709 509
4096 534 234
4097 709 509
4098 720 420
4099 953 753
4100 515 315
4101 355 155
4102 793 593
4103 988 788
4104 1180 980
4105 1138 938
4106 412 212
4107 291 91
4108 522 222
4109 912 712
4110 1086 886
4111 357 157
4112 1153 953
4113 1197 997
4114 1152 952
4115 1011 811
4116 672 472
4117 1043 843
4118 647 447
4119 858 558
4120 721 521
4121 408 108
4122 1212 912
4123 1092 892
4124 1146 946
4125 887 687
4126 540 340
4127 715 515
4128 373 173
4129 652 452
4130 709 509
4131 276 76
4132 748 548
4133 898 698
4134 215 15
4135 457 257
4136 269 69
4137 1159 959
4138 727 527
4139 790 590
4140 222 22
4141 256 56
4142 983 783
4143 707 507
4144 1001 801
4145 1200 900
4146 1079 879
4147 1167 967
4148 785 585
4149 821 621
4150 789 589
4151 1174 974
4152 387 187
4153 942 742
4154 906 606
4155 1092 892
4156 670 470
4157 597 397
4158 498 298
4159 1236 936
4160 714 514
4161 1098 898
4162 299 99
4163 321 121
4164 912 612
4165 642 342
4166 354 54
4167 1248 948
4168 504 304
4169 485 285
4170 1183 983
4171 387 187
4172 605 405
4173 611 411
4174 505 305
4175 222 22
4176 648 348
4177 378 178
4178 576 276
4179 1006 806
4180 1137 937
4181 426 226
4182 1224 924
4183 508 308
4184 312 112
4185 1031 831
4186 900 600
4187 1150 950
4188 648 448
4189 1087 887
4190 280 80
4191 858 658
4192 435 235
4193 804 504
4194 238 38
4195 1161 961
4196 792 492
4197 582 382
4198 837 637
4199 501 301
4200 1079 879
4201 966 666
4202 757 557
4203 682 482
4204 899 699
4205 851 651
4206 864 564
4207 324 24
4208 747 547
4209 1001 801
4210 501 301
4211 906 606
4212 672 472
4213 744 444
4214 757 557
4215 1137 937
4216 472 272
4217 401 201
4218 840 640
4219 978 778
4220 558 258
4221 309 109
4222 760 560
4223 603 403
4224 1151 951
4225 335 135
4226 622 422
4227 555 355
4228 634 434
4229 634 434
4230 954 654
4231 964 764
4232 480 280
4233 372 72
4234 999 799
4235 467 267
4236 497 297
4237 311 111
4238 480 280
4239 376 176
4240 700 500
4241 879 679
4242 996 796
4243 713 513
4244 690 390
4245 538 338
4246 1026 726
4247 459 259
4248 955 755
4249 859 659
4250 693 493
4251 697 497
4252 539 339
4253 855 655
4254 1073 873
4255 970 770
4256 934 734
4257 670 470
4258 211 11
4259 678 478
4260 1152 952
4261 394 194
4262 945 745
4263 993 793
4264 437 237
4265 742 542
4266 839 639
4267 535 335
4268 1109 909
4269 871 671
4270 550 350
4271 1006 806
4272 641 441
4273 694 494
4274 240 40
4275 1074 774
4276 323 123
4277 372 172
4278 313 113
4279 483 283
4280 1110 810
4281 384 84
4282 871 671
4283 449 249
4284 1051 851
4285 493 293
4286 291 91
4287 327 127
4288 208 8
4289 485 285
4290 238 38
4291 1272 972
4292 341 141
4293 1198 998
4294 484 284
4295 1149 949
4296 1197 997
4297 931 731
4298 811 611
4299 988 788
4300 937 737
4301 651 451
4302 708 508
4303 930 730
4304 520 320
4305 629 429
4306 681 481
4307 277 77
4308 384 184
4309 726 426
4310 421 221
4311 250 50
4312 1075 875
4313 954 654
4314 1151 951
4315 864 564
4316 610 410
4317 967 767
4318 1290 990
4319 1146 946
4320 797 597
4321 844 644
4322 997 797
4323 228 28
4324 648 448
4325 354 54
4326 1116 816
4327 862 662
4328 832 632
4329 441 241
4330 685 485
4331 384 84
4332 635 435
4333 564 364
4334 432 132
4335 456 156
4336 275 75
4337 316 116
4338 1167 967
4339 1266 966
4340 1163 963
4341 333 133
4342 918 618
4343 294 94
4344 348 48
4345 305 105
4346 1171 971
4347 852 552
4348 1008 808
4349 1117 917
4350 210 10
4351 547 347
4352 534 334
4353 499 299
4354 1186 986
4355 871 671
4356 1019 819
4357 730 530
4358 894 694
4359 1218 918
4360 510 310
4361 832 632
4362 220 20
4363 1014 814
4364 1125 925
4365 888 688
4366 517 317
4367 940 740
4368 1129 929
4369 339 139
4370 258 58
4371 610 410
4372 1126 926
4373 323 123
4374 880 680
4375 785 585
4376 1007 807
4377 627 427
4378 1133 933
4379 407 207
4380 1126 926
4381 492 192
4382 1048 848
4383 570 370
4384 889 689
4385 202 2
4386 360 60
4387 219 19
4388 894 694
4389 1107 907
4390 941 741
4391 748 548
4392 863 663
4393 478 278
4394 264 64
4395 1121 921
4396 1086 886
4397 297 97
4398 1111 911
4399 346 146
4400 442 242
4401 1115 915
4402 875 675
4403 1183 983
4404 1151 951
4405 982 782
4406 967 767
4407 726 426
4408 438 138
4409 453 253
4410 515 315
4411 1260 960
4412 882 682
4413 1199 999
4414 622 422
4415 348 48
4416 1056 856
4417 282 82
4418 355 155
4419 241 41
4420 471 271
4421 496 296
4422 916 716
4423 924 624
4424 1084 884
4425 468 268
4426 633 433
4427 807 607
4428 718 518
4429 549 349
4430 774 474
4431 295 95
4432 543 343
4433 558 258
4434 588 288
4435 1167 967
4436 1128 928
4437 528 228
4438 444 144
4439 305 105
4440 492 192
4441 732 432
4442 711 511
4443 355 155
4444 862 662
4445 593 393
4446 366 166
4447 939 739
4448 798 498
4449 1185 985
4450 767 567
4451 898 698
4452 887 687
4453 1168 968
4454 357 157
4455 990 690
4456 227 27
4457 1171 971
4458 552 352
4459 372 72
4460 989 789
4461 1102 902
4462 814 614
4463 241 41
4464 934 734
4465 994 794
4466 595 395
4467 904 704
4468 360 160
4469 743 543
4470 713 513
4471 582 382
4472 433 233
4473 1138 938
4474 852 552
4475 492 192
4476 905 705
4477 696 496
4478 959 759
4479 637 437
4480 263 63
4481 1177 977
4482 1048 848
4483 957 757
4484 599 399
4485 941 741
4486 567 367
4487 474 274
4488 474 174
4489 474 274
4490 483 283
4491 498 298
4492 1108 908
4493 979 779
4494 252 52
4495 942 642
4496 1164 864
4497 1110 810
4498 1026 826
4499 724 524
4500 687 487
4501 622 422
4502 484 284
4503 1162 962
4504 666 366
4505 421 221
4506 582 382
4507 616 416
4508 442 242
4509 1075 875
4510 441 241
4511 1181 981
4512 911 711
4513 1056 856
4514 310 110
4515 778 578
4516 846 646
4517 286 86
4518 283 83
4519 497 297
4520 912 612
4521 756 456
4522 960 660
4523 810 510
4524 537 337
4525 1092 892
4526 1206 906
4527 921 721
4528 414 214
4529 873 673
4530 1007 807
4531 474 274
4532 774 574
4533 425 225
4534 720 520
4535 499 299
4536 317 117
4537 544 344
4538 609 409
4539 689 489
4540 323 123
4541 918 618
4542 1068 868
4543 275 75
4544 946 746
4545 1032 832
4546 498 298
4547 1193 993
4548 1099 899
4549 539 339
4550 431 231
4551 661 461
4552 373 173
4553 215 15
4554 385 185
4555 853 653
4556 462 262
4557 697 497
4558 546 346
4559 1054 854
4560 679 479
4561 1065 865
4562 233 33
4563 210 10
4564 531 331
4565 713 513
4566 1272 972
4567 1003 803
4568 588 288
4569 947 747
4570 337 137
4571 661 461
4572 1128 828
4573 798 598
4574 756 456
4575 639 439
4576 372 72
4577 208 8
4578 318 18
4579 466 266
4580 352 152
4581 485 285
4582 324 124
4583 928 728
4584 737 537
4585 1122 822
4586 292 92
4587 349 149
4588 513 313
4589 595 395
4590 954 754
4591 361 161
4592 726 426
4593 1177 977
4594 456 256
4595 316 116
4596 215 15
4597 1116 916
4598 678 378
4599 1116 816
4600 853 653
4601 1174 974
4602 263 63
4603 1050 850
4604 851 651
4605 269 69
4606 261 61
4607 497 297
4608 946 746
4609 492 192
4610 432 232
4611 1053 853
4612 1248 948
4613 442 242
4614 1003 803
4615 588 288
4616 396 96
4617 454 254
4618 412 212
4619 816 616
4620 468 268
4621 648 448
4622 588 388
4623 366 66
4624 625 425
4625 474 274
4626 741 541
4627 720 520
4628 451 251
4629 291 91
4630 345 145
4631 844 644
4632 894 694
4633 809 609
4634 569 369
4635 654 354
4636 1057 857
4637 312 112
4638 995 795
4639 849 649
4640 862 662
4641 705 505
4642 867 667
4643 682 482
4644 639 439
4645 720 420
4646 942 642
4647 1063 863
4648 634 434
4649 781 581
4650 961 761
4651 757 557
4652 546 246
4653 966 666
4654 791 591
4655 762 562
4656 268 68
4657 702 402
4658 618 318
4659 375 175
4660 502 302
4661 1079 879
4662 378 178
4663 306 6
4664 970 770
4665 268 68
4666 553 353
4667 900 700
4668 887 687
4669 904 704
4670 883 683
4671 1192 992
4672 430 230
4673 505 305
4674 882 682
4675 798 498
4676 894 594
4677 433 233
4678 1019 819
4679 700 500
4680 568 368
4681 1180 980
4682 1195 995
4683 580 380
4684 375 175
4685 447 247
4686 659 459
4687 1047 847
4688 961 761
4689 330 130
4690 316 116
4691 407 207
4692 1092 792
4693 575 375
4694 1107 907
4695 1242 942
4696 577 377
4697 264 64
4698 789 589
4699 376 176
4700 235 35
4701 828 628
4702 556 356
4703 612 412
4704 784 584
4705 586 386
4706 951 751
4707 499 299
4708 331 131
4709 979 779
4710 757 557
4711 839 639
4712 744 544
4713 300 100
4714 203 3
4715 637 437
4716 831 631
4717 985 785
4718 432 232
4719 619 419
4720 1137 937
4721 251 51
4722 456 256
4723 778 578
4724 425 225
4725 1115 915
4726 666 366
4727 744 444
4728 699 499
4729 984 684
4730 791 591
4731 214 14
4732 727 527
4733 1080 780
4734 877 677
4735 279 79
4736 738 438
4737 570 370
4738 754 554
4739 471 271
4740 996 796
4741 881 681
4742 660 360
4743 400 200
4744 916 716
4745 683 483
4746 847 647
4747 1008 808
4748 919 719
4749 391 191
4750 447 247
4751 1029 829
4752 725 525
4753 1272 972
4754 1081 881
4755 1199 999
4756 1193 993
4757 918 618
4758 1057 857
4759 780 480
4760 1128 928
4761 1119 919
4762 294 94
4763 647 447
4764 726 426
4765 400 200
4766 564 264
4767 1120 920
4768 263 63
4769 875 675
4770 889 689
4771 1005 805
4772 427 227
4773 235 35
4774 876 676
4775 1068 768
4776 955 755
4777 219 19
4778 737 537
4779 310 110
4780 285 85
4781 513 313
4782 238 38
4783 853 653
4784 1123 923
4785 348 148
4786 594 294
4787 669 469
4788 1032 832
4789 455 255
4790 858 558
4791 299 99
4792 1260 960
4793 715 515
4794 1134 834
4795 409 209
4796 1084 884
4797 1104 904
4798 244 44
4799 487 287
4800 924 724
4801 1044 844
4802 685 485
4803 381 181
4804 258 58
4805 337 137
4806 970 770
4807 941 741
4808 357 157
4809 1091 891
4810 527 327
4811 765 565
4812 827 627
4813 999 799
4814 1023 823
4815 979 779
4816 797 597
4817 869 669
4818 665 465
4819 574 374
4820 982 782
4821 1159 959
4822 748 548
4823 235 35
4824 628 428
4825 687 487
4826 324 124
4827 214 14
4828 581 381
4829 940 740
4830 1041 841
4831 492 292
4832 275 75
4833 1125 925
4834 1143 943
4835 487 287
4836 400 200
4837 395 195
4838 1000 800
4839 713 513
4840 786 586
4841 347 147
4842 883 683
4843 431 231
4844 879 679
4845 486 186
4846 328 128
4847 991 791
4848 1186 986
4849 1290 990
4850 978 778
4851 1086 786
4852 1132 932
4853 419 219
4854 955 755
4855 490 290
4856 715 515
4857 883 683
4858 538 338
4859 948 748
4860 589 389
4861 892 692
4862 664 464
4863 719 519
4864 381 181
4865 886 686
4866 666 366
4867 1115 915
4868 725 525
4869 786 586
4870 1072 872
4871 587 387
4872 1038 738
4873 1027 827
4874 900 700
4875 442 242
4876 747 547
4877 828 528
4878 947 747
4879 633 433
4880 870 570
4881 1048 848
4882 727 527
4883 695 495
4884 456 256
4885 324 124
4886 899 699
4887 759 559
4888 628 428
4889 735 535
4890 630 430
4891 213 13
4892 893 693
4893 465 265
4894 1015 815
4895 384 184
4896 587 387
4897 367 167
4898 681 481
4899 857 657
4900 825 625
4901 700 500
4902 588 288
4903 1074 874
4904 429 229
4905 1008 708
4906 778 578
4907 472 272
4908 774 574
4909 923 723
4910 1095 895
4911 1129 929
4912 805 605
4913 985 785
4914 585 385
4915 286 86
4916 672 372
4917 1116 816
4918 460 260
4919 834 634
4920 1185 985
4921 744 444
4922 1030 830
4923 288 88
4924 1075 875
4925 865 665
4926 304 104
4927 1000 800
4928 651 451
4929 865 665
4930 1098 898
4931 930 730
4932 517 317
4933 707 507
4934 978 778
4935 696 496
4936 1176 876
4937 508 308
4938 997 797
4939 688 488
4940 1092 792
4941 1161 961
4942 484 284
4943 516 216
4944 507 307
4945 922 722
4946 921 721
4947 684 384
4948 919 719
4949 473 273
4950 910 710
4951 507 307
4952 601 401
4953 1144 944
4954 340 140
4955 605 405
4956 369 169
4957 750 550
4958 681 481
4959 581 381
4960 503 303
4961 418 218
4962 996 696
4963 1132 932
4964 1127 927
4965 334 134
4966 773 573
4967 805 605
4968 845 645
4969 901 701
4970 238 38
4971 1146 946
4972 665 465
4973 724 524
4974 714 514
4975 228 28
4976 768 468
4977 268 68
4978 493 293
4979 1067 867
4980 281 81
4981 838 638
4982 1042 842
4983 202 2
4984 660 460
4985 285 85
4986 1167 967
4987 540 340
4988 318 118
4989 399 199
4990 432 132
4991 1081 881
4992 550 350
4993 960 660
4994 611 411
4995 665 465
4996 1121 921
4997 861 661
4998 305 105
4999 1151 951
5000 538 338
