5000 964702 14_5000_1000_2039
1 817 617
2 917 717
3 603 403
4 987 787
5 792 492
6 1024 824
7 492 292
8 234 34
9 337 137
10 425 225
11 970 770
12 810 610
13 1062 862
14 545 345
15 882 682
16 651 451
17 1081 881
18 1089 889
19 829 629
20 480 280
21 792 492
22 1126 926
23 655 455
24 1055 855
25 408 108
26 493 293
27 755 555
28 378 78
29 957 757
30 295 95
31 816 616
32 1191 991
33 207 7
34 294 94
35 1078 878
36 628 428
37 1156 956
38 1062 862
39 497 297
40 486 186
41 903 703
42 888 588
43 940 740
44 970 770
45 893 693
46 486 186
47 887 687
48 1187 987
49 591 391
50 876 576
51 1158 858
52 377 177
53 286 86
54 940 740
55 207 7
56 665 465
57 829 629
58 611 411
59 651 451
60 970 770
61 739 539
62 853 653
63 1176 876
64 540 340
65 773 573
66 864 564
67 600 300
68 1180 980
69 1119 919
70 864 564
71 1068 868
72 982 782
73 868 668
74 756 556
75 489 289
76 969 769
77 1009 809
78 252 52
79 555 355
80 294 94
81 790 590
82 477 277
83 688 488
84 345 145
85 1084 884
86 291 91
87 1101 901
88 766 566
89 951 751
90 925 725
91 1077 877
92 1044 844
93 1188 988
94 587 387
95 591 391
96 1173 973
97 676 476
98 335 135
99 683 483
100 915 715
101 1055 855
102 612 412
103 797 597
104 220 20
105 306 106
106 582 282
107 305 105
108 207 7
109 681 481
110 767 567
111 1108 908
112 1125 925
113 892 692
114 430 230
115 841 641
116 480 280
117 594 294
118 460 260
119 313 113
120 670 470
121 672 472
122 925 725
123 337 137
124 1266 966
125 754 554
126 507 307
127 1023 823
128 1177 977
129 1066 866
130 511 311
131 621 421
132 606 306
133 651 451
134 589 389
135 336 36
136 958 758
137 1159 959
138 828 628
139 514 314
140 792 492
141 541 341
142 763 563
143 660 460
144 978 678
145 251 51
146 453 253
147 1044 844
148 790 590
149 747 547
150 349 149
151 387 187
152 401 201
153 1114 914
154 1018 818
155 631 431
156 311 111
157 364 164
158 528 228
159 618 318
160 444 144
161 921 721
162 696 396
163 673 473
164 1192 992
165 515 315
166 328 128
167 730 530
168 1019 819
169 877 677
170 384 84
171 437 237
172 945 745
173 605 405
174 737 537
175 870 570
176 1075 875
177 234 34
178 697 497
179 769 569
180 243 43
181 570 270
182 708 408
183 372 172
184 280 80
185 816 516
186 1140 940
187 376 176
188 775 575
189 426 226
190 942 742
191 883 683
192 306 106
193 900 600
194 319 119
195 799 599
196 1032 732
197 791 591
198 739 539
199 621 421
200 1051 851
201 475 275
202 588 288
203 603 403
204 1165 965
205 673 473
206 919 719
207 846 646
208 850 650
209 609 409
210 322 122
211 1176 976
212 348 48
213 1044 844
214 1296 996
215 1186 986
216 713 513
217 462 262
218 600 300
219 322 122
220 742 542
221 460 260
222 1001 801
223 618 318
224 991 791
225 391 191
226 606 406
227 1111 911
228 684 384
229 1039 839
230 1095 895
231 375 175
232 718 518
233 401 201
234 606 306
235 378 178
236 607 407
237 233 33
238 1023 823
239 472 272
240 1165 965
241 376 176
242 1236 936
243 825 625
244 875 675
245 402 102
246 977 777
247 1143 943
248 1014 814
249 1032 832
250 348 48
251 295 95
252 228 28
253 627 427
254 949 749
255 367 167
256 936 736
257 318 118
258 683 483
259 1041 841
260 747 547
261 972 772
262 1021 821
263 846 646
264 720 420
265 311 111
266 233 33
267 220 20
268 281 81
269 334 134
270 784 584
271 972 672
272 219 19
273 791 591
274 1147 947
275 1188 988
276 462 262
277 1013 813
278 927 727
279 1182 882
280 1013 813
281 258 58
282 402 202
283 1290 990
284 1122 922
285 941 741
286 339 139
287 543 343
288 747 547
289 498 198
290 1133 933
291 717 517
292 810 510
293 508 308
294 552 252
295 384 84
296 717 517
297 869 669
298 605 405
299 720 520
300 498 298
301 958 758
302 1122 922
303 879 679
304 780 580
305 1078 878
306 324 124
307 945 745
308 711 511
309 503 303
310 790 590
311 1067 867
312 1000 800
313 213 13
314 1096 896
315 239 39
316 598 398
317 868 668
318 489 289
319 1032 732
320 706 506
321 565 365
322 1104 804
323 1056 756
324 711 511
325 745 545
326 563 363
327 720 520
328 1074 874
329 744 444
330 718 518
331 1030 830
332 438 138
333 1075 875
334 269 69
335 867 667
336 888 688
337 462 262
338 673 473
339 673 473
340 472 272
341 918 718
342 463 263
343 346 146
344 214 14
345 615 415
346 220 20
347 582 282
348 1042 842
349 767 567
350 777 577
351 804 504
352 756 556
353 772 572
354 456 256
355 1109 909
356 823 623
357 426 226
358 444 244
359 202 2
360 513 313
361 1182 882
362 213 13
363 438 238
364 489 289
365 1188 988
366 1049 849
367 1198 998
368 544 344
369 1165 965
370 1224 924
371 555 355
372 708 408
373 313 113
374 1176 976
375 631 431
376 311 111
377 970 770
378 253 53
379 503 303
380 933 733
381 958 758
382 1018 818
383 201 1
384 1169 969
385 1080 780
386 393 193
387 879 679
388 983 783
389 791 591
390 594 294
391 659 459
392 724 524
393 937 737
394 372 72
395 912 712
396 424 224
397 913 713
398 534 334
399 623 423
400 346 146
401 917 717
402 835 635
403 1050 750
404 1007 807
405 1200 1000
406 355 155
407 418 218
408 628 428
409 388 188
410 723 523
411 1134 934
412 294 94
413 345 145
414 580 380
415 1105 905
416 1121 921
417 876 676
418 527 327
419 756 556
420 749 549
421 324 24
422 1089 889
423 897 697
424 1146 946
425 304 104
426 833 633
427 909 709
428 765 565
429 354 154
430 205 5
431 957 757
432 712 512
433 421 221
434 552 352
435 580 380
436 277 77
437 299 99
438 1074 774
439 851 651
440 763 563
441 1143 943
442 618 318
443 960 760
444 351 151
445 952 752
446 295 95
447 559 359
448 828 628
449 552 252
450 243 43
451 947 747
452 1163 963
453 869 669
454 694 494
455 1109 909
456 659 459
457 335 135
458 406 206
459 387 187
460 798 498
461 743 543
462 1021 821
463 258 58
464 817 617
465 741 541
466 682 482
467 1128 828
468 875 675
469 1074 874
470 651 451
471 275 75
472 837 637
473 582 282
474 870 670
475 1195 995
476 660 360
477 779 579
478 1043 843
479 859 659
480 298 98
481 888 588
482 483 283
483 1032 732
484 976 776
485 862 662
486 347 147
487 684 384
488 1183 983
489 454 254
490 817 617
491 444 244
492 453 253
493 456 256
494 1053 853
495 1078 878
496 960 660
497 541 341
498 585 385
499 990 790
500 679 479
501 957 757
502 361 161
503 1105 905
504 491 291
505 245 45
506 492 292
507 1129 929
508 383 183
509 754 554
510 996 696
511 757 557
512 235 35
513 564 364
514 1089 889
515 631 431
516 388 188
517 1068 868
518 714 514
519 737 537
520 894 694
521 1077 877
522 1089 889
523 502 302
524 996 696
525 478 278
526 495 295
527 407 207
528 779 579
529 701 501
530 477 277
531 251 51
532 947 747
533 245 45
534 1212 912
535 316 116
536 556 356
537 505 305
538 678 478
539 1009 809
540 445 245
541 822 622
542 766 566
543 270 70
544 828 528
545 316 116
546 859 659
547 725 525
548 343 143
549 1133 933
550 281 81
551 804 504
552 1056 856
553 468 268
554 1174 974
555 715 515
556 426 226
557 479 279
558 466 266
559 1054 854
560 277 77
561 381 181
562 1135 935
563 513 313
564 810 510
565 664 464
566 249 49
567 1242 942
568 696 496
569 864 564
570 382 182
571 363 163
572 947 747
573 717 517
574 1134 934
575 508 308
576 372 72
577 661 461
578 771 571
579 504 204
580 258 58
581 755 555
582 390 90
583 1141 941
584 654 454
585 636 436
586 552 352
587 1146 946
588 203 3
589 461 261
590 1030 830
591 228 28
592 1123 923
593 1110 910
594 677 477
595 654 354
596 551 351
597 492 192
598 426 226
599 382 182
600 1199 999
601 663 463
602 1182 882
603 527 327
604 1175 975
605 1177 977
606 815 615
607 961 761
608 930 730
609 893 693
610 808 608
611 1266 966
612 731 531
613 909 709
614 516 316
615 1048 848
616 454 254
617 251 51
618 1236 936
619 531 331
620 523 323
621 471 271
622 347 147
623 327 127
624 947 747
625 318 118
626 801 601
627 468 268
628 636 336
629 432 132
630 261 61
631 925 725
632 385 185
633 1115 915
634 276 76
635 269 69
636 1155 955
637 945 745
638 864 664
639 600 300
640 240 40
641 630 430
642 707 507
643 625 425
644 340 140
645 586 386
646 559 359
647 337 137
648 466 266
649 779 579
650 804 604
651 287 87
652 755 555
653 661 461
654 558 258
655 649 449
656 1126 926
657 367 167
658 682 482
659 353 153
660 809 609
661 828 628
662 720 520
663 585 385
664 334 134
665 423 223
666 395 195
667 549 349
668 630 430
669 1101 901
670 227 27
671 244 44
672 489 289
673 582 382
674 1062 762
675 1007 807
676 1043 843
677 1248 948
678 211 11
679 1284 984
680 417 217
681 571 371
682 318 118
683 1008 708
684 353 153
685 719 519
686 201 1
687 1113 913
688 645 445
689 1144 944
690 1087 887
691 1236 936
692 444 144
693 304 104
694 893 693
695 1099 899
696 358 158
697 595 395
698 951 751
699 1079 879
700 240 40
701 597 397
702 1055 855
703 579 379
704 502 302
705 671 471
706 342 142
707 615 415
708 394 194
709 347 147
710 569 369
711 478 278
712 499 299
713 1115 915
714 1296 996
715 987 787
716 271 71
717 621 421
718 586 386
719 1087 887
720 855 655
721 617 417
722 1206 906
723 321 121
724 726 526
725 1152 952
726 371 171
727 888 588
728 1062 762
729 1047 847
730 281 81
731 796 596
732 1033 833
733 705 505
734 940 740
735 304 104
736 741 541
737 328 128
738 636 336
739 201 1
740 360 160
741 445 245
742 871 671
743 937 737
744 264 64
745 1011 811
746 1092 792
747 253 53
748 331 131
749 479 279
750 531 331
751 883 683
752 672 372
753 666 466
754 1026 826
755 996 796
756 1020 820
757 309 109
758 1026 826
759 822 522
760 545 345
761 979 779
762 383 183
763 595 395
764 353 153
765 534 234
766 1003 803
767 576 276
768 919 719
769 489 289
770 726 526
771 725 525
772 821 621
773 1011 811
774 1143 943
775 1091 891
776 996 696
777 1043 843
778 993 793
779 297 97
780 1039 839
781 1218 918
782 414 214
783 517 317
784 1296 996
785 347 147
786 396 96
787 1105 905
788 1128 928
789 853 653
790 726 426
791 623 423
792 666 466
793 311 111
794 267 67
795 683 483
796 641 441
797 502 302
798 750 450
799 973 773
800 221 21
801 907 707
802 462 162
803 1128 828
804 1161 961
805 426 126
806 855 655
807 1163 963
808 987 787
809 627 427
810 487 287
811 791 591
812 414 114
813 1096 896
814 226 26
815 1030 830
816 743 543
817 1012 812
818 678 378
819 689 489
820 492 292
821 1114 914
822 1139 939
823 1090 890
824 1095 895
825 1179 979
826 371 171
827 1242 942
828 1143 943
829 527 327
830 1139 939
831 276 76
832 1141 941
833 540 340
834 371 171
835 624 324
836 744 444
837 588 388
838 1097 897
839 689 489
840 874 674
841 864 564
842 474 274
843 207 7
844 1068 868
845 1111 911
846 351 151
847 364 164
848 1141 941
849 342 142
850 1186 986
851 318 18
852 1159 959
853 850 650
854 765 565
855 379 179
856 839 639
857 400 200
858 849 649
859 747 547
860 485 285
861 468 268
862 916 716
863 1254 954
864 241 41
865 978 678
866 289 89
867 1111 911
868 479 279
869 559 359
870 300 100
871 1173 973
872 995 795
873 900 700
874 1163 963
875 689 489
876 637 437
877 1194 994
878 901 701
879 809 609
880 1030 830
881 935 735
882 606 406
883 958 758
884 1121 921
885 423 223
886 1177 977
887 810 610
888 822 522
889 888 588
890 996 796
891 763 563
892 906 706
893 749 549
894 599 399
895 910 710
896 400 200
897 799 599
898 864 564
899 220 20
900 960 760
901 930 630
902 400 200
903 415 215
904 804 504
905 821 621
906 208 8
907 949 749
908 366 166
909 641 441
910 669 469
911 1164 964
912 587 387
913 281 81
914 1168 968
915 996 796
916 1254 954
917 208 8
918 318 118
919 468 168
920 1284 984
921 1153 953
922 864 564
923 828 628
924 1006 806
925 1278 978
926 1139 939
927 599 399
928 1042 842
929 833 633
930 1101 901
931 306 106
932 1177 977
933 401 201
934 629 429
935 864 664
936 448 248
937 378 78
938 275 75
939 427 227
940 565 365
941 1080 780
942 229 29
943 949 749
944 850 650
945 411 211
946 687 487
947 316 116
948 1134 834
949 885 685
950 763 563
951 283 83
952 486 186
953 1086 886
954 1129 929
955 983 783
956 513 313
957 835 635
958 384 184
959 1159 959
960 383 183
961 843 643
962 586 386
963 435 235
964 865 665
965 876 576
966 444 244
967 654 454
968 755 555
969 406 206
970 562 362
971 1056 756
972 628 428
973 1131 931
974 1127 927
975 748 548
976 669 469
977 1045 845
978 603 403
979 894 694
980 1145 945
981 1030 830
982 1162 962
983 1109 909
984 942 742
985 427 227
986 907 707
987 437 237
988 1147 947
989 576 376
990 1014 814
991 1037 837
992 1071 871
993 405 205
994 325 125
995 1126 926
996 444 144
997 604 404
998 1011 811
999 491 291
1000 241 41
1001 1183 983
1002 783 583
1003 687 487
1004 865 665
1005 1198 998
1006 745 545
1007 241 41
1008 203 3
1009 1183 983
1010 268 68
1011 1170 970
1012 972 672
1013 988 788
1014 462 162
1015 576 276
1016 786 486
1017 288 88
1018 1059 859
1019 301 101
1020 312 12
1021 985 785
1022 981 781
1023 654 354
1024 1147 947
1025 319 119
1026 672 372
1027 636 436
1028 1198 998
1029 411 211
1030 499 299
1031 565 365
1032 1278 978
1033 665 465
1034 865 665
1035 395 195
1036 334 134
1037 1146 846
1038 1077 877
1039 372 172
1040 396 196
1041 961 761
1042 738 538
1043 900 600
1044 790 590
1045 1117 917
1046 563 363
1047 798 498
1048 689 489
1049 637 437
1050 383 183
1051 942 742
1052 340 140
1053 463 263
1054 1158 958
1055 1104 804
1056 1025 825
1057 865 665
1058 857 657
1059 811 611
1060 331 131
1061 607 407
1062 685 485
1063 1150 950
1064 1158 958
1065 970 770
1066 864 664
1067 870 570
1068 258 58
1069 377 177
1070 1066 866
1071 909 709
1072 1008 808
1073 828 628
1074 645 445
1075 756 456
1076 1122 922
1077 659 459
1078 1141 941
1079 450 150
1080 1199 999
1081 851 651
1082 593 393
1083 546 346
1084 556 356
1085 804 504
1086 767 567
1087 888 588
1088 931 731
1089 1084 884
1090 731 531
1091 604 404
1092 583 383
1093 306 6
1094 684 384
1095 509 309
1096 402 102
1097 291 91
1098 1128 828
1099 595 395
1100 381 181
1101 1081 881
1102 540 240
1103 437 237
1104 1151 951
1105 1266 966
1106 618 318
1107 515 315
1108 814 614
1109 805 605
1110 865 665
1111 1092 792
1112 376 176
1113 768 568
1114 1183 983
1115 288 88
1116 546 346
1117 954 654
1118 1254 954
1119 507 307
1120 1044 744
1121 318 118
1122 418 218
1123 808 608
1124 1147 947
1125 898 698
1126 420 220
1127 850 650
1128 1096 896
1129 813 613
1130 238 38
1131 622 422
1132 1103 903
1133 837 637
1134 1048 848
1135 1090 890
1136 201 1
1137 297 97
1138 1067 867
1139 1164 864
1140 809 609
1141 978 778
1142 893 693
1143 984 784
1144 1164 964
1145 1170 870
1146 979 779
1147 1073 873
1148 1200 1000
1149 216 16
1150 982 782
1151 900 600
1152 664 464
1153 561 361
1154 798 598
1155 1026 726
1156 1117 917
1157 990 690
1158 1081 881
1159 821 621
1160 670 470
1161 1135 935
1162 300 100
1163 819 619
1164 473 273
1165 580 380
1166 1104 904
1167 318 118
1168 215 15
1169 739 539
1170 546 246
1171 978 678
1172 299 99
1173 732 532
1174 819 619
1175 678 478
1176 907 707
1177 563 363
1178 940 740
1179 827 627
1180 997 797
1181 582 382
1182 234 34
1183 1014 714
1184 491 291
1185 468 268
1186 1119 919
1187 550 350
1188 735 535
1189 910 710
1190 375 175
1191 639 439
1192 863 663
1193 720 520
1194 612 312
1195 419 219
1196 737 537
1197 937 737
1198 1057 857
1199 904 704
1200 663 463
1201 574 374
1202 402 102
1203 255 55
1204 1180 980
1205 414 114
1206 942 642
1207 1059 859
1208 581 381
1209 1033 833
1210 870 570
1211 471 271
1212 481 281
1213 360 160
1214 888 688
1215 1187 987
1216 649 449
1217 639 439
1218 862 662
1219 999 799
1220 408 208
1221 526 326
1222 846 646
1223 646 446
1224 675 475
1225 498 298
1226 1284 984
1227 396 196
1228 513 313
1229 969 769
1230 604 404
1231 792 592
1232 619 419
1233 825 625
1234 507 307
1235 702 402
1236 773 573
1237 685 485
1238 689 489
1239 1109 909
1240 995 795
1241 943 743
1242 550 350
1243 390 190
1244 1224 924
1245 1290 990
1246 736 536
1247 1026 826
1248 798 498
1249 1206 906
1250 977 777
1251 228 28
1252 876 576
1253 322 122
1254 615 415
1255 732 532
1256 810 610
1257 780 580
1258 918 718
1259 288 88
1260 863 663
1261 677 477
1262 432 232
1263 738 438
1264 1018 818
1265 868 668
1266 1149 949
1267 1151 951
1268 804 604
1269 443 243
1270 858 658
1271 1026 726
1272 843 643
1273 221 21
1274 378 78
1275 463 263
1276 918 718
1277 841 641
1278 936 736
1279 808 608
1280 495 295
1281 381 181
1282 874 674
1283 678 378
1284 911 711
1285 987 787
1286 1072 872
1287 304 104
1288 652 452
1289 390 190
1290 1009 809
1291 1242 942
1292 941 741
1293 221 21
1294 820 620
1295 1162 962
1296 1176 876
1297 471 271
1298 324 124
1299 935 735
1300 603 403
1301 541 341
1302 1173 973
1303 317 117
1304 735 535
1305 1140 940
1306 276 76
1307 1121 921
1308 1164 864
1309 943 743
1310 961 761
1311 499 299
1312 358 158
1313 472 272
1314 1128 928
1315 922 722
1316 261 61
1317 1015 815
1318 731 531
1319 937 737
1320 929 729
1321 761 561
1322 657 457
1323 678 478
1324 342 42
1325 354 154
1326 846 546
1327 821 621
1328 617 417
1329 1027 827
1330 657 457
1331 856 656
1332 553 353
1333 432 132
1334 1032 832
1335 738 538
1336 774 574
1337 1162 962
1338 550 350
1339 306 6
1340 792 592
1341 630 330
1342 676 476
1343 1128 828
1344 617 417
1345 811 611
1346 755 555
1347 1189 989
1348 322 122
1349 736 536
1350 559 359
1351 1121 921
1352 318 18
1353 531 331
1354 382 182
1355 1192 992
1356 1170 870
1357 355 155
1358 1009 809
1359 1037 837
1360 1073 873
1361 330 30
1362 322 122
1363 648 348
1364 221 21
1365 991 791
1366 1008 708
1367 605 405
1368 804 504
1369 408 208
1370 726 526
1371 1197 997
1372 880 680
1373 777 577
1374 751 551
1375 1128 828
1376 303 103
1377 447 247
1378 987 787
1379 377 177
1380 351 151
1381 1021 821
1382 948 748
1383 784 584
1384 485 285
1385 1218 918
1386 873 673
1387 300 100
1388 774 474
1389 852 552
1390 922 722
1391 996 796
1392 581 381
1393 1026 826
1394 985 785
1395 673 473
1396 585 385
1397 954 654
1398 1122 922
1399 222 22
1400 1021 821
1401 679 479
1402 531 331
1403 1290 990
1404 591 391
1405 1123 923
1406 924 724
1407 1026 826
1408 1167 967
1409 486 186
1410 720 520
1411 912 712
1412 618 418
1413 894 694
1414 1170 970
1415 312 12
1416 660 460
1417 996 696
1418 564 264
1419 822 522
1420 1180 980
1421 828 528
1422 203 3
1423 753 553
1424 859 659
1425 517 317
1426 348 148
1427 905 705
1428 981 781
1429 665 465
1430 696 496
1431 861 661
1432 293 93
1433 982 782
1434 605 405
1435 658 458
1436 717 517
1437 1194 994
1438 390 90
1439 717 517
1440 203 3
1441 966 766
1442 1170 970
1443 1129 929
1444 597 397
1445 771 571
1446 985 785
1447 1098 798
1448 858 558
1449 539 339
1450 1165 965
1451 442 242
1452 501 301
1453 910 710
1454 493 293
1455 852 652
1456 1133 933
1457 681 481
1458 917 717
1459 1051 851
1460 503 303
1461 1032 832
1462 1128 928
1463 811 611
1464 745 545
1465 1141 941
1466 1164 964
1467 951 751
1468 994 794
1469 786 486
1470 977 777
1471 743 543
1472 1131 931
1473 778 578
1474 442 242
1475 1156 956
1476 1039 839
1477 484 284
1478 1105 905
1479 247 47
1480 571 371
1481 474 174
1482 1170 870
1483 725 525
1484 502 302
1485 351 151
1486 481 281
1487 205 5
1488 833 633
1489 509 309
1490 779 579
1491 1151 951
1492 432 232
1493 203 3
1494 1009 809
1495 390 190
1496 1103 903
1497 1008 708
1498 732 432
1499 831 631
1500 726 526
1501 221 21
1502 377 177
1503 263 63
1504 1149 949
1505 510 310
1506 1006 806
1507 225 25
1508 1039 839
1509 753 553
1510 683 483
1511 229 29
1512 379 179
1513 249 49
1514 1101 901
1515 449 249
1516 430 230
1517 556 356
1518 478 278
1519 744 444
1520 697 497
1521 1193 993
1522 882 582
1523 541 341
1524 921 721
1525 346 146
1526 211 11
1527 768 568
1528 305 105
1529 523 323
1530 778 578
1531 552 352
1532 617 417
1533 1008 808
1534 1179 979
1535 430 230
1536 702 402
1537 1038 738
1538 1152 952
1539 1080 880
1540 535 335
1541 682 482
1542 1005 805
1543 630 330
1544 646 446
1545 364 164
1546 297 97
1547 996 696
1548 360 60
1549 533 333
1550 484 284
1551 921 721
1552 588 388
1553 445 245
1554 790 590
1555 1069 869
1556 1072 872
1557 1150 950
1558 1150 950
1559 744 544
1560 1026 726
1561 466 266
1562 564 264
1563 460 260
1564 867 667
1565 1212 912
1566 885 685
1567 1026 826
1568 1147 947
1569 407 207
1570 990 790
1571 409 209
1572 247 47
1573 760 560
1574 753 553
1575 525 325
1576 372 172
1577 664 464
1578 1182 882
1579 905 705
1580 1138 938
1581 579 379
1582 531 331
1583 480 180
1584 1278 978
1585 1254 954
1586 204 4
1587 336 136
1588 567 367
1589 981 781
1590 442 242
1591 557 357
1592 301 101
1593 545 345
1594 1176 876
1595 1110 810
1596 293 93
1597 451 251
1598 672 472
1599 412 212
1600 942 742
1601 291 91
1602 322 122
1603 781 581
1604 349 149
1605 474 274
1606 222 22
1607 238 38
1608 966 766
1609 787 587
1610 1032 832
1611 696 396
1612 711 511
1613 1029 829
1614 923 723
1615 1290 990
1616 891 691
1617 978 678
1618 870 670
1619 1128 828
1620 973 773
1621 257 57
1622 232 32
1623 1089 889
1624 588 288
1625 361 161
1626 840 540
1627 1230 930
1628 838 638
1629 491 291
1630 677 477
1631 805 605
1632 1053 853
1633 543 343
1634 819 619
1635 898 698
1636 946 746
1637 1191 991
1638 504 204
1639 1109 909
1640 898 698
1641 287 87
1642 360 60
1643 297 97
1644 396 196
1645 459 259
1646 912 612
1647 838 638
1648 1056 856
1649 1091 891
1650 882 582
1651 691 491
1652 774 474
1653 481 281
1654 882 582
1655 1084 884
1656 263 63
1657 1032 832
1658 1170 970
1659 420 220
1660 869 669
1661 1007 807
1662 1083 883
1663 624 324
1664 1055 855
1665 444 244
1666 418 218
1667 462 162
1668 1159 959
1669 249 49
1670 683 483
1671 1026 826
1672 682 482
1673 318 18
1674 864 564
1675 1188 888
1676 831 631
1677 600 300
1678 1150 950
1679 1187 987
1680 431 231
1681 679 479
1682 275 75
1683 292 92
1684 526 326
1685 1085 885
1686 1026 726
1687 792 492
1688 496 296
1689 376 176
1690 765 565
1691 393 193
1692 516 316
1693 1063 863
1694 474 274
1695 1068 768
1696 316 116
1697 209 9
1698 733 533
1699 1200 900
1700 827 627
1701 655 455
1702 795 595
1703 861 661
1704 533 333
1705 366 166
1706 390 90
1707 258 58
1708 321 121
1709 683 483
1710 654 354
1711 1095 895
1712 426 226
1713 576 276
1714 1140 940
1715 1055 855
1716 257 57
1717 645 445
1718 1182 982
1719 706 506
1720 1036 836
1721 216 16
1722 333 133
1723 439 239
1724 490 290
1725 1195 995
1726 562 362
1727 579 379
1728 528 228
1729 426 126
1730 813 613
1731 1008 808
1732 1069 869
1733 1158 858
1734 700 500
1735 975 775
1736 1171 971
1737 658 458
1738 600 300
1739 965 765
1740 1059 859
1741 661 461
1742 670 470
1743 401 201
1744 504 304
1745 585 385
1746 1003 803
1747 556 356
1748 835 635
1749 249 49
1750 1032 832
1751 1039 839
1752 360 60
1753 328 128
1754 963 763
1755 348 48
1756 951 751
1757 211 11
1758 659 459
1759 384 84
1760 960 760
1761 1043 843
1762 491 291
1763 1150 950
1764 815 615
1765 1020 720
1766 311 111
1767 786 486
1768 364 164
1769 1086 886
1770 660 460
1771 579 379
1772 204 4
1773 939 739
1774 924 724
1775 609 409
1776 732 432
1777 426 126
1778 256 56
1779 1139 939
1780 861 661
1781 1185 985
1782 859 659
1783 1074 874
1784 774 574
1785 280 80
1786 269 69
1787 298 98
1788 1044 844
1789 312 112
1790 469 269
1791 748 548
1792 822 622
1793 1008 808
1794 309 109
1795 222 22
1796 240 40
1797 1062 762
1798 538 338
1799 900 700
1800 904 704
1801 426 226
1802 281 81
1803 1162 962
1804 875 675
1805 277 77
1806 1003 803
1807 408 208
1808 700 500
1809 499 299
1810 609 409
1811 724 524
1812 349 149
1813 1134 934
1814 1047 847
1815 618 418
1816 444 244
1817 960 760
1818 445 245
1819 511 311
1820 399 199
1821 600 400
1822 849 649
1823 585 385
1824 383 183
1825 397 197
1826 237 37
1827 280 80
1828 1120 920
1829 217 17
1830 311 111
1831 1048 848
1832 975 775
1833 334 134
1834 443 243
1835 340 140
1836 1158 858
1837 576 276
1838 483 283
1839 384 84
1840 659 459
1841 801 601
1842 559 359
1843 751 551
1844 597 397
1845 679 479
1846 453 253
1847 841 641
1848 325 125
1849 1073 873
1850 273 73
1851 498 198
1852 442 242
1853 1085 885
1854 773 573
1855 436 236
1856 816 516
1857 435 235
1858 642 442
1859 437 237
1860 492 192
1861 939 739
1862 981 781
1863 594 394
1864 250 50
1865 707 507
1866 846 546
1867 904 704
1868 360 160
1869 775 575
1870 844 644
1871 702 502
1872 402 102
1873 502 302
1874 411 211
1875 925 725
1876 252 52
1877 379 179
1878 971 771
1879 342 142
1880 457 257
1881 601 401
1882 467 267
1883 351 151
1884 363 163
1885 774 574
1886 459 259
1887 358 158
1888 588 388
1889 232 32
1890 660 460
1891 651 451
1892 678 478
1893 490 290
1894 1164 964
1895 394 194
1896 1191 991
1897 839 639
1898 567 367
1899 546 246
1900 502 302
1901 997 797
1902 1158 958
1903 1007 807
1904 227 27
1905 1156 956
1906 859 659
1907 221 21
1908 1186 986
1909 460 260
1910 990 690
1911 561 361
1912 976 776
1913 342 42
1914 1098 898
1915 618 418
1916 364 164
1917 330 130
1918 969 769
1919 366 166
1920 535 335
1921 1290 990
1922 403 203
1923 1056 756
1924 480 180
1925 1125 925
1926 888 588
1927 1236 936
1928 612 312
1929 612 412
1930 240 40
1931 663 463
1932 658 458
1933 1284 984
1934 689 489
1935 774 574
1936 907 707
1937 1042 842
1938 305 105
1939 906 606
1940 855 655
1941 945 745
1942 227 27
1943 1027 827
1944 1182 882
1945 918 618
1946 858 558
1947 360 160
1948 988 788
1949 459 259
1950 1161 961
1951 708 508
1952 677 477
1953 363 163
1954 856 656
1955 775 575
1956 376 176
1957 996 796
1958 293 93
1959 877 677
1960 412 212
1961 529 329
1962 327 127
1963 641 441
1964 253 53
1965 263 63
1966 702 502
1967 1075 875
1968 367 167
1969 695 495
1970 852 652
1971 522 322
1972 291 91
1973 634 434
1974 605 405
1975 346 146
1976 1032 832
1977 651 451
1978 519 319
1979 855 655
1980 947 747
1981 1089 889
1982 354 154
1983 287 87
1984 954 654
1985 1041 841
1986 201 1
1987 972 772
1988 940 740
1989 823 623
1990 911 711
1991 487 287
1992 858 658
1993 726 526
1994 534 234
1995 694 494
1996 636 336
1997 451 251
1998 939 739
1999 526 326
2000 1182 982
2001 589 389
2002 840 540
2003 540 240
2004 935 735
2005 655 455
2006 472 272
2007 1168 968
2008 324 24
2009 1008 708
2010 917 717
2011 329 129
2012 985 785
2013 522 322
2014 1157 957
2015 946 746
2016 534 234
2017 1175 975
2018 996 696
2019 643 443
2020 559 359
2021 663 463
2022 846 546
2023 636 336
2024 653 453
2025 1131 931
2026 251 51
2027 384 84
2028 1110 810
2029 450 250
2030 906 706
2031 263 63
2032 928 728
2033 1075 875
2034 633 433
2035 804 504
2036 857 657
2037 321 121
2038 396 196
2039 403 203
2040 316 116
2041 629 429
2042 441 241
2043 840 540
2044 822 622
2045 447 247
2046 720 520
2047 522 322
2048 570 370
2049 893 693
2050 819 619
2051 792 492
2052 1081 881
2053 558 258
2054 1119 919
2055 502 302
2056 826 626
2057 804 504
2058 841 641
2059 1165 965
2060 1018 818
2061 325 125
2062 918 618
2063 814 614
2064 949 749
2065 594 394
2066 819 619
2067 619 419
2068 1067 867
2069 502 302
2070 513 313
2071 1013 813
2072 342 42
2073 663 463
2074 689 489
2075 378 178
2076 491 291
2077 913 713
2078 628 428
2079 960 760
2080 772 572
2081 460 260
2082 384 84
2083 504 304
2084 306 106
2085 633 433
2086 469 269
2087 1075 875
2088 234 34
2089 773 573
2090 360 60
2091 240 40
2092 750 450
2093 637 437
2094 467 267
2095 955 755
2096 797 597
2097 1200 1000
2098 618 418
2099 1015 815
2100 1008 708
2101 960 760
2102 591 391
2103 757 557
2104 552 252
2105 864 664
2106 927 727
2107 474 274
2108 1158 958
2109 270 70
2110 1134 834
2111 732 532
2112 402 202
2113 1146 946
2114 1194 994
2115 525 325
2116 715 515
2117 1117 917
2118 691 491
2119 810 510
2120 893 693
2121 635 435
2122 720 420
2123 525 325
2124 666 466
2125 377 177
2126 237 37
2127 1111 911
2128 516 216
2129 882 582
2130 1167 967
2131 1266 966
2132 779 579
2133 597 397
2134 766 566
2135 747 547
2136 697 497
2137 857 657
2138 473 273
2139 480 180
2140 289 89
2141 568 368
2142 468 168
2143 639 439
2144 1067 867
2145 777 577
2146 285 85
2147 933 733
2148 826 626
2149 869 669
2150 403 203
2151 287 87
2152 624 324
2153 684 384
2154 586 386
2155 540 340
2156 564 264
2157 576 376
2158 948 648
2159 977 777
2160 702 502
2161 877 677
2162 648 448
2163 678 478
2164 1122 922
2165 207 7
2166 967 767
2167 1079 879
2168 553 353
2169 1059 859
2170 1193 993
2171 600 400
2172 390 90
2173 670 470
2174 348 48
2175 396 96
2176 330 30
2177 479 279
2178 1165 965
2179 390 190
2180 401 201
2181 265 65
2182 552 252
2183 847 647
2184 582 382
2185 582 382
2186 556 356
2187 1037 837
2188 429 229
2189 984 684
2190 604 404
2191 492 192
2192 624 424
2193 708 508
2194 847 647
2195 825 625
2196 720 520
2197 1069 869
2198 528 328
2199 210 10
2200 333 133
2201 965 765
2202 642 342
2203 1143 943
2204 907 707
2205 1120 920
2206 1177 977
2207 759 559
2208 1198 998
2209 450 150
2210 322 122
2211 1074 874
2212 438 238
2213 505 305
2214 415 215
2215 828 628
2216 570 370
2217 504 204
2218 636 436
2219 568 368
2220 241 41
2221 532 332
2222 850 650
2223 958 758
2224 648 348
2225 418 218
2226 963 763
2227 474 174
2228 990 790
2229 647 447
2230 555 355
2231 762 562
2232 1019 819
2233 591 391
2234 640 440
2235 1079 879
2236 875 675
2237 1242 942
2238 1163 963
2239 835 635
2240 784 584
2241 973 773
2242 1045 845
2243 664 464
2244 739 539
2245 229 29
2246 522 322
2247 871 671
2248 490 290
2249 538 338
2250 456 256
2251 798 598
2252 229 29
2253 1145 945
2254 448 248
2255 210 10
2256 1188 988
2257 753 553
2258 228 28
2259 981 781
2260 966 666
2261 774 574
2262 1191 991
2263 376 176
2264 1117 917
2265 345 145
2266 948 648
2267 1073 873
2268 306 106
2269 1032 832
2270 894 694
2271 295 95
2272 533 333
2273 372 172
2274 252 52
2275 348 48
2276 727 527
2277 1045 845
2278 1194 894
2279 345 145
2280 789 589
2281 216 16
2282 1254 954
2283 486 286
2284 616 416
2285 881 681
2286 1164 864
2287 1272 972
2288 1103 903
2289 1044 744
2290 658 458
2291 958 758
2292 1030 830
2293 280 80
2294 916 716
2295 397 197
2296 409 209
2297 995 795
2298 408 108
2299 766 566
2300 465 265
2301 927 727
2302 390 90
2303 1044 744
2304 621 421
2305 299 99
2306 1185 985
2307 490 290
2308 298 98
2309 970 770
2310 336 36
2311 505 305
2312 1032 732
2313 430 230
2314 425 225
2315 975 775
2316 798 498
2317 1069 869
2318 521 321
2319 765 565
2320 525 325
2321 384 184
2322 789 589
2323 785 585
2324 1152 952
2325 1290 990
2326 994 794
2327 588 288
2328 281 81
2329 605 405
2330 646 446
2331 773 573
2332 918 718
2333 721 521
2334 448 248
2335 663 463
2336 729 529
2337 658 458
2338 523 323
2339 247 47
2340 864 564
2341 426 226
2342 739 539
2343 255 55
2344 1117 917
2345 324 124
2346 733 533
2347 355 155
2348 1155 955
2349 1174 974
2350 1147 947
2351 1011 811
2352 334 134
2353 279 79
2354 1002 702
2355 647 447
2356 750 450
2357 585 385
2358 241 41
2359 201 1
2360 300 100
2361 383 183
2362 840 540
2363 894 694
2364 251 51
2365 312 112
2366 718 518
2367 1012 812
2368 935 735
2369 1026 826
2370 1138 938
2371 965 765
2372 1117 917
2373 567 367
2374 658 458
2375 243 43
2376 377 177
2377 611 411
2378 1078 878
2379 473 273
2380 515 315
2381 547 347
2382 366 166
2383 736 536
2384 706 506
2385 798 598
2386 339 139
2387 330 30
2388 811 611
2389 420 120
2390 750 450
2391 768 568
2392 714 514
2393 498 298
2394 600 400
2395 345 145
2396 334 134
2397 395 195
2398 478 278
2399 736 536
2400 657 457
2401 841 641
2402 390 190
2403 690 390
2404 910 710
2405 900 600
2406 747 547
2407 573 373
2408 881 681
2409 1081 881
2410 437 237
2411 569 369
2412 390 90
2413 627 427
2414 274 74
2415 1002 802
2416 209 9
2417 958 758
2418 798 598
2419 384 184
2420 371 171
2421 715 515
2422 979 779
2423 1141 941
2424 211 11
2425 988 788
2426 905 705
2427 1086 886
2428 809 609
2429 825 625
2430 679 479
2431 702 402
2432 1126 926
2433 513 313
2434 1167 967
2435 264 64
2436 285 85
2437 228 28
2438 797 597
2439 893 693
2440 444 244
2441 780 480
2442 804 504
2443 1115 915
2444 856 656
2445 324 24
2446 592 392
2447 763 563
2448 1036 836
2449 1182 982
2450 581 381
2451 1036 836
2452 1114 914
2453 745 545
2454 306 6
2455 960 760
2456 591 391
2457 871 671
2458 1055 855
2459 581 381
2460 643 443
2461 300 100
2462 497 297
2463 1026 826
2464 1150 950
2465 1025 825
2466 485 285
2467 469 269
2468 1092 892
2469 654 454
2470 249 49
2471 579 379
2472 305 105
2473 655 455
2474 257 57
2475 976 776
2476 766 566
2477 833 633
2478 766 566
2479 994 794
2480 921 721
2481 774 574
2482 306 106
2483 730 530
2484 624 424
2485 853 653
2486 390 90
2487 1066 866
2488 999 799
2489 918 618
2490 594 394
2491 599 399
2492 732 532
2493 891 691
2494 1104 804
2495 1032 832
2496 305 105
2497 273 73
2498 1169 969
2499 660 460
2500 1134 834
2501 891 691
2502 1061 861
2503 396 96
2504 226 26
2505 510 310
2506 774 574
2507 1170 870
2508 366 66
2509 983 783
2510 666 366
2511 815 615
2512 498 298
2513 402 102
2514 628 428
2515 1018 818
2516 709 509
2517 1224 924
2518 502 302
2519 697 497
2520 473 273
2521 677 477
2522 1138 938
2523 1090 890
2524 228 28
2525 1143 943
2526 1048 848
2527 756 556
2528 688 488
2529 793 593
2530 273 73
2531 469 269
2532 607 407
2533 948 748
2534 654 354
2535 1158 858
2536 438 238
2537 573 373
2538 625 425
2539 1007 807
2540 1074 774
2541 600 400
2542 642 342
2543 634 434
2544 1038 838
2545 486 286
2546 291 91
2547 624 324
2548 486 186
2549 1111 911
2550 964 764
2551 775 575
2552 599 399
2553 948 648
2554 808 608
2555 732 432
2556 1019 819
2557 838 638
2558 1045 845
2559 738 438
2560 873 673
2561 921 721
2562 1183 983
2563 465 265
2564 427 227
2565 1169 969
2566 937 737
2567 859 659
2568 1102 902
2569 772 572
2570 865 665
2571 978 778
2572 569 369
2573 1069 869
2574 900 600
2575 667 467
2576 389 189
2577 1266 966
2578 863 663
2579 612 312
2580 1013 813
2581 895 695
2582 795 595
2583 979 779
2584 287 87
2585 1163 963
2586 1090 890
2587 468 168
2588 390 90
2589 922 722
2590 683 483
2591 990 790
2592 790 590
2593 401 201
2594 618 418
2595 990 790
2596 694 494
2597 531 331
2598 784 584
2599 666 466
2600 996 696
2601 379 179
2602 390 190
2603 455 255
2604 995 795
2605 719 519
2606 691 491
2607 739 539
2608 1135 935
2609 1014 814
2610 257 57
2611 1170 870
2612 216 16
2613 582 282
2614 336 36
2615 501 301
2616 955 755
2617 439 239
2618 802 602
2619 274 74
2620 1119 919
2621 737 537
2622 891 691
2623 1069 869
2624 909 709
2625 1017 817
2626 553 353
2627 989 789
2628 696 496
2629 313 113
2630 1041 841
2631 223 23
2632 949 749
2633 666 466
2634 816 616
2635 670 470
2636 432 132
2637 1109 909
2638 351 151
2639 780 480
2640 1060 860
2641 623 423
2642 1103 903
2643 911 711
2644 1194 994
2645 630 330
2646 917 717
2647 653 453
2648 822 522
2649 234 34
2650 366 166
2651 378 78
2652 756 556
2653 533 333
2654 1068 868
2655 1113 913
2656 648 448
2657 1182 882
2658 450 150
2659 375 175
2660 690 490
2661 274 74
2662 971 771
2663 762 562
2664 1002 702
2665 1278 978
2666 864 664
2667 1191 991
2668 228 28
2669 498 198
2670 628 428
2671 420 220
2672 837 637
2673 1095 895
2674 691 491
2675 618 418
2676 707 507
2677 438 238
2678 400 200
2679 387 187
2680 820 620
2681 1174 974
2682 1008 808
2683 1108 908
2684 912 712
2685 765 565
2686 1173 973
2687 948 748
2688 622 422
2689 1230 930
2690 849 649
2691 1083 883
2692 1086 786
2693 448 248
2694 742 542
2695 1091 891
2696 658 458
2697 846 546
2698 300 100
2699 762 562
2700 1131 931
2701 504 204
2702 387 187
2703 333 133
2704 256 56
2705 708 408
2706 516 316
2707 678 478
2708 267 67
2709 1134 934
2710 1083 883
2711 1135 935
2712 1014 714
2713 390 90
2714 855 655
2715 576 276
2716 450 250
2717 833 633
2718 1192 992
2719 845 645
2720 927 727
2721 347 147
2722 376 176
2723 744 544
2724 306 106
2725 490 290
2726 682 482
2727 779 579
2728 624 424
2729 345 145
2730 1150 950
2731 759 559
2732 898 698
2733 382 182
2734 1018 818
2735 269 69
2736 855 655
2737 881 681
2738 1041 841
2739 669 469
2740 706 506
2741 390 90
2742 216 16
2743 1153 953
2744 738 538
2745 1165 965
2746 251 51
2747 455 255
2748 1156 956
2749 1153 953
2750 636 436
2751 456 156
2752 923 723
2753 732 532
2754 768 468
2755 496 296
2756 689 489
2757 1044 744
2758 616 416
2759 712 512
2760 1050 850
2761 345 145
2762 924 724
2763 911 711
2764 367 167
2765 1133 933
2766 1107 907
2767 483 283
2768 856 656
2769 606 306
2770 1132 932
2771 690 390
2772 1081 881
2773 394 194
2774 870 670
2775 990 690
2776 1189 989
2777 993 793
2778 1093 893
2779 539 339
2780 1050 750
2781 1125 925
2782 241 41
2783 1185 985
2784 438 138
2785 941 741
2786 646 446
2787 363 163
2788 375 175
2789 1123 923
2790 1126 926
2791 460 260
2792 919 719
2793 721 521
2794 600 400
2795 732 432
2796 628 428
2797 439 239
2798 580 380
2799 727 527
2800 381 181
2801 243 43
2802 581 381
2803 281 81
2804 1218 918
2805 382 182
2806 237 37
2807 1041 841
2808 436 236
2809 709 509
2810 907 707
2811 894 594
2812 1126 926
2813 382 182
2814 648 448
2815 408 108
2816 877 677
2817 546 246
2818 564 364
2819 479 279
2820 484 284
2821 897 697
2822 718 518
2823 301 101
2824 280 80
2825 298 98
2826 265 65
2827 1108 908
2828 1120 920
2829 405 205
2830 1199 999
2831 1110 810
2832 861 661
2833 636 436
2834 714 514
2835 695 495
2836 1003 803
2837 887 687
2838 669 469
2839 557 357
2840 646 446
2841 1114 914
2842 423 223
2843 1091 891
2844 1157 957
2845 1170 970
2846 511 311
2847 1021 821
2848 894 594
2849 540 240
2850 616 416
2851 469 269
2852 832 632
2853 504 204
2854 718 518
2855 1173 973
2856 611 411
2857 970 770
2858 1031 831
2859 606 306
2860 483 283
2861 720 520
2862 715 515
2863 562 362
2864 720 520
2865 1021 821
2866 508 308
2867 1122 822
2868 238 38
2869 747 547
2870 558 358
2871 472 272
2872 811 611
2873 534 334
2874 1119 919
2875 1134 934
2876 744 444
2877 891 691
2878 516 216
2879 829 629
2880 387 187
2881 1113 913
2882 553 353
2883 1086 886
2884 1027 827
2885 250 50
2886 448 248
2887 467 267
2888 569 369
2889 630 330
2890 858 658
2891 994 794
2892 781 581
2893 463 263
2894 804 504
2895 1129 929
2896 726 526
2897 671 471
2898 360 60
2899 552 352
2900 665 465
2901 676 476
2902 552 352
2903 377 177
2904 651 451
2905 475 275
2906 917 717
2907 523 323
2908 401 201
2909 839 639
2910 1161 961
2911 1018 818
2912 335 135
2913 498 298
2914 815 615
2915 1056 856
2916 461 261
2917 453 253
2918 355 155
2919 1151 951
2920 291 91
2921 771 571
2922 587 387
2923 316 116
2924 766 566
2925 657 457
2926 550 350
2927 701 501
2928 736 536
2929 780 480
2930 928 728
2931 859 659
2932 795 595
2933 705 505
2934 796 596
2935 1185 985
2936 318 118
2937 751 551
2938 312 112
2939 898 698
2940 930 630
2941 780 480
2942 600 300
2943 726 526
2944 930 630
2945 924 724
2946 274 74
2947 309 109
2948 991 791
2949 876 676
2950 1007 807
2951 1041 841
2952 552 352
2953 371 171
2954 684 384
2955 1140 840
2956 390 190
2957 1032 832
2958 286 86
2959 280 80
2960 1164 964
2961 630 330
2962 930 730
2963 601 401
2964 652 452
2965 366 66
2966 489 289
2967 966 766
2968 1224 924
2969 612 412
2970 1284 984
2971 883 683
2972 474 274
2973 309 109
2974 1192 992
2975 1140 840
2976 576 376
2977 214 14
2978 651 451
2979 292 92
2980 936 736
2981 231 31
2982 1108 908
2983 1254 954
2984 599 399
2985 532 332
2986 307 107
2987 1015 815
2988 246 46
2989 915 715
2990 918 718
2991 545 345
2992 528 228
2993 204 4
2994 1009 809
2995 881 681
2996 285 85
2997 815 615
2998 642 342
2999 705 505
3000 365 165
3001 457 257
3002 461 261
3003 351 151
3004 1029 829
3005 954 654
3006 1029 829
3007 1128 928
3008 501 301
3009 784 584
3010 264 64
3011 613 413
3012 751 551
3013 694 494
3014 315 115
3015 900 600
3016 898 698
3017 741 541
3018 418 218
3019 327 127
3020 436 236
3021 1171 971
3022 1140 840
3023 540 240
3024 522 222
3025 378 78
3026 501 301
3027 699 499
3028 484 284
3029 496 296
3030 909 709
3031 499 299
3032 678 378
3033 474 174
3034 991 791
3035 892 692
3036 263 63
3037 364 164
3038 603 403
3039 1026 726
3040 341 141
3041 666 466
3042 1035 835
3043 648 448
3044 546 246
3045 1137 937
3046 1062 762
3047 357 157
3048 420 120
3049 582 382
3050 583 383
3051 1050 850
3052 306 106
3053 750 550
3054 923 723
3055 909 709
3056 1140 940
3057 1104 904
3058 438 238
3059 1071 871
3060 462 162
3061 1182 982
3062 877 677
3063 582 282
3064 946 746
3065 387 187
3066 847 647
3067 964 764
3068 960 760
3069 981 781
3070 562 362
3071 442 242
3072 304 104
3073 964 764
3074 510 210
3075 949 749
3076 780 580
3077 865 665
3078 875 675
3079 396 96
3080 473 273
3081 567 367
3082 353 153
3083 967 767
3084 431 231
3085 973 773
3086 358 158
3087 712 512
3088 677 477
3089 1230 930
3090 384 84
3091 1133 933
3092 1008 808
3093 959 759
3094 1266 966
3095 672 472
3096 312 12
3097 520 320
3098 315 115
3099 774 574
3100 905 705
3101 755 555
3102 555 355
3103 916 716
3104 703 503
3105 222 22
3106 487 287
3107 480 180
3108 802 602
3109 768 468
3110 960 660
3111 720 520
3112 366 166
3113 1177 977
3114 432 232
3115 1141 941
3116 227 27
3117 849 649
3118 635 435
3119 690 490
3120 729 529
3121 964 764
3122 1103 903
3123 1242 942
3124 885 685
3125 349 149
3126 640 440
3127 1056 756
3128 730 530
3129 813 613
3130 325 125
3131 954 754
3132 804 504
3133 340 140
3134 604 404
3135 949 749
3136 385 185
3137 945 745
3138 521 321
3139 294 94
3140 630 430
3141 444 244
3142 287 87
3143 279 79
3144 261 61
3145 922 722
3146 852 652
3147 330 30
3148 358 158
3149 825 625
3150 497 297
3151 697 497
3152 721 521
3153 407 207
3154 288 88
3155 456 256
3156 849 649
3157 430 230
3158 748 548
3159 702 502
3160 843 643
3161 675 475
3162 667 467
3163 328 128
3164 655 455
3165 690 490
3166 935 735
3167 835 635
3168 429 229
3169 491 291
3170 760 560
3171 249 49
3172 761 561
3173 664 464
3174 923 723
3175 469 269
3176 1168 968
3177 552 252
3178 402 102
3179 761 561
3180 928 728
3181 340 140
3182 833 633
3183 1047 847
3184 771 571
3185 449 249
3186 493 293
3187 957 757
3188 540 340
3189 660 460
3190 1044 744
3191 786 486
3192 407 207
3193 904 704
3194 1191 991
3195 804 504
3196 333 133
3197 624 324
3198 819 619
3199 520 320
3200 221 21
3201 522 222
3202 540 340
3203 1015 815
3204 676 476
3205 928 728
3206 816 616
3207 1128 928
3208 813 613
3209 437 237
3210 828 628
3211 679 479
3212 1009 809
3213 996 796
3214 681 481
3215 267 67
3216 352 152
3217 780 580
3218 1236 936
3219 360 60
3220 574 374
3221 990 790
3222 1002 702
3223 877 677
3224 450 150
3225 630 430
3226 904 704
3227 466 266
3228 1042 842
3229 250 50
3230 575 375
3231 459 259
3232 912 712
3233 372 72
3234 941 741
3235 703 503
3236 725 525
3237 1008 708
3238 718 518
3239 217 17
3240 1014 814
3241 967 767
3242 1092 792
3243 1150 950
3244 306 106
3245 688 488
3246 690 490
3247 420 220
3248 785 585
3249 903 703
3250 616 416
3251 957 757
3252 999 799
3253 804 604
3254 629 429
3255 1129 929
3256 369 169
3257 960 660
3258 342 142
3259 543 343
3260 766 566
3261 796 596
3262 894 694
3263 1044 844
3264 966 766
3265 963 763
3266 456 156
3267 353 153
3268 906 606
3269 316 116
3270 845 645
3271 729 529
3272 1278 978
3273 1145 945
3274 744 544
3275 684 384
3276 321 121
3277 601 401
3278 1133 933
3279 792 492
3280 365 165
3281 226 26
3282 877 677
3283 304 104
3284 959 759
3285 510 310
3286 1037 837
3287 600 300
3288 1014 814
3289 594 394
3290 894 594
3291 877 677
3292 849 649
3293 522 322
3294 1061 861
3295 347 147
3296 660 360
3297 1158 958
3298 375 175
3299 245 45
3300 478 278
3301 784 584
3302 718 518
3303 498 198
3304 793 593
3305 715 515
3306 1110 910
3307 203 3
3308 328 128
3309 757 557
3310 409 209
3311 827 627
3312 683 483
3313 301 101
3314 511 311
3315 637 437
3316 1143 943
3317 413 213
3318 885 685
3319 1116 916
3320 455 255
3321 736 536
3322 942 642
3323 1266 966
3324 587 387
3325 229 29
3326 1053 853
3327 708 408
3328 936 636
3329 201 1
3330 424 224
3331 899 699
3332 1109 909
3333 953 753
3334 503 303
3335 1090 890
3336 403 203
3337 837 637
3338 537 337
3339 705 505
3340 570 270
3341 245 45
3342 1125 925
3343 831 631
3344 637 437
3345 780 480
3346 846 646
3347 940 740
3348 509 309
3349 1015 815
3350 640 440
3351 963 763
3352 851 651
3353 594 294
3354 472 272
3355 209 9
3356 960 660
3357 371 171
3358 646 446
3359 267 67
3360 1188 988
3361 1189 989
3362 1174 974
3363 619 419
3364 819 619
3365 1173 973
3366 570 370
3367 1036 836
3368 977 777
3369 424 224
3370 697 497
3371 545 345
3372 963 763
3373 298 98
3374 723 523
3375 409 209
3376 811 611
3377 1147 947
3378 819 619
3379 325 125
3380 859 659
3381 774 574
3382 771 571
3383 280 80
3384 234 34
3385 1173 973
3386 1182 882
3387 570 270
3388 957 757
3389 1218 918
3390 625 425
3391 221 21
3392 390 190
3393 840 640
3394 1169 969
3395 670 470
3396 857 657
3397 930 630
3398 570 270
3399 636 436
3400 409 209
3401 610 410
3402 774 574
3403 1123 923
3404 207 7
3405 579 379
3406 1195 995
3407 534 234
3408 419 219
3409 935 735
3410 940 740
3411 889 689
3412 552 352
3413 929 729
3414 495 295
3415 819 619
3416 456 156
3417 931 731
3418 1066 866
3419 549 349
3420 789 589
3421 276 76
3422 1068 868
3423 324 124
3424 456 156
3425 1044 844
3426 1137 937
3427 882 682
3428 661 461
3429 810 610
3430 555 355
3431 226 26
3432 365 165
3433 453 253
3434 681 481
3435 951 751
3436 274 74
3437 255 55
3438 771 571
3439 1188 888
3440 870 670
3441 582 282
3442 291 91
3443 607 407
3444 732 532
3445 375 175
3446 1013 813
3447 576 276
3448 449 249
3449 1162 962
3450 351 151
3451 622 422
3452 483 283
3453 527 327
3454 497 297
3455 586 386
3456 389 189
3457 255 55
3458 958 758
3459 529 329
3460 1009 809
3461 947 747
3462 489 289
3463 814 614
3464 843 643
3465 223 23
3466 972 672
3467 957 757
3468 844 644
3469 648 448
3470 1116 916
3471 685 485
3472 1125 925
3473 238 38
3474 718 518
3475 366 166
3476 631 431
3477 774 474
3478 899 699
3479 963 763
3480 1193 993
3481 425 225
3482 505 305
3483 441 241
3484 425 225
3485 286 86
3486 519 319
3487 834 534
3488 465 265
3489 1107 907
3490 504 304
3491 234 34
3492 659 459
3493 1128 928
3494 448 248
3495 660 360
3496 717 517
3497 394 194
3498 445 245
3499 1182 982
3500 814 614
3501 1125 925
3502 598 398
3503 576 376
3504 430 230
3505 582 282
3506 951 751
3507 448 248
3508 321 121
3509 1153 953
3510 283 83
3511 617 417
3512 456 156
3513 943 743
3514 696 496
3515 642 342
3516 1122 822
3517 297 97
3518 798 598
3519 640 440
3520 664 464
3521 1095 895
3522 1068 768
3523 1077 877
3524 381 181
3525 606 306
3526 1092 792
3527 1041 841
3528 658 458
3529 645 445
3530 762 462
3531 948 648
3532 702 502
3533 1194 894
3534 306 106
3535 1033 833
3536 267 67
3537 358 158
3538 325 125
3539 268 68
3540 491 291
3541 333 133
3542 1116 916
3543 652 452
3544 883 683
3545 1170 870
3546 480 180
3547 774 574
3548 922 722
3549 377 177
3550 990 790
3551 952 752
3552 978 778
3553 307 107
3554 1032 732
3555 486 186
3556 762 462
3557 671 471
3558 498 298
3559 607 407
3560 850 650
3561 828 528
3562 341 141
3563 701 501
3564 550 350
3565 852 652
3566 735 535
3567 900 600
3568 851 651
3569 762 562
3570 1116 816
3571 1134 834
3572 315 115
3573 204 4
3574 358 158
3575 742 542
3576 1060 860
3577 958 758
3578 1086 886
3579 328 128
3580 310 110
3581 336 36
3582 888 688
3583 862 662
3584 216 16
3585 583 383
3586 934 734
3587 961 761
3588 306 6
3589 856 656
3590 852 652
3591 816 516
3592 853 653
3593 355 155
3594 497 297
3595 1083 883
3596 741 541
3597 509 309
3598 389 189
3599 797 597
3600 1002 702
3601 366 166
3602 1000 800
3603 427 227
3604 467 267
3605 887 687
3606 593 393
3607 742 542
3608 1137 937
3609 1141 941
3610 868 668
3611 796 596
3612 888 688
3613 744 444
3614 1110 810
3615 1098 898
3616 280 80
3617 475 275
3618 301 101
3619 395 195
3620 637 437
3621 330 30
3622 1120 920
3623 927 727
3624 324 124
3625 478 278
3626 906 706
3627 508 308
3628 371 171
3629 371 171
3630 996 796
3631 1089 889
3632 676 476
3633 923 723
3634 406 206
3635 429 229
3636 809 609
3637 679 479
3638 981 781
3639 600 300
3640 609 409
3641 444 244
3642 976 776
3643 673 473
3644 353 153
3645 1127 927
3646 389 189
3647 517 317
3648 604 404
3649 924 624
3650 480 280
3651 1218 918
3652 707 507
3653 511 311
3654 653 453
3655 1000 800
3656 1165 965
3657 354 154
3658 324 24
3659 319 119
3660 952 752
3661 432 132
3662 820 620
3663 918 618
3664 261 61
3665 1055 855
3666 1044 744
3667 414 114
3668 527 327
3669 1179 979
3670 587 387
3671 1056 856
3672 408 108
3673 684 484
3674 832 632
3675 297 97
3676 666 466
3677 311 111
3678 690 490
3679 381 181
3680 603 403
3681 696 396
3682 873 673
3683 492 292
3684 473 273
3685 557 357
3686 931 731
3687 663 463
3688 426 226
3689 1053 853
3690 372 172
3691 268 68
3692 408 108
3693 730 530
3694 757 557
3695 946 746
3696 377 177
3697 204 4
3698 904 704
3699 564 264
3700 348 148
3701 331 131
3702 377 177
3703 570 370
3704 922 722
3705 747 547
3706 822 622
3707 412 212
3708 826 626
3709 1035 835
3710 804 504
3711 1020 820
3712 285 85
3713 641 441
3714 576 376
3715 435 235
3716 789 589
3717 391 191
3718 202 2
3719 744 444
3720 1161 961
3721 649 449
3722 940 740
3723 1116 916
3724 399 199
3725 960 660
3726 935 735
3727 516 216
3728 849 649
3729 480 280
3730 885 685
3731 593 393
3732 904 704
3733 559 359
3734 913 713
3735 810 610
3736 611 411
3737 475 275
3738 449 249
3739 1140 840
3740 785 585
3741 979 779
3742 351 151
3743 985 785
3744 1122 922
3745 1054 854
3746 627 427
3747 1045 845
3748 609 409
3749 965 765
3750 1146 946
3751 660 360
3752 268 68
3753 253 53
3754 234 34
3755 677 477
3756 690 490
3757 1170 970
3758 1115 915
3759 419 219
3760 635 435
3761 1141 941
3762 430 230
3763 516 316
3764 1020 820
3765 631 431
3766 521 321
3767 793 593
3768 1044 744
3769 563 363
3770 297 97
3771 526 326
3772 695 495
3773 847 647
3774 407 207
3775 1224 924
3776 946 746
3777 347 147
3778 395 195
3779 641 441
3780 1188 988
3781 423 223
3782 691 491
3783 769 569
3784 918 618
3785 321 121
3786 612 412
3787 952 752
3788 555 355
3789 888 588
3790 575 375
3791 277 77
3792 425 225
3793 366 66
3794 237 37
3795 361 161
3796 894 694
3797 1083 883
3798 515 315
3799 797 597
3800 687 487
3801 971 771
3802 663 463
3803 527 327
3804 940 740
3805 575 375
3806 624 424
3807 381 181
3808 589 389
3809 444 144
3810 649 449
3811 207 7
3812 1078 878
3813 1026 726
3814 954 654
3815 441 241
3816 419 219
3817 573 373
3818 1060 860
3819 1098 798
3820 1068 868
3821 243 43
3822 693 493
3823 738 438
3824 786 586
3825 1111 911
3826 850 650
3827 520 320
3828 383 183
3829 851 651
3830 894 694
3831 592 392
3832 274 74
3833 947 747
3834 449 249
3835 1086 786
3836 1068 768
3837 635 435
3838 930 730
3839 1032 732
3840 603 403
3841 229 29
3842 948 748
3843 671 471
3844 1047 847
3845 496 296
3846 321 121
3847 934 734
3848 319 119
3849 769 569
3850 593 393
3851 570 270
3852 340 140
3853 869 669
3854 948 748
3855 1180 980
3856 694 494
3857 556 356
3858 915 715
3859 921 721
3860 588 288
3861 324 24
3862 1134 834
3863 1161 961
3864 768 568
3865 611 411
3866 809 609
3867 486 286
3868 840 540
3869 1012 812
3870 430 230
3871 865 665
3872 429 229
3873 1014 714
3874 1059 859
3875 522 322
3876 543 343
3877 670 470
3878 526 326
3879 634 434
3880 647 447
3881 453 253
3882 411 211
3883 432 232
3884 1019 819
3885 652 452
3886 972 772
3887 232 32
3888 805 605
3889 1086 786
3890 537 337
3891 861 661
3892 568 368
3893 636 336
3894 1260 960
3895 808 608
3896 504 304
3897 211 11
3898 621 421
3899 517 317
3900 834 534
3901 1145 945
3902 370 170
3903 789 589
3904 586 386
3905 911 711
3906 1120 920
3907 954 654
3908 958 758
3909 1113 913
3910 1152 852
3911 268 68
3912 1041 841
3913 610 410
3914 778 578
3915 528 228
3916 513 313
3917 510 310
3918 789 589
3919 763 563
3920 399 199
3921 263 63
3922 357 157
3923 606 306
3924 711 511
3925 413 213
3926 714 414
3927 765 565
3928 1180 980
3929 420 220
3930 1015 815
3931 942 742
3932 984 784
3933 377 177
3934 1080 880
3935 334 134
3936 369 169
3937 1173 973
3938 522 322
3939 813 613
3940 397 197
3941 496 296
3942 531 331
3943 804 604
3944 311 111
3945 526 326
3946 999 799
3947 1002 802
3948 718 518
3949 909 709
3950 1039 839
3951 763 563
3952 996 796
3953 733 533
3954 1189 989
3955 894 594
3956 1013 813
3957 286 86
3958 861 661
3959 516 216
3960 768 468
3961 525 325
3962 262 62
3963 486 186
3964 496 296
3965 714 414
3966 450 150
3967 646 446
3968 220 20
3969 898 698
3970 657 457
3971 925 725
3972 1114 914
3973 939 739
3974 227 27
3975 299 99
3976 943 743
3977 683 483
3978 472 272
3979 298 98
3980 1110 810
3981 828 528
3982 282 82
3983 462 162
3984 957 757
3985 822 522
3986 875 675
3987 912 612
3988 870 570
3989 699 499
3990 822 622
3991 1081 881
3992 630 430
3993 901 701
3994 630 330
3995 991 791
3996 1212 912
3997 999 799
3998 550 350
3999 1104 804
4000 990 690
4001 540 240
4002 1266 966
4003 256 56
4004 631 431
4005 714 514
4006 1152 852
4007 671 471
4008 291 91
4009 780 480
4010 551 351
4011 516 316
4012 798 598
4013 287 87
4014 807 607
4015 847 647
4016 385 185
4017 720 520
4018 742 542
4019 519 319
4020 694 494
4021 468 268
4022 400 200
4023 712 512
4024 515 315
4025 270 70
4026 1195 995
4027 618 318
4028 863 663
4029 1156 956
4030 887 687
4031 544 344
4032 931 731
4033 934 734
4034 319 119
4035 917 717
4036 1179 979
4037 805 605
4038 1030 830
4039 321 121
4040 654 354
4041 1005 805
4042 658 458
4043 281 81
4044 337 137
4045 1098 898
4046 912 612
4047 534 234
4048 1199 999
4049 646 446
4050 630 430
4051 762 462
4052 929 729
4053 697 497
4054 755 555
4055 306 6
4056 292 92
4057 751 551
4058 825 625
4059 984 784
4060 893 693
4061 286 86
4062 390 90
4063 946 746
4064 1152 952
4065 844 644
4066 1038 838
4067 804 604
4068 694 494
4069 900 700
4070 1193 993
4071 942 642
4072 888 588
4073 1194 994
4074 731 531
4075 863 663
4076 966 666
4077 1066 866
4078 283 83
4079 579 379
4080 1105 905
4081 612 412
4082 883 683
4083 762 462
4084 1080 780
4085 1170 970
4086 895 695
4087 330 130
4088 263 63
4089 592 392
4090 373 173
4091 1032 732
4092 643 443
4093 227 27
4094 549 349
4095 1090 890
4096 871 671
4097 250 50
4098 1097 897
4099 978 678
4100 1188 888
4101 312 112
4102 858 558
4103 289 89
4104 1065 865
4105 1015 815
4106 457 257
4107 1236 936
4108 1195 995
4109 357 157
4110 995 795
4111 726 426
4112 1006 806
4113 1018 818
4114 493 293
4115 600 400
4116 661 461
4117 840 640
4118 1068 868
4119 747 547
4120 546 246
4121 401 201
4122 869 669
4123 897 697
4124 1055 855
4125 1084 884
4126 1081 881
4127 808 608
4128 1146 946
4129 329 129
4130 774 474
4131 721 521
4132 769 569
4133 551 351
4134 604 404
4135 534 334
4136 306 106
4137 552 252
4138 244 44
4139 971 771
4140 1011 811
4141 837 637
4142 676 476
4143 424 224
4144 334 134
4145 377 177
4146 268 68
4147 1044 844
4148 306 6
4149 394 194
4150 642 442
4151 1123 923
4152 336 136
4153 347 147
4154 203 3
4155 857 657
4156 475 275
4157 1114 914
4158 431 231
4159 477 277
4160 959 759
4161 815 615
4162 376 176
4163 450 150
4164 385 185
4165 427 227
4166 979 779
4167 417 217
4168 965 765
4169 826 626
4170 988 788
4171 960 760
4172 390 90
4173 1056 856
4174 726 526
4175 963 763
4176 401 201
4177 399 199
4178 505 305
4179 851 651
4180 982 782
4181 975 775
4182 321 121
4183 1137 937
4184 221 21
4185 720 420
4186 933 733
4187 811 611
4188 1029 829
4189 228 28
4190 965 765
4191 239 39
4192 372 72
4193 901 701
4194 963 763
4195 598 398
4196 1169 969
4197 683 483
4198 1086 786
4199 558 258
4200 340 140
4201 543 343
4202 810 610
4203 695 495
4204 432 232
4205 1260 960
4206 961 761
4207 1173 973
4208 1144 944
4209 534 334
4210 330 130
4211 467 267
4212 1125 925
4213 1113 913
4214 738 538
4215 894 694
4216 237 37
4217 858 558
4218 301 101
4219 1167 967
4220 519 319
4221 750 450
4222 909 709
4223 720 520
4224 628 428
4225 636 436
4226 851 651
4227 448 248
4228 263 63
4229 439 239
4230 339 139
4231 1185 985
4232 781 581
4233 285 85
4234 744 444
4235 708 408
4236 354 54
4237 460 260
4238 453 253
4239 917 717
4240 945 745
4241 1032 732
4242 1145 945
4243 558 358
4244 435 235
4245 375 175
4246 955 755
4247 972 672
4248 984 784
4249 576 376
4250 1162 962
4251 390 190
4252 1048 848
4253 244 44
4254 750 550
4255 775 575
4256 787 587
4257 587 387
4258 1008 808
4259 539 339
4260 725 525
4261 783 583
4262 558 358
4263 1134 934
4264 474 274
4265 1155 955
4266 564 364
4267 936 636
4268 1186 986
4269 1108 908
4270 1099 899
4271 1131 931
4272 474 174
4273 459 259
4274 549 349
4275 835 635
4276 636 336
4277 473 273
4278 534 334
4279 612 312
4280 463 263
4281 665 465
4282 864 564
4283 558 358
4284 552 352
4285 402 202
4286 208 8
4287 1128 828
4288 805 605
4289 870 570
4290 987 787
4291 329 129
4292 1194 994
4293 555 355
4294 897 697
4295 594 394
4296 474 274
4297 816 616
4298 1192 992
4299 825 625
4300 546 246
4301 948 648
4302 1041 841
4303 887 687
4304 661 461
4305 834 634
4306 1198 998
4307 858 658
4308 1189 989
4309 687 487
4310 1254 954
4311 935 735
4312 372 72
4313 267 67
4314 1128 828
4315 249 49
4316 1015 815
4317 844 644
4318 467 267
4319 503 303
4320 1138 938
4321 729 529
4322 642 442
4323 529 329
4324 717 517
4325 1059 859
4326 1021 821
4327 779 579
4328 661 461
4329 582 382
4330 738 538
4331 673 473
4332 564 264
4333 217 17
4334 249 49
4335 297 97
4336 828 528
4337 929 729
4338 360 60
4339 283 83
4340 1032 832
4341 894 594
4342 207 7
4343 1051 851
4344 669 469
4345 478 278
4346 328 128
4347 917 717
4348 653 453
4349 682 482
4350 263 63
4351 928 728
4352 603 403
4353 456 256
4354 639 439
4355 1080 780
4356 432 232
4357 911 711
4358 515 315
4359 755 555
4360 1011 811
4361 725 525
4362 697 497
4363 1019 819
4364 630 330
4365 1117 917
4366 678 378
4367 569 369
4368 1134 934
4369 612 312
4370 855 655
4371 951 751
4372 1019 819
4373 424 224
4374 949 749
4375 814 614
4376 588 388
4377 648 448
4378 658 458
4379 844 644
4380 363 163
4381 989 789
4382 997 797
4383 247 47
4384 654 454
4385 239 39
4386 345 145
4387 672 472
4388 1027 827
4389 744 544
4390 1026 826
4391 729 529
4392 964 764
4393 331 131
4394 1061 861
4395 742 542
4396 691 491
4397 846 646
4398 624 324
4399 679 479
4400 871 671
4401 832 632
4402 324 24
4403 900 700
4404 684 484
4405 1115 915
4406 268 68
4407 503 303
4408 1175 975
4409 474 274
4410 936 736
4411 805 605
4412 487 287
4413 1248 948
4414 643 443
4415 1045 845
4416 765 565
4417 943 743
4418 612 312
4419 786 486
4420 696 396
4421 1117 917
4422 1193 993
4423 205 5
4424 873 673
4425 849 649
4426 834 534
4427 840 540
4428 627 427
4429 786 586
4430 351 151
4431 1296 996
4432 648 348
4433 647 447
4434 397 197
4435 384 84
4436 1053 853
4437 433 233
4438 253 53
4439 742 542
4440 389 189
4441 813 613
4442 940 740
4443 588 288
4444 683 483
4445 1134 934
4446 931 731
4447 640 440
4448 287 87
4449 1198 998
4450 700 500
4451 1151 951
4452 468 268
4453 749 549
4454 378 178
4455 807 607
4456 348 48
4457 712 512
4458 1029 829
4459 853 653
4460 366 66
4461 1019 819
4462 1019 819
4463 1182 982
4464 1003 803
4465 767 567
4466 588 288
4467 909 709
4468 733 533
4469 1008 708
4470 1134 934
4471 315 115
4472 1050 750
4473 703 503
4474 549 349
4475 933 733
4476 454 254
4477 397 197
4478 948 748
4479 930 730
4480 948 748
4481 862 662
4482 725 525
4483 1158 858
4484 1152 852
4485 906 706
4486 864 564
4487 847 647
4488 683 483
4489 463 263
4490 1200 1000
4491 407 207
4492 945 745
4493 840 640
4494 897 697
4495 551 351
4496 1021 821
4497 663 463
4498 239 39
4499 273 73
4500 1152 852
4501 683 483
4502 849 649
4503 1063 863
4504 1123 923
4505 954 754
4506 739 539
4507 1181 981
4508 359 159
4509 424 224
4510 1030 830
4511 658 458
4512 892 692
4513 213 13
4514 963 763
4515 527 327
4516 1075 875
4517 859 659
4518 912 712
4519 270 70
4520 569 369
4521 797 597
4522 417 217
4523 323 123
4524 1242 942
4525 1137 937
4526 863 663
4527 1030 830
4528 1011 811
4529 238 38
4530 844 644
4531 391 191
4532 275 75
4533 270 70
4534 637 437
4535 816 616
4536 594 394
4537 989 789
4538 810 510
4539 534 334
4540 1068 768
4541 279 79
4542 489 289
4543 432 232
4544 407 207
4545 701 501
4546 327 127
4547 910 710
4548 960 760
4549 492 192
4550 276 76
4551 210 10
4552 898 698
4553 924 724
4554 526 326
4555 834 634
4556 819 619
4557 438 238
4558 1031 831
4559 451 251
4560 652 452
4561 862 662
4562 910 710
4563 839 639
4564 660 360
4565 1074 774
4566 777 577
4567 516 216
4568 269 69
4569 664 464
4570 406 206
4571 486 186
4572 777 577
4573 1107 907
4574 789 589
4575 580 380
4576 1029 829
4577 965 765
4578 631 431
4579 639 439
4580 245 45
4581 442 242
4582 697 497
4583 1061 861
4584 906 606
4585 723 523
4586 1145 945
4587 706 506
4588 622 422
4589 520 320
4590 487 287
4591 838 638
4592 1047 847
4593 1014 814
4594 805 605
4595 817 617
4596 652 452
4597 577 377
4598 831 631
4599 933 733
4600 534 234
4601 531 331
4602 412 212
4603 247 47
4604 1152 952
4605 490 290
4606 1042 842
4607 978 678
4608 799 599
4609 349 149
4610 1157 957
4611 690 490
4612 1017 817
4613 1071 871
4614 492 192
4615 741 541
4616 845 645
4617 931 731
4618 249 49
4619 901 701
4620 401 201
4621 517 317
4622 545 345
4623 519 319
4624 1198 998
4625 1143 943
4626 858 658
4627 717 517
4628 480 280
4629 1284 984
4630 438 238
4631 1105 905
4632 1027 827
4633 886 686
4634 702 502
4635 455 255
4636 882 582
4637 429 229
4638 360 160
4639 582 382
4640 243 43
4641 510 310
4642 544 344
4643 255 55
4644 676 476
4645 641 441
4646 559 359
4647 504 204
4648 759 559
4649 234 34
4650 1242 942
4651 562 362
4652 995 795
4653 1063 863
4654 844 644
4655 447 247
4656 329 129
4657 431 231
4658 411 211
4659 364 164
4660 499 299
4661 436 236
4662 327 127
4663 731 531
4664 567 367
4665 1153 953
4666 762 462
4667 785 585
4668 1080 780
4669 525 325
4670 472 272
4671 797 597
4672 755 555
4673 342 142
4674 767 567
4675 847 647
4676 1087 887
4677 1014 814
4678 960 760
4679 825 625
4680 821 621
4681 817 617
4682 1168 968
4683 793 593
4684 504 204
4685 1080 780
4686 636 336
4687 768 468
4688 930 630
4689 887 687
4690 665 465
4691 700 500
4692 877 677
4693 876 676
4694 852 552
4695 931 731
4696 1006 806
4697 813 613
4698 306 106
4699 813 613
4700 304 104
4701 1185 985
4702 657 457
4703 809 609
4704 453 253
4705 527 327
4706 312 12
4707 384 184
4708 808 608
4709 1188 888
4710 390 90
4711 876 676
4712 485 285
4713 393 193
4714 208 8
4715 234 34
4716 924 724
4717 838 638
4718 861 661
4719 640 440
4720 570 270
4721 684 384
4722 445 245
4723 855 655
4724 718 518
4725 936 736
4726 979 779
4727 425 225
4728 1236 936
4729 609 409
4730 336 36
4731 467 267
4732 804 604
4733 281 81
4734 834 634
4735 748 548
4736 683 483
4737 871 671
4738 527 327
4739 1068 868
4740 889 689
4741 330 30
4742 229 29
4743 557 357
4744 665 465
4745 864 664
4746 564 364
4747 661 461
4748 1084 884
4749 468 268
4750 960 660
4751 918 618
4752 1206 906
4753 569 369
4754 666 366
4755 456 156
4756 958 758
4757 239 39
4758 1134 934
4759 613 413
4760 261 61
4761 696 396
4762 627 427
4763 720 420
4764 463 263
4765 1125 925
4766 269 69
4767 445 245
4768 700 500
4769 780 480
4770 870 670
4771 1206 906
4772 808 608
4773 492 192
4774 457 257
4775 829 629
4776 688 488
4777 480 280
4778 330 30
4779 683 483
4780 546 346
4781 694 494
4782 419 219
4783 486 186
4784 1120 920
4785 985 785
4786 243 43
4787 822 522
4788 525 325
4789 1104 804
4790 571 371
4791 624 424
4792 781 581
4793 880 680
4794 655 455
4795 1098 798
4796 209 9
4797 709 509
4798 297 97
4799 1200 900
4800 401 201
4801 681 481
4802 538 338
4803 750 450
4804 447 247
4805 262 62
4806 711 511
4807 226 26
4808 210 10
4809 588 288
4810 456 156
4811 514 314
4812 280 80
4813 888 588
4814 504 204
4815 1080 880
4816 666 466
4817 1206 906
4818 810 510
4819 1155 955
4820 411 211
4821 1108 908
4822 601 401
4823 372 72
4824 689 489
4825 936 636
4826 1073 873
4827 1011 811
4828 834 634
4829 801 601
4830 1038 838
4831 841 641
4832 424 224
4833 514 314
4834 796 596
4835 700 500
4836 261 61
4837 552 352
4838 1029 829
4839 618 318
4840 351 151
4841 1044 744
4842 1092 792
4843 204 4
4844 340 140
4845 263 63
4846 397 197
4847 1092 892
4848 1111 911
4849 923 723
4850 967 767
4851 247 47
4852 545 345
4853 544 344
4854 624 424
4855 639 439
4856 976 776
4857 376 176
4858 695 495
4859 1185 985
4860 586 386
4861 361 161
4862 1005 805
4863 552 252
4864 918 618
4865 1075 875
4866 211 11
4867 1020 720
4868 370 170
4869 1087 887
4870 341 141
4871 540 240
4872 319 119
4873 952 752
4874 1025 825
4875 231 31
4876 456 256
4877 741 541
4878 840 640
4879 1126 926
4880 975 775
4881 1061 861
4882 220 20
4883 252 52
4884 1149 949
4885 497 297
4886 1140 840
4887 600 300
4888 1009 809
4889 744 444
4890 211 11
4891 1114 914
4892 618 418
4893 618 318
4894 1200 900
4895 701 501
4896 660 360
4897 348 148
4898 522 222
4899 718 518
4900 558 358
4901 1153 953
4902 477 277
4903 583 383
4904 834 634
4905 1001 801
4906 447 247
4907 909 709
4908 987 787
4909 448 248
4910 1104 804
4911 606 406
4912 738 538
4913 246 46
4914 858 558
4915 923 723
4916 1089 889
4917 557 357
4918 905 705
4919 375 175
4920 810 510
4921 1049 849
4922 843 643
4923 773 573
4924 640 440
4925 1102 902
4926 941 741
4927 413 213
4928 744 544
4929 462 262
4930 1007 807
4931 1127 927
4932 594 394
4933 472 272
4934 1047 847
4935 1197 997
4936 873 673
4937 265 65
4938 1122 922
4939 453 253
4940 741 541
4941 846 646
4942 953 753
4943 373 173
4944 756 456
4945 639 439
4946 666 366
4947 957 757
4948 996 796
4949 306 6
4950 315 115
4951 840 640
4952 1158 958
4953 1189 989
4954 633 433
4955 234 34
4956 846 646
4957 395 195
4958 1074 774
4959 450 250
4960 228 28
4961 343 143
4962 957 757
4963 465 265
4964 292 92
4965 667 467
4966 754 554
4967 418 218
4968 562 362
4969 586 386
4970 875 675
4971 207 7
4972 1098 798
4973 1193 993
4974 287 87
4975 769 569
4976 449 249
4977 481 281
4978 414 114
4979 1044 744
4980 1002 702
4981 979 779
4982 295 95
4983 399 199
4984 537 337
4985 1122 922
4986 276 76
4987 865 665
4988 907 707
4989 696 396
4990 1089 889
4991 1078 878
4992 755 555
4993 361 161
4994 876 576
4995 1102 902
4996 1170 870
4997 918 618
4998 262 62
4999 724 524
5000 1159 959
