5000 69645 13_5000_1000_2904
1 534 414
2 890 690
3 267 207
4 890 690
5 80 60
6 720 540
7 320 240
8 240 180
9 560 420
10 356 276
11 89 69
12 640 480
13 720 540
14 240 180
15 80 60
16 800 600
17 356 276
18 623 483
19 240 180
20 400 300
21 445 345
22 320 240
23 80 60
24 720 540
25 890 690
26 534 414
27 267 207
28 623 483
29 640 480
30 320 240
31 712 552
32 480 360
33 560 420
34 560 420
35 356 276
36 890 690
37 720 540
38 712 552
39 801 621
40 712 552
41 445 345
42 712 552
43 178 138
44 160 120
45 89 69
46 89 69
47 712 552
48 240 180
49 801 621
50 534 414
51 400 300
52 890 690
53 89 69
54 801 621
55 267 207
56 400 300
57 178 138
58 80 60
59 240 180
60 178 138
61 400 300
62 400 300
63 400 300
64 640 480
65 801 621
66 400 300
67 178 138
68 400 300
69 240 180
70 240 180
71 400 300
72 712 552
73 160 120
74 534 414
75 720 540
76 178 138
77 800 600
78 480 360
79 80 60
80 445 345
81 356 276
82 640 480
83 240 180
84 240 180
85 80 60
86 800 600
87 320 240
88 534 414
89 160 120
90 89 69
91 160 120
92 240 180
93 720 540
94 160 120
95 240 180
96 356 276
97 534 414
98 320 240
99 712 552
100 160 120
101 890 690
102 623 483
103 356 276
104 623 483
105 178 138
106 640 480
107 320 240
108 267 207
109 320 240
110 400 300
111 712 552
112 623 483
113 800 600
114 267 207
115 267 207
116 160 120
117 89 69
118 356 276
119 267 207
120 480 360
121 623 483
122 240 180
123 320 240
124 720 540
125 445 345
126 640 480
127 160 120
128 445 345
129 560 420
130 267 207
131 890 690
132 480 360
133 560 420
134 178 138
135 400 300
136 890 690
137 178 138
138 445 345
139 240 180
140 560 420
141 480 360
142 160 120
143 720 540
144 720 540
145 480 360
146 240 180
147 720 540
148 890 690
149 712 552
150 445 345
151 80 60
152 640 480
153 800 600
154 240 180
155 89 69
156 178 138
157 320 240
158 160 120
159 80 60
160 160 120
161 800 600
162 890 690
163 720 540
164 801 621
165 534 414
166 89 69
167 560 420
168 712 552
169 800 600
170 480 360
171 801 621
172 480 360
173 480 360
174 712 552
175 80 60
176 640 480
177 356 276
178 80 60
179 320 240
180 267 207
181 890 690
182 320 240
183 445 345
184 890 690
185 160 120
186 720 540
187 89 69
188 800 600
189 356 276
190 890 690
191 560 420
192 160 120
193 445 345
194 80 60
195 801 621
196 890 690
197 712 552
198 400 300
199 890 690
200 623 483
201 356 276
202 534 414
203 267 207
204 320 240
205 178 138
206 356 276
207 267 207
208 801 621
209 623 483
210 623 483
211 640 480
212 267 207
213 178 138
214 160 120
215 712 552
216 800 600
217 178 138
218 640 480
219 640 480
220 560 420
221 80 60
222 445 345
223 800 600
224 160 120
225 890 690
226 267 207
227 178 138
228 720 540
229 89 69
230 640 480
231 890 690
232 534 414
233 89 69
234 80 60
235 445 345
236 445 345
237 480 360
238 534 414
239 445 345
240 623 483
241 400 300
242 80 60
243 320 240
244 480 360
245 640 480
246 320 240
247 267 207
248 267 207
249 89 69
250 160 120
251 356 276
252 623 483
253 400 300
254 800 600
255 160 120
256 534 414
257 560 420
258 445 345
259 445 345
260 712 552
261 720 540
262 89 69
263 720 540
264 89 69
265 445 345
266 178 138
267 560 420
268 623 483
269 356 276
270 801 621
271 445 345
272 445 345
273 560 420
274 534 414
275 720 540
276 480 360
277 80 60
278 80 60
279 267 207
280 800 600
281 160 120
282 80 60
283 800 600
284 623 483
285 712 552
286 445 345
287 534 414
288 89 69
289 720 540
290 160 120
291 623 483
292 80 60
293 445 345
294 240 180
295 890 690
296 640 480
297 400 300
298 160 120
299 320 240
300 712 552
301 480 360
302 320 240
303 356 276
304 356 276
305 400 300
306 80 60
307 89 69
308 890 690
309 89 69
310 89 69
311 89 69
312 623 483
313 890 690
314 320 240
315 623 483
316 80 60
317 640 480
318 267 207
319 640 480
320 160 120
321 320 240
322 801 621
323 240 180
324 623 483
325 720 540
326 640 480
327 320 240
328 356 276
329 160 120
330 267 207
331 720 540
332 89 69
333 640 480
334 560 420
335 400 300
336 800 600
337 640 480
338 178 138
339 80 60
340 720 540
341 356 276
342 445 345
343 178 138
344 240 180
345 640 480
346 623 483
347 240 180
348 801 621
349 720 540
350 240 180
351 623 483
352 800 600
353 320 240
354 89 69
355 720 540
356 356 276
357 800 600
358 623 483
359 89 69
360 800 600
361 720 540
362 623 483
363 267 207
364 534 414
365 356 276
366 720 540
367 320 240
368 356 276
369 560 420
370 534 414
371 800 600
372 623 483
373 640 480
374 534 414
375 178 138
376 89 69
377 80 60
378 480 360
379 160 120
380 445 345
381 623 483
382 80 60
383 240 180
384 890 690
385 480 360
386 560 420
387 400 300
388 178 138
389 640 480
390 267 207
391 89 69
392 890 690
393 400 300
394 178 138
395 480 360
396 80 60
397 640 480
398 267 207
399 623 483
400 720 540
401 445 345
402 640 480
403 160 120
404 445 345
405 267 207
406 178 138
407 160 120
408 356 276
409 801 621
410 89 69
411 640 480
412 560 420
413 640 480
414 480 360
415 178 138
416 178 138
417 623 483
418 890 690
419 712 552
420 801 621
421 267 207
422 178 138
423 720 540
424 160 120
425 80 60
426 178 138
427 320 240
428 240 180
429 320 240
430 560 420
431 267 207
432 623 483
433 560 420
434 89 69
435 80 60
436 640 480
437 240 180
438 240 180
439 320 240
440 80 60
441 267 207
442 801 621
443 89 69
444 480 360
445 534 414
446 400 300
447 720 540
448 445 345
449 160 120
450 240 180
451 89 69
452 623 483
453 560 420
454 560 420
455 320 240
456 534 414
457 480 360
458 160 120
459 534 414
460 320 240
461 356 276
462 890 690
463 480 360
464 534 414
465 890 690
466 400 300
467 712 552
468 320 240
469 480 360
470 534 414
471 320 240
472 267 207
473 89 69
474 890 690
475 89 69
476 560 420
477 240 180
478 320 240
479 160 120
480 178 138
481 89 69
482 712 552
483 80 60
484 400 300
485 534 414
486 801 621
487 400 300
488 320 240
489 89 69
490 445 345
491 623 483
492 640 480
493 480 360
494 560 420
495 712 552
496 267 207
497 623 483
498 320 240
499 800 600
500 640 480
501 160 120
502 445 345
503 80 60
504 534 414
505 534 414
506 712 552
507 89 69
508 890 690
509 356 276
510 534 414
511 534 414
512 160 120
513 623 483
514 560 420
515 640 480
516 80 60
517 623 483
518 400 300
519 720 540
520 800 600
521 267 207
522 240 180
523 356 276
524 80 60
525 89 69
526 160 120
527 534 414
528 712 552
529 560 420
530 178 138
531 623 483
532 445 345
533 445 345
534 534 414
535 480 360
536 80 60
537 480 360
538 160 120
539 160 120
540 890 690
541 400 300
542 890 690
543 534 414
544 712 552
545 80 60
546 320 240
547 890 690
548 356 276
549 480 360
550 400 300
551 400 300
552 801 621
553 267 207
554 720 540
555 560 420
556 623 483
557 80 60
558 800 600
559 560 420
560 640 480
561 560 420
562 178 138
563 267 207
564 623 483
565 560 420
566 400 300
567 80 60
568 267 207
569 356 276
570 160 120
571 480 360
572 320 240
573 720 540
574 178 138
575 890 690
576 640 480
577 640 480
578 801 621
579 160 120
580 801 621
581 160 120
582 890 690
583 267 207
584 80 60
585 800 600
586 178 138
587 712 552
588 640 480
589 80 60
590 356 276
591 89 69
592 712 552
593 712 552
594 800 600
595 623 483
596 320 240
597 623 483
598 267 207
599 160 120
600 445 345
601 801 621
602 480 360
603 80 60
604 160 120
605 534 414
606 623 483
607 178 138
608 80 60
609 160 120
610 320 240
611 400 300
612 80 60
613 445 345
614 720 540
615 712 552
616 720 540
617 267 207
618 623 483
619 890 690
620 356 276
621 160 120
622 640 480
623 890 690
624 240 180
625 80 60
626 480 360
627 534 414
628 712 552
629 445 345
630 623 483
631 356 276
632 480 360
633 890 690
634 560 420
635 890 690
636 240 180
637 720 540
638 480 360
639 712 552
640 356 276
641 240 180
642 445 345
643 80 60
644 400 300
645 801 621
646 178 138
647 640 480
648 356 276
649 89 69
650 712 552
651 400 300
652 640 480
653 160 120
654 267 207
655 267 207
656 534 414
657 178 138
658 89 69
659 320 240
660 80 60
661 178 138
662 178 138
663 400 300
664 640 480
665 801 621
666 445 345
667 712 552
668 890 690
669 480 360
670 160 120
671 400 300
672 160 120
673 160 120
674 80 60
675 800 600
676 267 207
677 178 138
678 712 552
679 80 60
680 720 540
681 640 480
682 267 207
683 800 600
684 800 600
685 890 690
686 320 240
687 712 552
688 445 345
689 320 240
690 801 621
691 534 414
692 320 240
693 534 414
694 640 480
695 445 345
696 640 480
697 320 240
698 890 690
699 712 552
700 267 207
701 80 60
702 480 360
703 320 240
704 160 120
705 560 420
706 800 600
707 267 207
708 178 138
709 623 483
710 890 690
711 80 60
712 400 300
713 623 483
714 160 120
715 800 600
716 890 690
717 240 180
718 640 480
719 534 414
720 623 483
721 89 69
722 320 240
723 80 60
724 89 69
725 160 120
726 712 552
727 720 540
728 801 621
729 480 360
730 400 300
731 480 360
732 480 360
733 178 138
734 534 414
735 445 345
736 320 240
737 800 600
738 534 414
739 560 420
740 800 600
741 800 600
742 640 480
743 560 420
744 801 621
745 640 480
746 160 120
747 801 621
748 800 600
749 560 420
750 160 120
751 623 483
752 801 621
753 160 120
754 160 120
755 720 540
756 712 552
757 640 480
758 720 540
759 534 414
760 356 276
761 890 690
762 320 240
763 356 276
764 712 552
765 623 483
766 160 120
767 640 480
768 267 207
769 240 180
770 640 480
771 160 120
772 240 180
773 890 690
774 801 621
775 320 240
776 89 69
777 712 552
778 89 69
779 800 600
780 356 276
781 160 120
782 534 414
783 720 540
784 80 60
785 400 300
786 160 120
787 400 300
788 89 69
789 560 420
790 720 540
791 640 480
792 480 360
793 534 414
794 801 621
795 560 420
796 712 552
797 712 552
798 80 60
799 89 69
800 89 69
801 640 480
802 356 276
803 267 207
804 890 690
805 800 600
806 178 138
807 356 276
808 178 138
809 267 207
810 801 621
811 560 420
812 560 420
813 356 276
814 712 552
815 445 345
816 356 276
817 801 621
818 445 345
819 560 420
820 178 138
821 480 360
822 267 207
823 80 60
824 890 690
825 480 360
826 801 621
827 890 690
828 800 600
829 80 60
830 640 480
831 80 60
832 320 240
833 712 552
834 480 360
835 445 345
836 480 360
837 640 480
838 801 621
839 712 552
840 80 60
841 320 240
842 80 60
843 89 69
844 720 540
845 801 621
846 89 69
847 712 552
848 320 240
849 89 69
850 267 207
851 267 207
852 640 480
853 400 300
854 320 240
855 800 600
856 534 414
857 89 69
858 480 360
859 400 300
860 560 420
861 534 414
862 356 276
863 560 420
864 160 120
865 267 207
866 267 207
867 640 480
868 267 207
869 480 360
870 400 300
871 712 552
872 320 240
873 890 690
874 623 483
875 160 120
876 178 138
877 623 483
878 800 600
879 800 600
880 178 138
881 640 480
882 712 552
883 720 540
884 801 621
885 178 138
886 267 207
887 80 60
888 89 69
889 640 480
890 178 138
891 640 480
892 267 207
893 267 207
894 800 600
895 445 345
896 720 540
897 400 300
898 267 207
899 800 600
900 480 360
901 178 138
902 445 345
903 712 552
904 445 345
905 712 552
906 240 180
907 240 180
908 640 480
909 320 240
910 356 276
911 623 483
912 712 552
913 160 120
914 712 552
915 267 207
916 80 60
917 445 345
918 712 552
919 712 552
920 712 552
921 534 414
922 160 120
923 712 552
924 240 180
925 480 360
926 480 360
927 623 483
928 640 480
929 445 345
930 160 120
931 320 240
932 400 300
933 800 600
934 890 690
935 801 621
936 720 540
937 801 621
938 320 240
939 445 345
940 80 60
941 89 69
942 800 600
943 356 276
944 356 276
945 623 483
946 240 180
947 267 207
948 178 138
949 534 414
950 267 207
951 800 600
952 623 483
953 560 420
954 160 120
955 178 138
956 720 540
957 89 69
958 890 690
959 178 138
960 445 345
961 240 180
962 445 345
963 267 207
964 890 690
965 480 360
966 178 138
967 267 207
968 800 600
969 480 360
970 356 276
971 480 360
972 534 414
973 623 483
974 320 240
975 400 300
976 445 345
977 890 690
978 560 420
979 356 276
980 160 120
981 445 345
982 160 120
983 480 360
984 640 480
985 534 414
986 712 552
987 623 483
988 534 414
989 178 138
990 80 60
991 89 69
992 240 180
993 640 480
994 534 414
995 89 69
996 178 138
997 480 360
998 534 414
999 267 207
1000 89 69
1001 160 120
1002 623 483
1003 240 180
1004 623 483
1005 320 240
1006 445 345
1007 480 360
1008 720 540
1009 356 276
1010 560 420
1011 560 420
1012 160 120
1013 480 360
1014 356 276
1015 178 138
1016 712 552
1017 623 483
1018 178 138
1019 240 180
1020 623 483
1021 712 552
1022 534 414
1023 356 276
1024 801 621
1025 480 360
1026 720 540
1027 267 207
1028 720 540
1029 160 120
1030 800 600
1031 240 180
1032 560 420
1033 320 240
1034 178 138
1035 890 690
1036 800 600
1037 623 483
1038 80 60
1039 890 690
1040 80 60
1041 623 483
1042 160 120
1043 178 138
1044 320 240
1045 801 621
1046 267 207
1047 356 276
1048 80 60
1049 240 180
1050 178 138
1051 534 414
1052 890 690
1053 560 420
1054 178 138
1055 89 69
1056 400 300
1057 640 480
1058 801 621
1059 534 414
1060 240 180
1061 178 138
1062 240 180
1063 89 69
1064 480 360
1065 720 540
1066 801 621
1067 400 300
1068 89 69
1069 267 207
1070 80 60
1071 356 276
1072 80 60
1073 89 69
1074 160 120
1075 80 60
1076 640 480
1077 640 480
1078 89 69
1079 400 300
1080 160 120
1081 480 360
1082 89 69
1083 267 207
1084 445 345
1085 480 360
1086 800 600
1087 623 483
1088 320 240
1089 320 240
1090 178 138
1091 480 360
1092 356 276
1093 560 420
1094 800 600
1095 480 360
1096 267 207
1097 800 600
1098 320 240
1099 720 540
1100 178 138
1101 890 690
1102 534 414
1103 178 138
1104 89 69
1105 400 300
1106 80 60
1107 267 207
1108 800 600
1109 800 600
1110 240 180
1111 801 621
1112 480 360
1113 801 621
1114 160 120
1115 720 540
1116 801 621
1117 400 300
1118 356 276
1119 160 120
1120 800 600
1121 623 483
1122 320 240
1123 445 345
1124 800 600
1125 800 600
1126 560 420
1127 80 60
1128 801 621
1129 480 360
1130 623 483
1131 267 207
1132 160 120
1133 400 300
1134 356 276
1135 712 552
1136 712 552
1137 712 552
1138 560 420
1139 623 483
1140 800 600
1141 480 360
1142 178 138
1143 720 540
1144 445 345
1145 89 69
1146 89 69
1147 160 120
1148 720 540
1149 801 621
1150 560 420
1151 178 138
1152 80 60
1153 712 552
1154 240 180
1155 890 690
1156 712 552
1157 720 540
1158 712 552
1159 320 240
1160 801 621
1161 240 180
1162 560 420
1163 800 600
1164 720 540
1165 356 276
1166 890 690
1167 720 540
1168 800 600
1169 80 60
1170 800 600
1171 712 552
1172 890 690
1173 890 690
1174 89 69
1175 890 690
1176 640 480
1177 267 207
1178 160 120
1179 240 180
1180 89 69
1181 800 600
1182 480 360
1183 160 120
1184 534 414
1185 178 138
1186 356 276
1187 178 138
1188 720 540
1189 240 180
1190 720 540
1191 89 69
1192 160 120
1193 712 552
1194 320 240
1195 800 600
1196 356 276
1197 400 300
1198 623 483
1199 80 60
1200 534 414
1201 640 480
1202 560 420
1203 480 360
1204 560 420
1205 400 300
1206 890 690
1207 178 138
1208 560 420
1209 712 552
1210 623 483
1211 267 207
1212 800 600
1213 160 120
1214 445 345
1215 267 207
1216 480 360
1217 480 360
1218 445 345
1219 801 621
1220 801 621
1221 890 690
1222 160 120
1223 623 483
1224 80 60
1225 89 69
1226 480 360
1227 445 345
1228 800 600
1229 800 600
1230 890 690
1231 890 690
1232 712 552
1233 356 276
1234 80 60
1235 801 621
1236 89 69
1237 80 60
1238 712 552
1239 400 300
1240 640 480
1241 267 207
1242 800 600
1243 560 420
1244 801 621
1245 801 621
1246 560 420
1247 400 300
1248 89 69
1249 801 621
1250 178 138
1251 356 276
1252 89 69
1253 400 300
1254 89 69
1255 320 240
1256 400 300
1257 720 540
1258 320 240
1259 720 540
1260 320 240
1261 80 60
1262 400 300
1263 80 60
1264 560 420
1265 80 60
1266 800 600
1267 800 600
1268 320 240
1269 89 69
1270 480 360
1271 400 300
1272 890 690
1273 267 207
1274 534 414
1275 480 360
1276 890 690
1277 640 480
1278 80 60
1279 890 690
1280 480 360
1281 178 138
1282 320 240
1283 320 240
1284 89 69
1285 800 600
1286 712 552
1287 400 300
1288 890 690
1289 160 120
1290 640 480
1291 320 240
1292 89 69
1293 160 120
1294 240 180
1295 801 621
1296 712 552
1297 178 138
1298 800 600
1299 178 138
1300 80 60
1301 560 420
1302 160 120
1303 800 600
1304 178 138
1305 623 483
1306 80 60
1307 623 483
1308 320 240
1309 640 480
1310 400 300
1311 89 69
1312 480 360
1313 640 480
1314 400 300
1315 267 207
1316 712 552
1317 640 480
1318 623 483
1319 640 480
1320 445 345
1321 267 207
1322 80 60
1323 800 600
1324 720 540
1325 400 300
1326 720 540
1327 480 360
1328 80 60
1329 89 69
1330 720 540
1331 89 69
1332 240 180
1333 320 240
1334 400 300
1335 240 180
1336 640 480
1337 712 552
1338 623 483
1339 720 540
1340 89 69
1341 560 420
1342 356 276
1343 178 138
1344 160 120
1345 534 414
1346 800 600
1347 89 69
1348 800 600
1349 560 420
1350 800 600
1351 400 300
1352 560 420
1353 640 480
1354 720 540
1355 160 120
1356 623 483
1357 178 138
1358 400 300
1359 356 276
1360 560 420
1361 89 69
1362 89 69
1363 890 690
1364 160 120
1365 320 240
1366 640 480
1367 240 180
1368 400 300
1369 320 240
1370 400 300
1371 560 420
1372 534 414
1373 445 345
1374 400 300
1375 801 621
1376 720 540
1377 400 300
1378 445 345
1379 89 69
1380 160 120
1381 89 69
1382 480 360
1383 720 540
1384 445 345
1385 267 207
1386 356 276
1387 800 600
1388 560 420
1389 801 621
1390 890 690
1391 178 138
1392 560 420
1393 267 207
1394 623 483
1395 720 540
1396 720 540
1397 267 207
1398 178 138
1399 890 690
1400 640 480
1401 400 300
1402 801 621
1403 445 345
1404 480 360
1405 560 420
1406 480 360
1407 89 69
1408 178 138
1409 712 552
1410 534 414
1411 890 690
1412 801 621
1413 800 600
1414 801 621
1415 445 345
1416 178 138
1417 400 300
1418 320 240
1419 240 180
1420 720 540
1421 356 276
1422 445 345
1423 160 120
1424 320 240
1425 890 690
1426 623 483
1427 89 69
1428 320 240
1429 89 69
1430 89 69
1431 89 69
1432 356 276
1433 890 690
1434 712 552
1435 240 180
1436 800 600
1437 320 240
1438 712 552
1439 801 621
1440 267 207
1441 560 420
1442 801 621
1443 160 120
1444 80 60
1445 800 600
1446 400 300
1447 89 69
1448 160 120
1449 445 345
1450 89 69
1451 356 276
1452 712 552
1453 80 60
1454 178 138
1455 80 60
1456 560 420
1457 720 540
1458 80 60
1459 720 540
1460 801 621
1461 534 414
1462 240 180
1463 240 180
1464 480 360
1465 801 621
1466 178 138
1467 80 60
1468 356 276
1469 356 276
1470 712 552
1471 89 69
1472 623 483
1473 267 207
1474 356 276
1475 267 207
1476 480 360
1477 240 180
1478 560 420
1479 400 300
1480 534 414
1481 640 480
1482 534 414
1483 89 69
1484 480 360
1485 640 480
1486 800 600
1487 480 360
1488 267 207
1489 720 540
1490 320 240
1491 80 60
1492 800 600
1493 160 120
1494 801 621
1495 720 540
1496 89 69
1497 800 600
1498 801 621
1499 356 276
1500 720 540
1501 320 240
1502 890 690
1503 240 180
1504 720 540
1505 178 138
1506 534 414
1507 640 480
1508 801 621
1509 240 180
1510 480 360
1511 534 414
1512 801 621
1513 801 621
1514 267 207
1515 800 600
1516 178 138
1517 240 180
1518 712 552
1519 800 600
1520 560 420
1521 267 207
1522 800 600
1523 560 420
1524 534 414
1525 89 69
1526 267 207
1527 80 60
1528 400 300
1529 890 690
1530 320 240
1531 400 300
1532 445 345
1533 400 300
1534 267 207
1535 160 120
1536 800 600
1537 560 420
1538 240 180
1539 160 120
1540 890 690
1541 890 690
1542 480 360
1543 640 480
1544 240 180
1545 267 207
1546 801 621
1547 890 690
1548 480 360
1549 720 540
1550 267 207
1551 800 600
1552 80 60
1553 178 138
1554 445 345
1555 640 480
1556 400 300
1557 623 483
1558 445 345
1559 560 420
1560 89 69
1561 240 180
1562 623 483
1563 720 540
1564 320 240
1565 801 621
1566 534 414
1567 890 690
1568 560 420
1569 480 360
1570 480 360
1571 560 420
1572 623 483
1573 320 240
1574 890 690
1575 534 414
1576 720 540
1577 720 540
1578 160 120
1579 890 690
1580 640 480
1581 320 240
1582 267 207
1583 80 60
1584 178 138
1585 80 60
1586 534 414
1587 801 621
1588 560 420
1589 356 276
1590 560 420
1591 400 300
1592 160 120
1593 890 690
1594 480 360
1595 178 138
1596 356 276
1597 400 300
1598 560 420
1599 720 540
1600 640 480
1601 356 276
1602 400 300
1603 800 600
1604 356 276
1605 720 540
1606 89 69
1607 534 414
1608 400 300
1609 720 540
1610 800 600
1611 267 207
1612 800 600
1613 801 621
1614 160 120
1615 356 276
1616 445 345
1617 240 180
1618 720 540
1619 160 120
1620 160 120
1621 267 207
1622 267 207
1623 623 483
1624 267 207
1625 160 120
1626 560 420
1627 160 120
1628 80 60
1629 623 483
1630 240 180
1631 89 69
1632 320 240
1633 800 600
1634 480 360
1635 640 480
1636 445 345
1637 160 120
1638 890 690
1639 640 480
1640 712 552
1641 445 345
1642 534 414
1643 240 180
1644 80 60
1645 400 300
1646 534 414
1647 640 480
1648 178 138
1649 801 621
1650 480 360
1651 534 414
1652 480 360
1653 480 360
1654 801 621
1655 178 138
1656 445 345
1657 890 690
1658 712 552
1659 400 300
1660 356 276
1661 640 480
1662 720 540
1663 800 600
1664 890 690
1665 801 621
1666 480 360
1667 267 207
1668 320 240
1669 400 300
1670 712 552
1671 560 420
1672 178 138
1673 356 276
1674 178 138
1675 640 480
1676 400 300
1677 178 138
1678 534 414
1679 800 600
1680 800 600
1681 560 420
1682 534 414
1683 623 483
1684 800 600
1685 890 690
1686 720 540
1687 640 480
1688 480 360
1689 80 60
1690 356 276
1691 267 207
1692 623 483
1693 480 360
1694 178 138
1695 480 360
1696 400 300
1697 534 414
1698 720 540
1699 534 414
1700 801 621
1701 623 483
1702 80 60
1703 400 300
1704 712 552
1705 356 276
1706 640 480
1707 623 483
1708 267 207
1709 801 621
1710 178 138
1711 534 414
1712 240 180
1713 712 552
1714 267 207
1715 534 414
1716 320 240
1717 267 207
1718 560 420
1719 534 414
1720 89 69
1721 800 600
1722 320 240
1723 160 120
1724 800 600
1725 800 600
1726 800 600
1727 623 483
1728 890 690
1729 890 690
1730 80 60
1731 720 540
1732 720 540
1733 178 138
1734 801 621
1735 240 180
1736 623 483
1737 890 690
1738 712 552
1739 720 540
1740 178 138
1741 89 69
1742 320 240
1743 267 207
1744 801 621
1745 800 600
1746 720 540
1747 712 552
1748 712 552
1749 890 690
1750 720 540
1751 640 480
1752 801 621
1753 890 690
1754 80 60
1755 240 180
1756 400 300
1757 480 360
1758 320 240
1759 801 621
1760 534 414
1761 800 600
1762 890 690
1763 712 552
1764 178 138
1765 80 60
1766 267 207
1767 800 600
1768 445 345
1769 534 414
1770 720 540
1771 356 276
1772 445 345
1773 800 600
1774 240 180
1775 160 120
1776 320 240
1777 712 552
1778 80 60
1779 560 420
1780 320 240
1781 267 207
1782 267 207
1783 890 690
1784 80 60
1785 712 552
1786 890 690
1787 178 138
1788 712 552
1789 534 414
1790 720 540
1791 534 414
1792 267 207
1793 445 345
1794 445 345
1795 89 69
1796 320 240
1797 320 240
1798 534 414
1799 890 690
1800 623 483
1801 801 621
1802 720 540
1803 480 360
1804 356 276
1805 712 552
1806 640 480
1807 712 552
1808 480 360
1809 160 120
1810 801 621
1811 89 69
1812 178 138
1813 560 420
1814 240 180
1815 267 207
1816 534 414
1817 560 420
1818 178 138
1819 160 120
1820 640 480
1821 160 120
1822 623 483
1823 534 414
1824 356 276
1825 320 240
1826 712 552
1827 800 600
1828 800 600
1829 712 552
1830 560 420
1831 240 180
1832 178 138
1833 445 345
1834 640 480
1835 89 69
1836 712 552
1837 267 207
1838 160 120
1839 890 690
1840 800 600
1841 720 540
1842 720 540
1843 560 420
1844 320 240
1845 267 207
1846 89 69
1847 720 540
1848 356 276
1849 160 120
1850 640 480
1851 320 240
1852 720 540
1853 480 360
1854 240 180
1855 801 621
1856 320 240
1857 640 480
1858 623 483
1859 89 69
1860 320 240
1861 160 120
1862 445 345
1863 560 420
1864 89 69
1865 80 60
1866 400 300
1867 267 207
1868 560 420
1869 720 540
1870 178 138
1871 801 621
1872 480 360
1873 890 690
1874 320 240
1875 320 240
1876 480 360
1877 445 345
1878 89 69
1879 400 300
1880 480 360
1881 160 120
1882 400 300
1883 800 600
1884 89 69
1885 320 240
1886 320 240
1887 480 360
1888 640 480
1889 534 414
1890 445 345
1891 400 300
1892 720 540
1893 178 138
1894 890 690
1895 560 420
1896 89 69
1897 800 600
1898 178 138
1899 178 138
1900 240 180
1901 712 552
1902 178 138
1903 356 276
1904 720 540
1905 712 552
1906 534 414
1907 640 480
1908 445 345
1909 801 621
1910 89 69
1911 80 60
1912 480 360
1913 720 540
1914 623 483
1915 400 300
1916 640 480
1917 712 552
1918 480 360
1919 80 60
1920 89 69
1921 178 138
1922 640 480
1923 80 60
1924 400 300
1925 712 552
1926 356 276
1927 890 690
1928 712 552
1929 445 345
1930 89 69
1931 400 300
1932 320 240
1933 534 414
1934 712 552
1935 534 414
1936 890 690
1937 720 540
1938 560 420
1939 160 120
1940 267 207
1941 445 345
1942 400 300
1943 720 540
1944 480 360
1945 640 480
1946 890 690
1947 400 300
1948 356 276
1949 356 276
1950 356 276
1951 178 138
1952 623 483
1953 720 540
1954 480 360
1955 560 420
1956 356 276
1957 178 138
1958 640 480
1959 160 120
1960 801 621
1961 534 414
1962 80 60
1963 400 300
1964 356 276
1965 445 345
1966 80 60
1967 890 690
1968 320 240
1969 560 420
1970 89 69
1971 445 345
1972 640 480
1973 560 420
1974 320 240
1975 80 60
1976 160 120
1977 80 60
1978 267 207
1979 800 600
1980 80 60
1981 623 483
1982 240 180
1983 160 120
1984 80 60
1985 445 345
1986 640 480
1987 560 420
1988 800 600
1989 640 480
1990 534 414
1991 720 540
1992 720 540
1993 400 300
1994 800 600
1995 800 600
1996 712 552
1997 720 540
1998 534 414
1999 160 120
2000 178 138
2001 400 300
2002 560 420
2003 240 180
2004 400 300
2005 801 621
2006 801 621
2007 445 345
2008 356 276
2009 623 483
2010 534 414
2011 890 690
2012 480 360
2013 240 180
2014 720 540
2015 356 276
2016 640 480
2017 80 60
2018 160 120
2019 801 621
2020 712 552
2021 480 360
2022 320 240
2023 801 621
2024 240 180
2025 178 138
2026 178 138
2027 534 414
2028 160 120
2029 80 60
2030 320 240
2031 720 540
2032 712 552
2033 640 480
2034 720 540
2035 480 360
2036 890 690
2037 267 207
2038 640 480
2039 356 276
2040 80 60
2041 890 690
2042 400 300
2043 623 483
2044 240 180
2045 445 345
2046 623 483
2047 640 480
2048 720 540
2049 623 483
2050 356 276
2051 560 420
2052 480 360
2053 640 480
2054 640 480
2055 89 69
2056 480 360
2057 240 180
2058 160 120
2059 178 138
2060 400 300
2061 400 300
2062 890 690
2063 801 621
2064 267 207
2065 480 360
2066 445 345
2067 445 345
2068 623 483
2069 267 207
2070 160 120
2071 720 540
2072 801 621
2073 267 207
2074 560 420
2075 720 540
2076 640 480
2077 801 621
2078 320 240
2079 712 552
2080 801 621
2081 640 480
2082 801 621
2083 80 60
2084 445 345
2085 80 60
2086 801 621
2087 640 480
2088 89 69
2089 89 69
2090 712 552
2091 801 621
2092 640 480
2093 712 552
2094 178 138
2095 320 240
2096 178 138
2097 80 60
2098 480 360
2099 80 60
2100 480 360
2101 89 69
2102 720 540
2103 240 180
2104 89 69
2105 800 600
2106 320 240
2107 267 207
2108 400 300
2109 720 540
2110 89 69
2111 480 360
2112 800 600
2113 356 276
2114 80 60
2115 320 240
2116 445 345
2117 320 240
2118 480 360
2119 160 120
2120 445 345
2121 720 540
2122 356 276
2123 160 120
2124 890 690
2125 320 240
2126 267 207
2127 89 69
2128 356 276
2129 160 120
2130 534 414
2131 800 600
2132 400 300
2133 160 120
2134 534 414
2135 80 60
2136 160 120
2137 320 240
2138 480 360
2139 534 414
2140 534 414
2141 178 138
2142 890 690
2143 720 540
2144 267 207
2145 445 345
2146 800 600
2147 400 300
2148 534 414
2149 560 420
2150 178 138
2151 720 540
2152 160 120
2153 178 138
2154 712 552
2155 560 420
2156 89 69
2157 800 600
2158 178 138
2159 640 480
2160 800 600
2161 356 276
2162 80 60
2163 89 69
2164 890 690
2165 89 69
2166 320 240
2167 80 60
2168 534 414
2169 267 207
2170 890 690
2171 267 207
2172 178 138
2173 480 360
2174 640 480
2175 160 120
2176 640 480
2177 356 276
2178 534 414
2179 800 600
2180 801 621
2181 89 69
2182 623 483
2183 160 120
2184 801 621
2185 400 300
2186 801 621
2187 320 240
2188 800 600
2189 178 138
2190 445 345
2191 890 690
2192 801 621
2193 712 552
2194 890 690
2195 80 60
2196 89 69
2197 356 276
2198 640 480
2199 560 420
2200 890 690
2201 800 600
2202 480 360
2203 800 600
2204 240 180
2205 445 345
2206 534 414
2207 80 60
2208 445 345
2209 534 414
2210 178 138
2211 89 69
2212 890 690
2213 267 207
2214 712 552
2215 480 360
2216 89 69
2217 623 483
2218 623 483
2219 356 276
2220 560 420
2221 480 360
2222 800 600
2223 890 690
2224 720 540
2225 640 480
2226 720 540
2227 480 360
2228 801 621
2229 712 552
2230 801 621
2231 890 690
2232 640 480
2233 890 690
2234 534 414
2235 80 60
2236 89 69
2237 240 180
2238 534 414
2239 800 600
2240 712 552
2241 640 480
2242 320 240
2243 640 480
2244 640 480
2245 720 540
2246 800 600
2247 801 621
2248 800 600
2249 178 138
2250 534 414
2251 356 276
2252 160 120
2253 712 552
2254 712 552
2255 480 360
2256 445 345
2257 80 60
2258 356 276
2259 712 552
2260 356 276
2261 400 300
2262 445 345
2263 712 552
2264 320 240
2265 160 120
2266 400 300
2267 640 480
2268 712 552
2269 267 207
2270 801 621
2271 160 120
2272 712 552
2273 623 483
2274 160 120
2275 240 180
2276 890 690
2277 890 690
2278 80 60
2279 445 345
2280 623 483
2281 80 60
2282 623 483
2283 178 138
2284 89 69
2285 320 240
2286 445 345
2287 800 600
2288 356 276
2289 89 69
2290 712 552
2291 320 240
2292 534 414
2293 89 69
2294 534 414
2295 400 300
2296 320 240
2297 801 621
2298 623 483
2299 356 276
2300 800 600
2301 890 690
2302 480 360
2303 640 480
2304 400 300
2305 640 480
2306 801 621
2307 640 480
2308 623 483
2309 712 552
2310 534 414
2311 178 138
2312 178 138
2313 400 300
2314 890 690
2315 560 420
2316 623 483
2317 178 138
2318 560 420
2319 800 600
2320 356 276
2321 267 207
2322 400 300
2323 240 180
2324 400 300
2325 240 180
2326 801 621
2327 480 360
2328 356 276
2329 560 420
2330 480 360
2331 178 138
2332 560 420
2333 160 120
2334 445 345
2335 356 276
2336 80 60
2337 800 600
2338 240 180
2339 480 360
2340 356 276
2341 80 60
2342 640 480
2343 623 483
2344 80 60
2345 400 300
2346 712 552
2347 801 621
2348 534 414
2349 640 480
2350 712 552
2351 560 420
2352 445 345
2353 801 621
2354 267 207
2355 623 483
2356 89 69
2357 560 420
2358 720 540
2359 560 420
2360 801 621
2361 178 138
2362 267 207
2363 80 60
2364 356 276
2365 445 345
2366 801 621
2367 640 480
2368 267 207
2369 80 60
2370 800 600
2371 240 180
2372 240 180
2373 560 420
2374 80 60
2375 445 345
2376 640 480
2377 400 300
2378 445 345
2379 640 480
2380 623 483
2381 800 600
2382 320 240
2383 445 345
2384 160 120
2385 356 276
2386 800 600
2387 240 180
2388 400 300
2389 640 480
2390 720 540
2391 178 138
2392 623 483
2393 801 621
2394 480 360
2395 356 276
2396 560 420
2397 445 345
2398 89 69
2399 534 414
2400 712 552
2401 240 180
2402 623 483
2403 178 138
2404 560 420
2405 356 276
2406 356 276
2407 712 552
2408 560 420
2409 178 138
2410 267 207
2411 480 360
2412 178 138
2413 890 690
2414 400 300
2415 356 276
2416 801 621
2417 89 69
2418 89 69
2419 400 300
2420 445 345
2421 320 240
2422 160 120
2423 890 690
2424 80 60
2425 320 240
2426 89 69
2427 80 60
2428 640 480
2429 640 480
2430 80 60
2431 560 420
2432 320 240
2433 240 180
2434 480 360
2435 320 240
2436 160 120
2437 640 480
2438 356 276
2439 712 552
2440 623 483
2441 534 414
2442 534 414
2443 720 540
2444 400 300
2445 320 240
2446 801 621
2447 480 360
2448 80 60
2449 801 621
2450 89 69
2451 400 300
2452 720 540
2453 801 621
2454 160 120
2455 160 120
2456 480 360
2457 80 60
2458 800 600
2459 178 138
2460 712 552
2461 445 345
2462 534 414
2463 890 690
2464 320 240
2465 640 480
2466 89 69
2467 560 420
2468 800 600
2469 400 300
2470 178 138
2471 320 240
2472 178 138
2473 640 480
2474 178 138
2475 80 60
2476 720 540
2477 640 480
2478 480 360
2479 240 180
2480 240 180
2481 267 207
2482 240 180
2483 720 540
2484 80 60
2485 801 621
2486 534 414
2487 240 180
2488 623 483
2489 89 69
2490 480 360
2491 400 300
2492 800 600
2493 801 621
2494 267 207
2495 560 420
2496 560 420
2497 240 180
2498 560 420
2499 160 120
2500 240 180
2501 267 207
2502 800 600
2503 89 69
2504 623 483
2505 560 420
2506 160 120
2507 712 552
2508 480 360
2509 890 690
2510 720 540
2511 267 207
2512 267 207
2513 160 120
2514 445 345
2515 89 69
2516 80 60
2517 480 360
2518 80 60
2519 534 414
2520 240 180
2521 534 414
2522 801 621
2523 623 483
2524 356 276
2525 890 690
2526 160 120
2527 640 480
2528 356 276
2529 178 138
2530 640 480
2531 560 420
2532 240 180
2533 178 138
2534 89 69
2535 80 60
2536 80 60
2537 800 600
2538 640 480
2539 534 414
2540 560 420
2541 160 120
2542 800 600
2543 400 300
2544 178 138
2545 560 420
2546 712 552
2547 400 300
2548 720 540
2549 640 480
2550 80 60
2551 720 540
2552 800 600
2553 801 621
2554 240 180
2555 720 540
2556 80 60
2557 560 420
2558 890 690
2559 712 552
2560 356 276
2561 178 138
2562 534 414
2563 356 276
2564 267 207
2565 890 690
2566 480 360
2567 534 414
2568 720 540
2569 800 600
2570 720 540
2571 623 483
2572 320 240
2573 89 69
2574 801 621
2575 80 60
2576 800 600
2577 445 345
2578 720 540
2579 534 414
2580 160 120
2581 623 483
2582 480 360
2583 712 552
2584 445 345
2585 178 138
2586 445 345
2587 712 552
2588 560 420
2589 623 483
2590 320 240
2591 267 207
2592 160 120
2593 640 480
2594 640 480
2595 720 540
2596 80 60
2597 623 483
2598 400 300
2599 640 480
2600 356 276
2601 445 345
2602 720 540
2603 320 240
2604 89 69
2605 240 180
2606 720 540
2607 267 207
2608 560 420
2609 801 621
2610 890 690
2611 240 180
2612 890 690
2613 320 240
2614 801 621
2615 720 540
2616 400 300
2617 712 552
2618 267 207
2619 800 600
2620 801 621
2621 712 552
2622 640 480
2623 623 483
2624 801 621
2625 80 60
2626 178 138
2627 890 690
2628 267 207
2629 240 180
2630 801 621
2631 178 138
2632 160 120
2633 89 69
2634 890 690
2635 267 207
2636 640 480
2637 89 69
2638 400 300
2639 800 600
2640 267 207
2641 160 120
2642 89 69
2643 400 300
2644 80 60
2645 89 69
2646 640 480
2647 160 120
2648 623 483
2649 801 621
2650 720 540
2651 801 621
2652 720 540
2653 560 420
2654 801 621
2655 801 621
2656 623 483
2657 560 420
2658 320 240
2659 267 207
2660 240 180
2661 356 276
2662 800 600
2663 267 207
2664 320 240
2665 240 180
2666 801 621
2667 623 483
2668 890 690
2669 560 420
2670 720 540
2671 400 300
2672 480 360
2673 445 345
2674 640 480
2675 712 552
2676 534 414
2677 267 207
2678 720 540
2679 534 414
2680 800 600
2681 712 552
2682 480 360
2683 240 180
2684 534 414
2685 712 552
2686 480 360
2687 356 276
2688 623 483
2689 320 240
2690 890 690
2691 534 414
2692 400 300
2693 560 420
2694 445 345
2695 400 300
2696 623 483
2697 801 621
2698 160 120
2699 240 180
2700 400 300
2701 320 240
2702 890 690
2703 640 480
2704 80 60
2705 480 360
2706 560 420
2707 178 138
2708 320 240
2709 178 138
2710 160 120
2711 801 621
2712 356 276
2713 640 480
2714 178 138
2715 890 690
2716 560 420
2717 623 483
2718 640 480
2719 640 480
2720 178 138
2721 89 69
2722 160 120
2723 623 483
2724 320 240
2725 320 240
2726 89 69
2727 712 552
2728 534 414
2729 400 300
2730 560 420
2731 89 69
2732 640 480
2733 712 552
2734 801 621
2735 720 540
2736 534 414
2737 534 414
2738 80 60
2739 800 600
2740 623 483
2741 720 540
2742 80 60
2743 178 138
2744 640 480
2745 800 600
2746 445 345
2747 800 600
2748 160 120
2749 160 120
2750 720 540
2751 720 540
2752 356 276
2753 560 420
2754 356 276
2755 160 120
2756 160 120
2757 160 120
2758 801 621
2759 320 240
2760 178 138
2761 356 276
2762 356 276
2763 400 300
2764 801 621
2765 720 540
2766 240 180
2767 800 600
2768 178 138
2769 400 300
2770 267 207
2771 560 420
2772 356 276
2773 534 414
2774 640 480
2775 445 345
2776 445 345
2777 240 180
2778 356 276
2779 356 276
2780 801 621
2781 801 621
2782 560 420
2783 712 552
2784 720 540
2785 80 60
2786 160 120
2787 178 138
2788 80 60
2789 801 621
2790 800 600
2791 712 552
2792 720 540
2793 480 360
2794 356 276
2795 320 240
2796 480 360
2797 720 540
2798 712 552
2799 640 480
2800 160 120
2801 178 138
2802 445 345
2803 400 300
2804 801 621
2805 160 120
2806 267 207
2807 712 552
2808 640 480
2809 178 138
2810 89 69
2811 480 360
2812 160 120
2813 640 480
2814 480 360
2815 80 60
2816 890 690
2817 800 600
2818 400 300
2819 400 300
2820 801 621
2821 320 240
2822 178 138
2823 623 483
2824 534 414
2825 712 552
2826 80 60
2827 80 60
2828 356 276
2829 640 480
2830 720 540
2831 890 690
2832 240 180
2833 445 345
2834 320 240
2835 320 240
2836 267 207
2837 800 600
2838 356 276
2839 640 480
2840 178 138
2841 320 240
2842 356 276
2843 80 60
2844 400 300
2845 400 300
2846 267 207
2847 445 345
2848 720 540
2849 720 540
2850 534 414
2851 800 600
2852 356 276
2853 560 420
2854 267 207
2855 80 60
2856 240 180
2857 560 420
2858 80 60
2859 480 360
2860 720 540
2861 356 276
2862 623 483
2863 640 480
2864 356 276
2865 445 345
2866 240 180
2867 80 60
2868 712 552
2869 640 480
2870 560 420
2871 400 300
2872 240 180
2873 400 300
2874 712 552
2875 356 276
2876 623 483
2877 890 690
2878 640 480
2879 400 300
2880 267 207
2881 623 483
2882 480 360
2883 160 120
2884 560 420
2885 890 690
2886 178 138
2887 240 180
2888 178 138
2889 712 552
2890 445 345
2891 800 600
2892 400 300
2893 623 483
2894 640 480
2895 320 240
2896 80 60
2897 801 621
2898 720 540
2899 801 621
2900 267 207
2901 445 345
2902 800 600
2903 178 138
2904 640 480
2905 445 345
2906 240 180
2907 801 621
2908 178 138
2909 623 483
2910 80 60
2911 560 420
2912 89 69
2913 534 414
2914 445 345
2915 400 300
2916 178 138
2917 400 300
2918 640 480
2919 267 207
2920 267 207
2921 267 207
2922 801 621
2923 800 600
2924 534 414
2925 445 345
2926 80 60
2927 89 69
2928 623 483
2929 534 414
2930 320 240
2931 480 360
2932 400 300
2933 480 360
2934 720 540
2935 534 414
2936 445 345
2937 720 540
2938 560 420
2939 89 69
2940 320 240
2941 890 690
2942 80 60
2943 623 483
2944 267 207
2945 640 480
2946 240 180
2947 89 69
2948 623 483
2949 267 207
2950 534 414
2951 240 180
2952 178 138
2953 480 360
2954 240 180
2955 160 120
2956 160 120
2957 160 120
2958 801 621
2959 720 540
2960 89 69
2961 534 414
2962 890 690
2963 445 345
2964 712 552
2965 801 621
2966 720 540
2967 890 690
2968 480 360
2969 445 345
2970 445 345
2971 480 360
2972 89 69
2973 89 69
2974 800 600
2975 89 69
2976 534 414
2977 640 480
2978 160 120
2979 560 420
2980 640 480
2981 560 420
2982 445 345
2983 178 138
2984 320 240
2985 480 360
2986 640 480
2987 178 138
2988 240 180
2989 712 552
2990 712 552
2991 320 240
2992 890 690
2993 400 300
2994 801 621
2995 89 69
2996 160 120
2997 356 276
2998 160 120
2999 560 420
3000 240 180
3001 560 420
3002 890 690
3003 890 690
3004 356 276
3005 800 600
3006 800 600
3007 890 690
3008 240 180
3009 800 600
3010 712 552
3011 160 120
3012 80 60
3013 445 345
3014 445 345
3015 640 480
3016 720 540
3017 320 240
3018 534 414
3019 720 540
3020 801 621
3021 267 207
3022 89 69
3023 356 276
3024 623 483
3025 640 480
3026 890 690
3027 534 414
3028 160 120
3029 623 483
3030 178 138
3031 712 552
3032 178 138
3033 640 480
3034 80 60
3035 560 420
3036 560 420
3037 80 60
3038 267 207
3039 890 690
3040 445 345
3041 240 180
3042 160 120
3043 356 276
3044 800 600
3045 801 621
3046 89 69
3047 320 240
3048 534 414
3049 801 621
3050 720 540
3051 800 600
3052 445 345
3053 640 480
3054 560 420
3055 267 207
3056 480 360
3057 160 120
3058 890 690
3059 160 120
3060 801 621
3061 160 120
3062 800 600
3063 560 420
3064 890 690
3065 712 552
3066 801 621
3067 560 420
3068 800 600
3069 712 552
3070 534 414
3071 89 69
3072 560 420
3073 400 300
3074 80 60
3075 160 120
3076 320 240
3077 890 690
3078 160 120
3079 801 621
3080 320 240
3081 356 276
3082 356 276
3083 445 345
3084 720 540
3085 890 690
3086 890 690
3087 720 540
3088 178 138
3089 720 540
3090 712 552
3091 480 360
3092 445 345
3093 534 414
3094 400 300
3095 178 138
3096 267 207
3097 480 360
3098 720 540
3099 320 240
3100 560 420
3101 320 240
3102 356 276
3103 623 483
3104 178 138
3105 720 540
3106 534 414
3107 640 480
3108 623 483
3109 240 180
3110 320 240
3111 356 276
3112 560 420
3113 534 414
3114 445 345
3115 720 540
3116 801 621
3117 801 621
3118 445 345
3119 320 240
3120 320 240
3121 720 540
3122 178 138
3123 267 207
3124 445 345
3125 534 414
3126 560 420
3127 240 180
3128 480 360
3129 560 420
3130 640 480
3131 240 180
3132 480 360
3133 801 621
3134 178 138
3135 178 138
3136 267 207
3137 400 300
3138 267 207
3139 89 69
3140 89 69
3141 178 138
3142 800 600
3143 160 120
3144 890 690
3145 712 552
3146 890 690
3147 800 600
3148 178 138
3149 534 414
3150 445 345
3151 640 480
3152 267 207
3153 623 483
3154 801 621
3155 267 207
3156 445 345
3157 800 600
3158 445 345
3159 320 240
3160 640 480
3161 160 120
3162 80 60
3163 89 69
3164 240 180
3165 534 414
3166 640 480
3167 480 360
3168 534 414
3169 178 138
3170 800 600
3171 160 120
3172 800 600
3173 534 414
3174 720 540
3175 890 690
3176 178 138
3177 890 690
3178 267 207
3179 267 207
3180 320 240
3181 560 420
3182 560 420
3183 560 420
3184 712 552
3185 480 360
3186 890 690
3187 445 345
3188 640 480
3189 801 621
3190 640 480
3191 240 180
3192 720 540
3193 623 483
3194 320 240
3195 720 540
3196 178 138
3197 800 600
3198 400 300
3199 534 414
3200 178 138
3201 720 540
3202 560 420
3203 720 540
3204 356 276
3205 534 414
3206 623 483
3207 801 621
3208 712 552
3209 480 360
3210 400 300
3211 560 420
3212 800 600
3213 160 120
3214 623 483
3215 801 621
3216 623 483
3217 267 207
3218 445 345
3219 801 621
3220 178 138
3221 890 690
3222 80 60
3223 712 552
3224 534 414
3225 890 690
3226 801 621
3227 445 345
3228 480 360
3229 801 621
3230 720 540
3231 480 360
3232 800 600
3233 89 69
3234 445 345
3235 801 621
3236 178 138
3237 178 138
3238 80 60
3239 534 414
3240 560 420
3241 80 60
3242 712 552
3243 480 360
3244 178 138
3245 80 60
3246 712 552
3247 356 276
3248 623 483
3249 178 138
3250 356 276
3251 178 138
3252 640 480
3253 400 300
3254 400 300
3255 890 690
3256 89 69
3257 534 414
3258 160 120
3259 801 621
3260 801 621
3261 534 414
3262 801 621
3263 178 138
3264 534 414
3265 801 621
3266 623 483
3267 640 480
3268 800 600
3269 240 180
3270 320 240
3271 890 690
3272 800 600
3273 445 345
3274 160 120
3275 640 480
3276 80 60
3277 640 480
3278 560 420
3279 80 60
3280 445 345
3281 480 360
3282 623 483
3283 560 420
3284 445 345
3285 240 180
3286 640 480
3287 720 540
3288 534 414
3289 178 138
3290 801 621
3291 178 138
3292 80 60
3293 800 600
3294 160 120
3295 400 300
3296 560 420
3297 178 138
3298 160 120
3299 480 360
3300 800 600
3301 445 345
3302 356 276
3303 623 483
3304 800 600
3305 623 483
3306 890 690
3307 800 600
3308 800 600
3309 320 240
3310 356 276
3311 178 138
3312 800 600
3313 801 621
3314 178 138
3315 712 552
3316 240 180
3317 640 480
3318 534 414
3319 400 300
3320 801 621
3321 623 483
3322 560 420
3323 534 414
3324 80 60
3325 89 69
3326 160 120
3327 623 483
3328 801 621
3329 801 621
3330 160 120
3331 890 690
3332 800 600
3333 712 552
3334 178 138
3335 356 276
3336 267 207
3337 560 420
3338 800 600
3339 80 60
3340 623 483
3341 560 420
3342 640 480
3343 400 300
3344 89 69
3345 160 120
3346 356 276
3347 712 552
3348 480 360
3349 480 360
3350 712 552
3351 89 69
3352 356 276
3353 890 690
3354 890 690
3355 320 240
3356 80 60
3357 267 207
3358 240 180
3359 534 414
3360 267 207
3361 240 180
3362 240 180
3363 240 180
3364 160 120
3365 89 69
3366 560 420
3367 160 120
3368 178 138
3369 480 360
3370 89 69
3371 560 420
3372 80 60
3373 160 120
3374 640 480
3375 801 621
3376 400 300
3377 240 180
3378 267 207
3379 445 345
3380 445 345
3381 89 69
3382 267 207
3383 240 180
3384 712 552
3385 560 420
3386 320 240
3387 89 69
3388 640 480
3389 178 138
3390 89 69
3391 890 690
3392 801 621
3393 623 483
3394 267 207
3395 800 600
3396 480 360
3397 712 552
3398 80 60
3399 178 138
3400 480 360
3401 712 552
3402 80 60
3403 267 207
3404 801 621
3405 712 552
3406 890 690
3407 560 420
3408 160 120
3409 400 300
3410 712 552
3411 801 621
3412 712 552
3413 320 240
3414 356 276
3415 267 207
3416 445 345
3417 640 480
3418 640 480
3419 801 621
3420 720 540
3421 160 120
3422 640 480
3423 801 621
3424 89 69
3425 240 180
3426 890 690
3427 80 60
3428 801 621
3429 160 120
3430 80 60
3431 445 345
3432 267 207
3433 160 120
3434 356 276
3435 445 345
3436 80 60
3437 801 621
3438 560 420
3439 267 207
3440 400 300
3441 400 300
3442 80 60
3443 240 180
3444 800 600
3445 267 207
3446 320 240
3447 80 60
3448 356 276
3449 640 480
3450 320 240
3451 400 300
3452 890 690
3453 445 345
3454 800 600
3455 445 345
3456 320 240
3457 445 345
3458 89 69
3459 640 480
3460 560 420
3461 445 345
3462 890 690
3463 480 360
3464 178 138
3465 623 483
3466 890 690
3467 480 360
3468 560 420
3469 356 276
3470 712 552
3471 267 207
3472 80 60
3473 480 360
3474 640 480
3475 356 276
3476 640 480
3477 267 207
3478 80 60
3479 80 60
3480 480 360
3481 712 552
3482 240 180
3483 801 621
3484 445 345
3485 267 207
3486 240 180
3487 534 414
3488 890 690
3489 480 360
3490 801 621
3491 320 240
3492 534 414
3493 445 345
3494 320 240
3495 640 480
3496 560 420
3497 160 120
3498 445 345
3499 267 207
3500 356 276
3501 80 60
3502 801 621
3503 801 621
3504 89 69
3505 801 621
3506 160 120
3507 80 60
3508 267 207
3509 160 120
3510 356 276
3511 801 621
3512 160 120
3513 240 180
3514 240 180
3515 178 138
3516 80 60
3517 400 300
3518 890 690
3519 267 207
3520 80 60
3521 178 138
3522 160 120
3523 890 690
3524 320 240
3525 356 276
3526 320 240
3527 534 414
3528 623 483
3529 534 414
3530 712 552
3531 534 414
3532 720 540
3533 640 480
3534 80 60
3535 356 276
3536 356 276
3537 240 180
3538 267 207
3539 800 600
3540 320 240
3541 160 120
3542 800 600
3543 400 300
3544 560 420
3545 80 60
3546 320 240
3547 640 480
3548 534 414
3549 712 552
3550 640 480
3551 240 180
3552 356 276
3553 623 483
3554 160 120
3555 623 483
3556 720 540
3557 356 276
3558 240 180
3559 445 345
3560 480 360
3561 356 276
3562 560 420
3563 712 552
3564 356 276
3565 400 300
3566 623 483
3567 267 207
3568 480 360
3569 801 621
3570 445 345
3571 89 69
3572 267 207
3573 800 600
3574 240 180
3575 178 138
3576 445 345
3577 267 207
3578 267 207
3579 267 207
3580 640 480
3581 178 138
3582 80 60
3583 560 420
3584 356 276
3585 240 180
3586 80 60
3587 720 540
3588 356 276
3589 720 540
3590 640 480
3591 801 621
3592 320 240
3593 560 420
3594 89 69
3595 267 207
3596 800 600
3597 640 480
3598 445 345
3599 712 552
3600 480 360
3601 890 690
3602 534 414
3603 80 60
3604 80 60
3605 356 276
3606 160 120
3607 400 300
3608 801 621
3609 800 600
3610 890 690
3611 445 345
3612 89 69
3613 480 360
3614 356 276
3615 712 552
3616 801 621
3617 720 540
3618 720 540
3619 480 360
3620 445 345
3621 800 600
3622 801 621
3623 240 180
3624 480 360
3625 160 120
3626 320 240
3627 80 60
3628 240 180
3629 160 120
3630 178 138
3631 356 276
3632 267 207
3633 89 69
3634 320 240
3635 80 60
3636 640 480
3637 623 483
3638 356 276
3639 400 300
3640 178 138
3641 801 621
3642 240 180
3643 240 180
3644 240 180
3645 534 414
3646 80 60
3647 560 420
3648 445 345
3649 801 621
3650 400 300
3651 267 207
3652 356 276
3653 445 345
3654 178 138
3655 80 60
3656 640 480
3657 712 552
3658 480 360
3659 890 690
3660 320 240
3661 400 300
3662 560 420
3663 560 420
3664 712 552
3665 89 69
3666 640 480
3667 890 690
3668 178 138
3669 801 621
3670 400 300
3671 801 621
3672 560 420
3673 800 600
3674 178 138
3675 356 276
3676 534 414
3677 89 69
3678 240 180
3679 890 690
3680 445 345
3681 720 540
3682 80 60
3683 445 345
3684 240 180
3685 801 621
3686 445 345
3687 267 207
3688 801 621
3689 267 207
3690 356 276
3691 320 240
3692 80 60
3693 320 240
3694 80 60
3695 801 621
3696 178 138
3697 720 540
3698 267 207
3699 356 276
3700 267 207
3701 800 600
3702 240 180
3703 534 414
3704 560 420
3705 445 345
3706 80 60
3707 89 69
3708 400 300
3709 89 69
3710 560 420
3711 160 120
3712 80 60
3713 890 690
3714 80 60
3715 640 480
3716 400 300
3717 160 120
3718 623 483
3719 534 414
3720 267 207
3721 356 276
3722 178 138
3723 240 180
3724 240 180
3725 178 138
3726 178 138
3727 89 69
3728 800 600
3729 560 420
3730 801 621
3731 80 60
3732 445 345
3733 890 690
3734 267 207
3735 640 480
3736 356 276
3737 445 345
3738 560 420
3739 80 60
3740 480 360
3741 720 540
3742 560 420
3743 80 60
3744 89 69
3745 267 207
3746 160 120
3747 320 240
3748 712 552
3749 534 414
3750 800 600
3751 560 420
3752 640 480
3753 400 300
3754 480 360
3755 160 120
3756 89 69
3757 445 345
3758 400 300
3759 240 180
3760 160 120
3761 160 120
3762 320 240
3763 160 120
3764 240 180
3765 712 552
3766 89 69
3767 320 240
3768 720 540
3769 720 540
3770 801 621
3771 178 138
3772 623 483
3773 267 207
3774 534 414
3775 801 621
3776 445 345
3777 89 69
3778 160 120
3779 178 138
3780 400 300
3781 320 240
3782 178 138
3783 534 414
3784 445 345
3785 560 420
3786 160 120
3787 356 276
3788 89 69
3789 356 276
3790 445 345
3791 720 540
3792 89 69
3793 534 414
3794 534 414
3795 89 69
3796 267 207
3797 712 552
3798 623 483
3799 800 600
3800 560 420
3801 800 600
3802 712 552
3803 623 483
3804 890 690
3805 445 345
3806 445 345
3807 801 621
3808 480 360
3809 720 540
3810 480 360
3811 445 345
3812 623 483
3813 800 600
3814 890 690
3815 560 420
3816 534 414
3817 160 120
3818 89 69
3819 534 414
3820 445 345
3821 640 480
3822 480 360
3823 712 552
3824 178 138
3825 640 480
3826 445 345
3827 267 207
3828 89 69
3829 445 345
3830 240 180
3831 890 690
3832 801 621
3833 89 69
3834 560 420
3835 160 120
3836 89 69
3837 720 540
3838 801 621
3839 801 621
3840 800 600
3841 712 552
3842 320 240
3843 240 180
3844 356 276
3845 80 60
3846 267 207
3847 267 207
3848 356 276
3849 89 69
3850 445 345
3851 320 240
3852 712 552
3853 623 483
3854 240 180
3855 80 60
3856 720 540
3857 178 138
3858 320 240
3859 240 180
3860 560 420
3861 480 360
3862 623 483
3863 267 207
3864 178 138
3865 623 483
3866 240 180
3867 712 552
3868 623 483
3869 445 345
3870 720 540
3871 890 690
3872 800 600
3873 80 60
3874 356 276
3875 80 60
3876 534 414
3877 800 600
3878 640 480
3879 712 552
3880 623 483
3881 356 276
3882 480 360
3883 712 552
3884 178 138
3885 89 69
3886 890 690
3887 480 360
3888 720 540
3889 89 69
3890 400 300
3891 80 60
3892 160 120
3893 623 483
3894 640 480
3895 560 420
3896 356 276
3897 267 207
3898 89 69
3899 356 276
3900 534 414
3901 89 69
3902 801 621
3903 356 276
3904 89 69
3905 400 300
3906 356 276
3907 178 138
3908 640 480
3909 801 621
3910 712 552
3911 320 240
3912 178 138
3913 712 552
3914 240 180
3915 640 480
3916 240 180
3917 640 480
3918 320 240
3919 80 60
3920 480 360
3921 800 600
3922 712 552
3923 160 120
3924 890 690
3925 534 414
3926 160 120
3927 240 180
3928 640 480
3929 801 621
3930 178 138
3931 178 138
3932 800 600
3933 89 69
3934 267 207
3935 720 540
3936 160 120
3937 445 345
3938 356 276
3939 356 276
3940 178 138
3941 160 120
3942 89 69
3943 640 480
3944 800 600
3945 267 207
3946 178 138
3947 623 483
3948 267 207
3949 356 276
3950 890 690
3951 240 180
3952 267 207
3953 800 600
3954 640 480
3955 320 240
3956 712 552
3957 267 207
3958 240 180
3959 178 138
3960 89 69
3961 80 60
3962 160 120
3963 240 180
3964 89 69
3965 720 540
3966 800 600
3967 240 180
3968 267 207
3969 445 345
3970 623 483
3971 267 207
3972 356 276
3973 400 300
3974 890 690
3975 400 300
3976 801 621
3977 320 240
3978 89 69
3979 160 120
3980 480 360
3981 534 414
3982 89 69
3983 560 420
3984 890 690
3985 534 414
3986 801 621
3987 640 480
3988 801 621
3989 445 345
3990 534 414
3991 80 60
3992 480 360
3993 356 276
3994 89 69
3995 400 300
3996 400 300
3997 720 540
3998 720 540
3999 712 552
4000 80 60
4001 640 480
4002 160 120
4003 534 414
4004 800 600
4005 480 360
4006 640 480
4007 400 300
4008 800 600
4009 356 276
4010 720 540
4011 712 552
4012 890 690
4013 89 69
4014 800 600
4015 400 300
4016 560 420
4017 267 207
4018 640 480
4019 356 276
4020 89 69
4021 720 540
4022 712 552
4023 623 483
4024 890 690
4025 356 276
4026 480 360
4027 445 345
4028 178 138
4029 80 60
4030 560 420
4031 720 540
4032 160 120
4033 534 414
4034 560 420
4035 534 414
4036 160 120
4037 623 483
4038 623 483
4039 800 600
4040 160 120
4041 356 276
4042 356 276
4043 240 180
4044 801 621
4045 720 540
4046 267 207
4047 240 180
4048 445 345
4049 356 276
4050 400 300
4051 720 540
4052 178 138
4053 800 600
4054 400 300
4055 240 180
4056 178 138
4057 890 690
4058 80 60
4059 320 240
4060 178 138
4061 890 690
4062 720 540
4063 445 345
4064 712 552
4065 320 240
4066 800 600
4067 80 60
4068 534 414
4069 800 600
4070 240 180
4071 712 552
4072 480 360
4073 400 300
4074 640 480
4075 89 69
4076 640 480
4077 240 180
4078 801 621
4079 623 483
4080 356 276
4081 178 138
4082 356 276
4083 712 552
4084 240 180
4085 801 621
4086 178 138
4087 400 300
4088 267 207
4089 712 552
4090 712 552
4091 720 540
4092 178 138
4093 640 480
4094 720 540
4095 240 180
4096 720 540
4097 890 690
4098 445 345
4099 890 690
4100 720 540
4101 445 345
4102 240 180
4103 356 276
4104 445 345
4105 534 414
4106 480 360
4107 712 552
4108 400 300
4109 640 480
4110 267 207
4111 480 360
4112 445 345
4113 356 276
4114 480 360
4115 89 69
4116 356 276
4117 534 414
4118 534 414
4119 89 69
4120 623 483
4121 400 300
4122 320 240
4123 400 300
4124 267 207
4125 800 600
4126 890 690
4127 267 207
4128 720 540
4129 720 540
4130 178 138
4131 480 360
4132 240 180
4133 534 414
4134 267 207
4135 80 60
4136 320 240
4137 320 240
4138 356 276
4139 178 138
4140 320 240
4141 356 276
4142 80 60
4143 89 69
4144 178 138
4145 623 483
4146 356 276
4147 445 345
4148 240 180
4149 80 60
4150 534 414
4151 400 300
4152 80 60
4153 560 420
4154 89 69
4155 356 276
4156 534 414
4157 178 138
4158 801 621
4159 160 120
4160 445 345
4161 356 276
4162 480 360
4163 80 60
4164 320 240
4165 890 690
4166 400 300
4167 801 621
4168 623 483
4169 445 345
4170 640 480
4171 400 300
4172 712 552
4173 640 480
4174 801 621
4175 800 600
4176 267 207
4177 890 690
4178 400 300
4179 160 120
4180 178 138
4181 178 138
4182 640 480
4183 801 621
4184 356 276
4185 445 345
4186 801 621
4187 178 138
4188 560 420
4189 400 300
4190 356 276
4191 80 60
4192 560 420
4193 712 552
4194 400 300
4195 80 60
4196 178 138
4197 320 240
4198 89 69
4199 640 480
4200 80 60
4201 800 600
4202 890 690
4203 178 138
4204 712 552
4205 320 240
4206 712 552
4207 623 483
4208 240 180
4209 480 360
4210 534 414
4211 801 621
4212 267 207
4213 800 600
4214 400 300
4215 400 300
4216 356 276
4217 160 120
4218 267 207
4219 240 180
4220 240 180
4221 80 60
4222 560 420
4223 720 540
4224 534 414
4225 623 483
4226 890 690
4227 801 621
4228 400 300
4229 178 138
4230 445 345
4231 89 69
4232 445 345
4233 623 483
4234 623 483
4235 400 300
4236 640 480
4237 712 552
4238 320 240
4239 160 120
4240 890 690
4241 640 480
4242 800 600
4243 800 600
4244 560 420
4245 480 360
4246 178 138
4247 89 69
4248 178 138
4249 560 420
4250 445 345
4251 356 276
4252 890 690
4253 400 300
4254 89 69
4255 720 540
4256 623 483
4257 445 345
4258 89 69
4259 320 240
4260 160 120
4261 240 180
4262 623 483
4263 89 69
4264 534 414
4265 445 345
4266 801 621
4267 89 69
4268 623 483
4269 400 300
4270 720 540
4271 640 480
4272 560 420
4273 178 138
4274 178 138
4275 623 483
4276 640 480
4277 480 360
4278 240 180
4279 320 240
4280 560 420
4281 623 483
4282 240 180
4283 267 207
4284 160 120
4285 712 552
4286 640 480
4287 640 480
4288 720 540
4289 240 180
4290 160 120
4291 178 138
4292 240 180
4293 400 300
4294 560 420
4295 320 240
4296 560 420
4297 240 180
4298 890 690
4299 80 60
4300 400 300
4301 240 180
4302 80 60
4303 178 138
4304 534 414
4305 445 345
4306 320 240
4307 712 552
4308 560 420
4309 720 540
4310 720 540
4311 480 360
4312 178 138
4313 240 180
4314 356 276
4315 267 207
4316 400 300
4317 640 480
4318 890 690
4319 720 540
4320 445 345
4321 534 414
4322 320 240
4323 640 480
4324 712 552
4325 560 420
4326 267 207
4327 640 480
4328 890 690
4329 240 180
4330 801 621
4331 623 483
4332 445 345
4333 80 60
4334 320 240
4335 712 552
4336 178 138
4337 240 180
4338 712 552
4339 801 621
4340 445 345
4341 623 483
4342 560 420
4343 240 180
4344 178 138
4345 356 276
4346 480 360
4347 560 420
4348 623 483
4349 445 345
4350 801 621
4351 720 540
4352 801 621
4353 80 60
4354 178 138
4355 80 60
4356 240 180
4357 445 345
4358 89 69
4359 267 207
4360 480 360
4361 356 276
4362 712 552
4363 712 552
4364 801 621
4365 445 345
4366 800 600
4367 801 621
4368 712 552
4369 240 180
4370 720 540
4371 640 480
4372 623 483
4373 800 600
4374 400 300
4375 640 480
4376 640 480
4377 400 300
4378 267 207
4379 400 300
4380 890 690
4381 267 207
4382 801 621
4383 89 69
4384 320 240
4385 720 540
4386 560 420
4387 89 69
4388 534 414
4389 800 600
4390 267 207
4391 320 240
4392 800 600
4393 890 690
4394 712 552
4395 801 621
4396 534 414
4397 80 60
4398 89 69
4399 89 69
4400 640 480
4401 720 540
4402 800 600
4403 801 621
4404 320 240
4405 480 360
4406 178 138
4407 89 69
4408 400 300
4409 560 420
4410 356 276
4411 80 60
4412 801 621
4413 534 414
4414 800 600
4415 560 420
4416 445 345
4417 712 552
4418 640 480
4419 178 138
4420 356 276
4421 356 276
4422 240 180
4423 356 276
4424 400 300
4425 445 345
4426 445 345
4427 178 138
4428 267 207
4429 720 540
4430 178 138
4431 320 240
4432 720 540
4433 640 480
4434 267 207
4435 160 120
4436 356 276
4437 720 540
4438 801 621
4439 320 240
4440 623 483
4441 89 69
4442 445 345
4443 356 276
4444 178 138
4445 160 120
4446 534 414
4447 160 120
4448 800 600
4449 160 120
4450 890 690
4451 400 300
4452 80 60
4453 267 207
4454 623 483
4455 400 300
4456 480 360
4457 534 414
4458 445 345
4459 720 540
4460 356 276
4461 445 345
4462 178 138
4463 240 180
4464 178 138
4465 720 540
4466 240 180
4467 80 60
4468 640 480
4469 623 483
4470 178 138
4471 400 300
4472 400 300
4473 178 138
4474 890 690
4475 623 483
4476 267 207
4477 445 345
4478 623 483
4479 320 240
4480 356 276
4481 160 120
4482 640 480
4483 267 207
4484 640 480
4485 445 345
4486 712 552
4487 720 540
4488 178 138
4489 712 552
4490 800 600
4491 560 420
4492 720 540
4493 160 120
4494 800 600
4495 356 276
4496 800 600
4497 400 300
4498 445 345
4499 400 300
4500 320 240
4501 320 240
4502 534 414
4503 890 690
4504 160 120
4505 480 360
4506 267 207
4507 712 552
4508 80 60
4509 720 540
4510 801 621
4511 267 207
4512 267 207
4513 560 420
4514 801 621
4515 178 138
4516 480 360
4517 480 360
4518 267 207
4519 445 345
4520 801 621
4521 890 690
4522 890 690
4523 400 300
4524 80 60
4525 480 360
4526 801 621
4527 178 138
4528 160 120
4529 80 60
4530 712 552
4531 320 240
4532 160 120
4533 712 552
4534 800 600
4535 445 345
4536 400 300
4537 640 480
4538 801 621
4539 534 414
4540 623 483
4541 480 360
4542 890 690
4543 320 240
4544 356 276
4545 160 120
4546 356 276
4547 356 276
4548 480 360
4549 890 690
4550 640 480
4551 534 414
4552 800 600
4553 623 483
4554 640 480
4555 89 69
4556 400 300
4557 712 552
4558 80 60
4559 240 180
4560 445 345
4561 178 138
4562 320 240
4563 560 420
4564 89 69
4565 623 483
4566 801 621
4567 356 276
4568 240 180
4569 800 600
4570 160 120
4571 720 540
4572 560 420
4573 560 420
4574 712 552
4575 534 414
4576 240 180
4577 801 621
4578 560 420
4579 890 690
4580 801 621
4581 240 180
4582 712 552
4583 178 138
4584 534 414
4585 890 690
4586 640 480
4587 400 300
4588 400 300
4589 160 120
4590 890 690
4591 801 621
4592 890 690
4593 445 345
4594 623 483
4595 801 621
4596 267 207
4597 89 69
4598 89 69
4599 178 138
4600 800 600
4601 267 207
4602 160 120
4603 890 690
4604 356 276
4605 801 621
4606 160 120
4607 445 345
4608 160 120
4609 89 69
4610 534 414
4611 560 420
4612 80 60
4613 400 300
4614 720 540
4615 267 207
4616 356 276
4617 160 120
4618 801 621
4619 640 480
4620 320 240
4621 640 480
4622 534 414
4623 801 621
4624 560 420
4625 80 60
4626 445 345
4627 712 552
4628 80 60
4629 712 552
4630 267 207
4631 890 690
4632 400 300
4633 445 345
4634 480 360
4635 160 120
4636 534 414
4637 320 240
4638 640 480
4639 801 621
4640 178 138
4641 400 300
4642 400 300
4643 623 483
4644 445 345
4645 160 120
4646 480 360
4647 801 621
4648 801 621
4649 480 360
4650 720 540
4651 267 207
4652 890 690
4653 400 300
4654 89 69
4655 640 480
4656 560 420
4657 400 300
4658 80 60
4659 240 180
4660 480 360
4661 640 480
4662 800 600
4663 89 69
4664 400 300
4665 89 69
4666 640 480
4667 801 621
4668 560 420
4669 400 300
4670 160 120
4671 267 207
4672 80 60
4673 320 240
4674 801 621
4675 560 420
4676 400 300
4677 890 690
4678 712 552
4679 240 180
4680 89 69
4681 623 483
4682 356 276
4683 534 414
4684 320 240
4685 801 621
4686 160 120
4687 356 276
4688 267 207
4689 890 690
4690 720 540
4691 640 480
4692 712 552
4693 240 180
4694 356 276
4695 356 276
4696 240 180
4697 356 276
4698 890 690
4699 356 276
4700 890 690
4701 890 690
4702 240 180
4703 801 621
4704 160 120
4705 356 276
4706 400 300
4707 800 600
4708 801 621
4709 480 360
4710 480 360
4711 800 600
4712 89 69
4713 640 480
4714 445 345
4715 178 138
4716 356 276
4717 80 60
4718 534 414
4719 445 345
4720 720 540
4721 400 300
4722 623 483
4723 267 207
4724 80 60
4725 801 621
4726 178 138
4727 480 360
4728 356 276
4729 240 180
4730 623 483
4731 80 60
4732 560 420
4733 80 60
4734 712 552
4735 801 621
4736 400 300
4737 400 300
4738 356 276
4739 160 120
4740 712 552
4741 534 414
4742 534 414
4743 534 414
4744 890 690
4745 640 480
4746 640 480
4747 160 120
4748 720 540
4749 640 480
4750 240 180
4751 356 276
4752 320 240
4753 178 138
4754 356 276
4755 178 138
4756 356 276
4757 400 300
4758 445 345
4759 801 621
4760 890 690
4761 400 300
4762 240 180
4763 800 600
4764 445 345
4765 80 60
4766 89 69
4767 320 240
4768 400 300
4769 534 414
4770 800 600
4771 480 360
4772 160 120
4773 623 483
4774 623 483
4775 445 345
4776 801 621
4777 89 69
4778 80 60
4779 356 276
4780 160 120
4781 178 138
4782 890 690
4783 623 483
4784 178 138
4785 356 276
4786 320 240
4787 80 60
4788 801 621
4789 240 180
4790 623 483
4791 160 120
4792 356 276
4793 720 540
4794 320 240
4795 160 120
4796 89 69
4797 890 690
4798 801 621
4799 720 540
4800 240 180
4801 640 480
4802 801 621
4803 356 276
4804 160 120
4805 80 60
4806 534 414
4807 178 138
4808 623 483
4809 320 240
4810 534 414
4811 178 138
4812 801 621
4813 800 600
4814 445 345
4815 267 207
4816 801 621
4817 445 345
4818 240 180
4819 320 240
4820 320 240
4821 890 690
4822 445 345
4823 623 483
4824 240 180
4825 712 552
4826 89 69
4827 890 690
4828 356 276
4829 560 420
4830 80 60
4831 712 552
4832 445 345
4833 178 138
4834 400 300
4835 160 120
4836 267 207
4837 240 180
4838 400 300
4839 623 483
4840 640 480
4841 445 345
4842 178 138
4843 80 60
4844 800 600
4845 240 180
4846 623 483
4847 712 552
4848 320 240
4849 800 600
4850 400 300
4851 890 690
4852 560 420
4853 178 138
4854 320 240
4855 320 240
4856 160 120
4857 89 69
4858 178 138
4859 801 621
4860 623 483
4861 890 690
4862 534 414
4863 80 60
4864 800 600
4865 400 300
4866 89 69
4867 178 138
4868 890 690
4869 267 207
4870 623 483
4871 712 552
4872 720 540
4873 720 540
4874 560 420
4875 534 414
4876 890 690
4877 240 180
4878 240 180
4879 640 480
4880 640 480
4881 89 69
4882 267 207
4883 712 552
4884 160 120
4885 800 600
4886 800 600
4887 178 138
4888 640 480
4889 720 540
4890 720 540
4891 89 69
4892 712 552
4893 80 60
4894 801 621
4895 89 69
4896 623 483
4897 400 300
4898 89 69
4899 890 690
4900 160 120
4901 534 414
4902 89 69
4903 800 600
4904 240 180
4905 356 276
4906 240 180
4907 623 483
4908 80 60
4909 178 138
4910 800 600
4911 712 552
4912 801 621
4913 560 420
4914 712 552
4915 560 420
4916 623 483
4917 712 552
4918 356 276
4919 89 69
4920 267 207
4921 801 621
4922 560 420
4923 800 600
4924 640 480
4925 800 600
4926 356 276
4927 640 480
4928 560 420
4929 178 138
4930 240 180
4931 356 276
4932 623 483
4933 89 69
4934 712 552
4935 800 600
4936 623 483
4937 445 345
4938 623 483
4939 720 540
4940 720 540
4941 712 552
4942 240 180
4943 801 621
4944 160 120
4945 240 180
4946 445 345
4947 400 300
4948 267 207
4949 534 414
4950 445 345
4951 534 414
4952 890 690
4953 160 120
4954 534 414
4955 240 180
4956 240 180
4957 80 60
4958 560 420
4959 890 690
4960 400 300
4961 89 69
4962 356 276
4963 267 207
4964 160 120
4965 534 414
4966 480 360
4967 320 240
4968 178 138
4969 720 540
4970 89 69
4971 80 60
4972 320 240
4973 89 69
4974 356 276
4975 560 420
4976 480 360
4977 890 690
4978 640 480
4979 800 600
4980 800 600
4981 320 240
4982 89 69
4983 534 414
4984 480 360
4985 801 621
4986 534 414
4987 80 60
4988 801 621
4989 480 360
4990 623 483
4991 178 138
4992 320 240
4993 560 420
4994 480 360
4995 640 480
4996 623 483
4997 560 420
4998 623 483
4999 160 120
5000 89 69
