5000 1987470 12_5000_1000_3851
1 183 175
2 915 875
3 732 700
4 1098 1050
5 465 550
6 1830 1750
7 186 220
8 279 330
9 558 660
10 744 880
11 1281 1225
12 183 175
13 1830 1750
14 93 110
15 837 990
16 465 550
17 549 525
18 372 440
19 549 525
20 558 660
21 1281 1225
22 1281 1225
23 558 660
24 915 875
25 465 550
26 930 1100
27 186 220
28 1464 1400
29 651 770
30 186 220
31 1281 1225
32 549 525
33 558 660
34 1830 1750
35 744 880
36 930 1100
37 837 990
38 837 990
39 372 440
40 651 770
41 372 440
42 372 440
43 558 660
44 1647 1575
45 549 525
46 732 700
47 186 220
48 1098 1050
49 93 110
50 93 110
51 744 880
52 915 875
53 366 350
54 183 175
55 549 525
56 930 1100
57 93 110
58 93 110
59 651 770
60 183 175
61 1464 1400
62 279 330
63 1647 1575
64 279 330
65 279 330
66 744 880
67 930 1100
68 915 875
69 372 440
70 186 220
71 837 990
72 372 440
73 1464 1400
74 1098 1050
75 366 350
76 1647 1575
77 1098 1050
78 558 660
79 1464 1400
80 465 550
81 651 770
82 732 700
83 549 525
84 558 660
85 732 700
86 186 220
87 186 220
88 837 990
89 744 880
90 372 440
91 366 350
92 549 525
93 837 990
94 732 700
95 1098 1050
96 837 990
97 366 350
98 93 110
99 1647 1575
100 279 330
101 744 880
102 558 660
103 651 770
104 732 700
105 1464 1400
106 372 440
107 744 880
108 732 700
109 279 330
110 549 525
111 1281 1225
112 1098 1050
113 549 525
114 93 110
115 651 770
116 837 990
117 1464 1400
118 837 990
119 1647 1575
120 183 175
121 186 220
122 1281 1225
123 372 440
124 186 220
125 366 350
126 279 330
127 372 440
128 465 550
129 1281 1225
130 372 440
131 651 770
132 744 880
133 279 330
134 651 770
135 651 770
136 93 110
137 732 700
138 186 220
139 930 1100
140 1830 1750
141 186 220
142 1830 1750
143 465 550
144 1098 1050
145 744 880
146 1098 1050
147 183 175
148 558 660
149 549 525
150 186 220
151 1098 1050
152 651 770
153 837 990
154 651 770
155 732 700
156 744 880
157 1647 1575
158 1647 1575
159 183 175
160 1464 1400
161 1647 1575
162 549 525
163 549 525
164 732 700
165 744 880
166 279 330
167 930 1100
168 186 220
169 279 330
170 1647 1575
171 549 525
172 465 550
173 732 700
174 549 525
175 1830 1750
176 744 880
177 732 700
178 1281 1225
179 1830 1750
180 186 220
181 837 990
182 366 350
183 186 220
184 651 770
185 558 660
186 183 175
187 1098 1050
188 183 175
189 837 990
190 372 440
191 93 110
192 837 990
193 1647 1575
194 915 875
195 558 660
196 93 110
197 279 330
198 1830 1750
199 186 220
200 915 875
201 915 875
202 366 350
203 1464 1400
204 744 880
205 1281 1225
206 372 440
207 744 880
208 1464 1400
209 279 330
210 915 875
211 837 990
212 915 875
213 279 330
214 732 700
215 915 875
216 372 440
217 372 440
218 366 350
219 366 350
220 1098 1050
221 279 330
222 930 1100
223 558 660
224 651 770
225 549 525
226 732 700
227 549 525
228 549 525
229 837 990
230 1464 1400
231 1830 1750
232 186 220
233 186 220
234 549 525
235 558 660
236 279 330
237 1830 1750
238 183 175
239 549 525
240 279 330
241 930 1100
242 1098 1050
243 651 770
244 1281 1225
245 279 330
246 372 440
247 366 350
248 183 175
249 1281 1225
250 549 525
251 549 525
252 279 330
253 1464 1400
254 651 770
255 1281 1225
256 558 660
257 279 330
258 372 440
259 558 660
260 1464 1400
261 279 330
262 549 525
263 732 700
264 366 350
265 915 875
266 837 990
267 1281 1225
268 744 880
269 930 1100
270 1098 1050
271 558 660
272 837 990
273 1830 1750
274 837 990
275 1098 1050
276 465 550
277 558 660
278 1647 1575
279 183 175
280 837 990
281 183 175
282 915 875
283 465 550
284 558 660
285 1830 1750
286 93 110
287 1830 1750
288 915 875
289 186 220
290 372 440
291 1098 1050
292 465 550
293 279 330
294 366 350
295 549 525
296 744 880
297 651 770
298 549 525
299 651 770
300 930 1100
301 549 525
302 93 110
303 93 110
304 549 525
305 183 175
306 744 880
307 915 875
308 93 110
309 1647 1575
310 183 175
311 651 770
312 372 440
313 279 330
314 1281 1225
315 1098 1050
316 1098 1050
317 465 550
318 837 990
319 366 350
320 651 770
321 1830 1750
322 732 700
323 651 770
324 651 770
325 930 1100
326 549 525
327 837 990
328 186 220
329 930 1100
330 744 880
331 651 770
332 465 550
333 279 330
334 930 1100
335 549 525
336 1464 1400
337 837 990
338 1281 1225
339 1830 1750
340 93 110
341 372 440
342 93 110
343 744 880
344 1098 1050
345 549 525
346 465 550
347 279 330
348 1647 1575
349 930 1100
350 837 990
351 651 770
352 744 880
353 837 990
354 279 330
355 372 440
356 366 350
357 651 770
358 372 440
359 183 175
360 915 875
361 366 350
362 1647 1575
363 651 770
364 651 770
365 93 110
366 732 700
367 744 880
368 915 875
369 549 525
370 558 660
371 1098 1050
372 93 110
373 549 525
374 93 110
375 744 880
376 93 110
377 186 220
378 1830 1750
379 366 350
380 651 770
381 1647 1575
382 1647 1575
383 930 1100
384 93 110
385 1098 1050
386 837 990
387 1830 1750
388 732 700
389 930 1100
390 1281 1225
391 915 875
392 1830 1750
393 1830 1750
394 366 350
395 183 175
396 372 440
397 372 440
398 1647 1575
399 651 770
400 1647 1575
401 1281 1225
402 279 330
403 183 175
404 732 700
405 1647 1575
406 1281 1225
407 549 525
408 366 350
409 186 220
410 651 770
411 558 660
412 465 550
413 1647 1575
414 279 330
415 1647 1575
416 93 110
417 372 440
418 549 525
419 549 525
420 372 440
421 279 330
422 372 440
423 837 990
424 1098 1050
425 732 700
426 1464 1400
427 465 550
428 1830 1750
429 1830 1750
430 465 550
431 186 220
432 732 700
433 549 525
434 186 220
435 1464 1400
436 1098 1050
437 915 875
438 372 440
439 549 525
440 1647 1575
441 1647 1575
442 93 110
443 1281 1225
444 1647 1575
445 465 550
446 549 525
447 549 525
448 1464 1400
449 837 990
450 366 350
451 93 110
452 279 330
453 915 875
454 1830 1750
455 1647 1575
456 558 660
457 1281 1225
458 732 700
459 1647 1575
460 1098 1050
461 1830 1750
462 279 330
463 744 880
464 744 880
465 549 525
466 930 1100
467 1647 1575
468 1647 1575
469 279 330
470 744 880
471 1098 1050
472 186 220
473 1098 1050
474 93 110
475 1464 1400
476 465 550
477 93 110
478 837 990
479 183 175
480 1647 1575
481 549 525
482 366 350
483 279 330
484 549 525
485 1647 1575
486 1281 1225
487 183 175
488 1464 1400
489 1098 1050
490 915 875
491 1464 1400
492 1647 1575
493 651 770
494 744 880
495 1830 1750
496 366 350
497 465 550
498 372 440
499 93 110
500 366 350
501 930 1100
502 1281 1225
503 732 700
504 1098 1050
505 1098 1050
506 651 770
507 93 110
508 186 220
509 1098 1050
510 1647 1575
511 465 550
512 549 525
513 915 875
514 186 220
515 837 990
516 549 525
517 279 330
518 93 110
519 549 525
520 366 350
521 1281 1225
522 372 440
523 930 1100
524 915 875
525 279 330
526 744 880
527 1098 1050
528 558 660
529 549 525
530 732 700
531 744 880
532 93 110
533 837 990
534 915 875
535 465 550
536 558 660
537 549 525
538 372 440
539 651 770
540 1464 1400
541 930 1100
542 1464 1400
543 837 990
544 1830 1750
545 915 875
546 1281 1225
547 93 110
548 372 440
549 1281 1225
550 1830 1750
551 465 550
552 837 990
553 186 220
554 1464 1400
555 93 110
556 1830 1750
557 1464 1400
558 372 440
559 744 880
560 1098 1050
561 651 770
562 372 440
563 915 875
564 372 440
565 732 700
566 1464 1400
567 837 990
568 465 550
569 1281 1225
570 1647 1575
571 549 525
572 465 550
573 186 220
574 1830 1750
575 549 525
576 651 770
577 1281 1225
578 186 220
579 372 440
580 651 770
581 366 350
582 744 880
583 465 550
584 744 880
585 915 875
586 651 770
587 1464 1400
588 930 1100
589 465 550
590 366 350
591 1464 1400
592 366 350
593 915 875
594 837 990
595 915 875
596 732 700
597 549 525
598 1098 1050
599 1464 1400
600 732 700
601 1281 1225
602 651 770
603 732 700
604 549 525
605 549 525
606 1281 1225
607 837 990
608 1647 1575
609 732 700
610 366 350
611 372 440
612 1098 1050
613 549 525
614 183 175
615 558 660
616 186 220
617 1647 1575
618 744 880
619 279 330
620 465 550
621 837 990
622 183 175
623 366 350
624 651 770
625 465 550
626 549 525
627 93 110
628 183 175
629 183 175
630 549 525
631 186 220
632 465 550
633 183 175
634 549 525
635 549 525
636 465 550
637 837 990
638 186 220
639 1647 1575
640 549 525
641 837 990
642 915 875
643 186 220
644 465 550
645 366 350
646 1464 1400
647 366 350
648 558 660
649 186 220
650 372 440
651 1647 1575
652 372 440
653 1830 1750
654 93 110
655 744 880
656 186 220
657 1647 1575
658 183 175
659 1830 1750
660 93 110
661 279 330
662 1464 1400
663 366 350
664 279 330
665 837 990
666 651 770
667 183 175
668 651 770
669 1830 1750
670 93 110
671 465 550
672 915 875
673 366 350
674 732 700
675 366 350
676 1098 1050
677 372 440
678 93 110
679 558 660
680 558 660
681 744 880
682 744 880
683 558 660
684 1098 1050
685 465 550
686 465 550
687 1464 1400
688 930 1100
689 549 525
690 1830 1750
691 915 875
692 1647 1575
693 93 110
694 915 875
695 1464 1400
696 372 440
697 1830 1750
698 372 440
699 1647 1575
700 1647 1575
701 1647 1575
702 549 525
703 279 330
704 186 220
705 1281 1225
706 651 770
707 183 175
708 1464 1400
709 732 700
710 1830 1750
711 558 660
712 915 875
713 1647 1575
714 1647 1575
715 183 175
716 1464 1400
717 549 525
718 1464 1400
719 915 875
720 465 550
721 1464 1400
722 1830 1750
723 465 550
724 651 770
725 558 660
726 366 350
727 93 110
728 183 175
729 465 550
730 279 330
731 1464 1400
732 186 220
733 1281 1225
734 372 440
735 1647 1575
736 1281 1225
737 915 875
738 186 220
739 465 550
740 1281 1225
741 186 220
742 915 875
743 732 700
744 183 175
745 837 990
746 1281 1225
747 930 1100
748 930 1100
749 1830 1750
750 366 350
751 366 350
752 366 350
753 1464 1400
754 930 1100
755 372 440
756 651 770
757 915 875
758 1098 1050
759 549 525
760 279 330
761 1464 1400
762 1647 1575
763 183 175
764 1830 1750
765 930 1100
766 366 350
767 186 220
768 366 350
769 558 660
770 915 875
771 279 330
772 915 875
773 279 330
774 558 660
775 651 770
776 183 175
777 558 660
778 465 550
779 930 1100
780 558 660
781 1830 1750
782 915 875
783 651 770
784 732 700
785 1647 1575
786 1830 1750
787 1464 1400
788 651 770
789 1830 1750
790 1098 1050
791 1647 1575
792 930 1100
793 465 550
794 1281 1225
795 186 220
796 837 990
797 915 875
798 183 175
799 915 875
800 366 350
801 183 175
802 732 700
803 366 350
804 651 770
805 837 990
806 558 660
807 465 550
808 1830 1750
809 837 990
810 558 660
811 186 220
812 1830 1750
813 372 440
814 732 700
815 915 875
816 549 525
817 1464 1400
818 930 1100
819 744 880
820 186 220
821 183 175
822 732 700
823 651 770
824 93 110
825 915 875
826 93 110
827 930 1100
828 732 700
829 372 440
830 1464 1400
831 366 350
832 651 770
833 1830 1750
834 1830 1750
835 651 770
836 183 175
837 366 350
838 1647 1575
839 837 990
840 1464 1400
841 558 660
842 1281 1225
843 837 990
844 183 175
845 1281 1225
846 1098 1050
847 279 330
848 732 700
849 183 175
850 372 440
851 366 350
852 558 660
853 651 770
854 1281 1225
855 915 875
856 1281 1225
857 732 700
858 1098 1050
859 1647 1575
860 93 110
861 915 875
862 915 875
863 732 700
864 1098 1050
865 465 550
866 837 990
867 183 175
868 93 110
869 366 350
870 465 550
871 366 350
872 465 550
873 93 110
874 549 525
875 366 350
876 744 880
877 837 990
878 279 330
879 279 330
880 930 1100
881 558 660
882 732 700
883 732 700
884 837 990
885 651 770
886 183 175
887 915 875
888 1281 1225
889 930 1100
890 549 525
891 1464 1400
892 1830 1750
893 1830 1750
894 549 525
895 1647 1575
896 930 1100
897 465 550
898 1464 1400
899 837 990
900 732 700
901 837 990
902 732 700
903 732 700
904 465 550
905 93 110
906 1647 1575
907 744 880
908 372 440
909 1647 1575
910 372 440
911 930 1100
912 1281 1225
913 651 770
914 837 990
915 93 110
916 372 440
917 93 110
918 837 990
919 1647 1575
920 1647 1575
921 186 220
922 915 875
923 465 550
924 1830 1750
925 1830 1750
926 1098 1050
927 93 110
928 930 1100
929 1281 1225
930 366 350
931 366 350
932 744 880
933 1281 1225
934 366 350
935 183 175
936 1098 1050
937 372 440
938 1281 1225
939 1830 1750
940 915 875
941 1464 1400
942 1830 1750
943 366 350
944 732 700
945 1098 1050
946 915 875
947 279 330
948 837 990
949 183 175
950 837 990
951 93 110
952 1464 1400
953 279 330
954 915 875
955 465 550
956 93 110
957 744 880
958 186 220
959 465 550
960 915 875
961 915 875
962 744 880
963 279 330
964 1647 1575
965 915 875
966 1281 1225
967 465 550
968 93 110
969 1098 1050
970 372 440
971 183 175
972 651 770
973 1830 1750
974 837 990
975 279 330
976 366 350
977 837 990
978 1647 1575
979 279 330
980 744 880
981 732 700
982 1464 1400
983 93 110
984 465 550
985 279 330
986 183 175
987 372 440
988 1647 1575
989 915 875
990 744 880
991 183 175
992 837 990
993 1647 1575
994 279 330
995 1647 1575
996 744 880
997 732 700
998 744 880
999 732 700
1000 279 330
1001 183 175
1002 915 875
1003 1830 1750
1004 558 660
1005 651 770
1006 372 440
1007 549 525
1008 837 990
1009 465 550
1010 1098 1050
1011 1830 1750
1012 372 440
1013 1647 1575
1014 465 550
1015 837 990
1016 186 220
1017 372 440
1018 558 660
1019 558 660
1020 186 220
1021 186 220
1022 1830 1750
1023 1098 1050
1024 549 525
1025 186 220
1026 915 875
1027 183 175
1028 1647 1575
1029 186 220
1030 549 525
1031 1464 1400
1032 1281 1225
1033 93 110
1034 465 550
1035 366 350
1036 1281 1225
1037 366 350
1038 183 175
1039 1830 1750
1040 1098 1050
1041 744 880
1042 549 525
1043 1647 1575
1044 279 330
1045 465 550
1046 372 440
1047 837 990
1048 558 660
1049 1281 1225
1050 1830 1750
1051 186 220
1052 549 525
1053 1281 1225
1054 1464 1400
1055 744 880
1056 915 875
1057 366 350
1058 279 330
1059 744 880
1060 372 440
1061 93 110
1062 1830 1750
1063 183 175
1064 1464 1400
1065 1464 1400
1066 93 110
1067 732 700
1068 930 1100
1069 372 440
1070 1647 1575
1071 1098 1050
1072 1098 1050
1073 744 880
1074 651 770
1075 1281 1225
1076 279 330
1077 732 700
1078 183 175
1079 279 330
1080 732 700
1081 183 175
1082 651 770
1083 558 660
1084 732 700
1085 1281 1225
1086 930 1100
1087 915 875
1088 558 660
1089 186 220
1090 744 880
1091 558 660
1092 1647 1575
1093 465 550
1094 558 660
1095 744 880
1096 1830 1750
1097 1830 1750
1098 837 990
1099 366 350
1100 915 875
1101 837 990
1102 1647 1575
1103 465 550
1104 1281 1225
1105 1464 1400
1106 930 1100
1107 915 875
1108 837 990
1109 558 660
1110 183 175
1111 279 330
1112 558 660
1113 744 880
1114 1281 1225
1115 186 220
1116 651 770
1117 186 220
1118 186 220
1119 651 770
1120 279 330
1121 732 700
1122 372 440
1123 1464 1400
1124 1647 1575
1125 366 350
1126 744 880
1127 558 660
1128 549 525
1129 186 220
1130 744 880
1131 549 525
1132 93 110
1133 651 770
1134 186 220
1135 183 175
1136 366 350
1137 558 660
1138 279 330
1139 930 1100
1140 915 875
1141 558 660
1142 279 330
1143 465 550
1144 1647 1575
1145 366 350
1146 366 350
1147 549 525
1148 1281 1225
1149 279 330
1150 930 1100
1151 372 440
1152 372 440
1153 930 1100
1154 1098 1050
1155 1830 1750
1156 744 880
1157 1464 1400
1158 744 880
1159 279 330
1160 1281 1225
1161 1647 1575
1162 279 330
1163 465 550
1164 744 880
1165 93 110
1166 186 220
1167 930 1100
1168 930 1100
1169 1830 1750
1170 837 990
1171 465 550
1172 549 525
1173 93 110
1174 549 525
1175 549 525
1176 744 880
1177 744 880
1178 915 875
1179 1830 1750
1180 732 700
1181 549 525
1182 744 880
1183 186 220
1184 366 350
1185 465 550
1186 558 660
1187 183 175
1188 1464 1400
1189 1098 1050
1190 1281 1225
1191 1464 1400
1192 930 1100
1193 366 350
1194 1647 1575
1195 93 110
1196 1098 1050
1197 732 700
1198 1464 1400
1199 558 660
1200 186 220
1201 558 660
1202 93 110
1203 279 330
1204 366 350
1205 93 110
1206 1464 1400
1207 549 525
1208 558 660
1209 1830 1750
1210 1464 1400
1211 837 990
1212 651 770
1213 366 350
1214 93 110
1215 183 175
1216 372 440
1217 930 1100
1218 465 550
1219 183 175
1220 186 220
1221 372 440
1222 1281 1225
1223 366 350
1224 186 220
1225 732 700
1226 93 110
1227 915 875
1228 837 990
1229 279 330
1230 558 660
1231 93 110
1232 930 1100
1233 366 350
1234 186 220
1235 915 875
1236 1464 1400
1237 183 175
1238 744 880
1239 366 350
1240 93 110
1241 1098 1050
1242 930 1100
1243 372 440
1244 732 700
1245 837 990
1246 183 175
1247 744 880
1248 93 110
1249 1281 1225
1250 93 110
1251 1647 1575
1252 372 440
1253 651 770
1254 372 440
1255 1647 1575
1256 279 330
1257 732 700
1258 183 175
1259 1464 1400
1260 1098 1050
1261 1098 1050
1262 366 350
1263 915 875
1264 279 330
1265 558 660
1266 930 1100
1267 366 350
1268 837 990
1269 372 440
1270 930 1100
1271 186 220
1272 1281 1225
1273 465 550
1274 1464 1400
1275 1464 1400
1276 183 175
1277 558 660
1278 1098 1050
1279 1281 1225
1280 279 330
1281 732 700
1282 930 1100
1283 1830 1750
1284 1830 1750
1285 186 220
1286 93 110
1287 1464 1400
1288 744 880
1289 732 700
1290 1830 1750
1291 183 175
1292 744 880
1293 183 175
1294 930 1100
1295 930 1100
1296 732 700
1297 186 220
1298 186 220
1299 837 990
1300 744 880
1301 651 770
1302 186 220
1303 1098 1050
1304 186 220
1305 279 330
1306 279 330
1307 651 770
1308 558 660
1309 465 550
1310 837 990
1311 1281 1225
1312 549 525
1313 930 1100
1314 549 525
1315 915 875
1316 1647 1575
1317 915 875
1318 930 1100
1319 183 175
1320 183 175
1321 915 875
1322 93 110
1323 1647 1575
1324 732 700
1325 1647 1575
1326 558 660
1327 186 220
1328 183 175
1329 1098 1050
1330 93 110
1331 549 525
1332 549 525
1333 183 175
1334 183 175
1335 1281 1225
1336 1647 1575
1337 186 220
1338 1281 1225
1339 549 525
1340 465 550
1341 366 350
1342 915 875
1343 1830 1750
1344 1830 1750
1345 279 330
1346 558 660
1347 366 350
1348 837 990
1349 183 175
1350 1464 1400
1351 558 660
1352 1830 1750
1353 279 330
1354 465 550
1355 279 330
1356 744 880
1357 915 875
1358 279 330
1359 930 1100
1360 93 110
1361 930 1100
1362 372 440
1363 372 440
1364 1830 1750
1365 915 875
1366 1464 1400
1367 465 550
1368 744 880
1369 558 660
1370 1647 1575
1371 183 175
1372 1281 1225
1373 465 550
1374 1830 1750
1375 915 875
1376 744 880
1377 915 875
1378 1464 1400
1379 465 550
1380 732 700
1381 915 875
1382 1464 1400
1383 1647 1575
1384 1830 1750
1385 372 440
1386 183 175
1387 1464 1400
1388 915 875
1389 279 330
1390 279 330
1391 930 1100
1392 1830 1750
1393 1464 1400
1394 744 880
1395 549 525
1396 651 770
1397 1830 1750
1398 837 990
1399 1098 1050
1400 279 330
1401 465 550
1402 183 175
1403 1647 1575
1404 1098 1050
1405 732 700
1406 549 525
1407 372 440
1408 366 350
1409 93 110
1410 837 990
1411 651 770
1412 279 330
1413 465 550
1414 93 110
1415 372 440
1416 186 220
1417 549 525
1418 183 175
1419 465 550
1420 372 440
1421 549 525
1422 558 660
1423 183 175
1424 837 990
1425 930 1100
1426 1647 1575
1427 744 880
1428 279 330
1429 465 550
1430 744 880
1431 1830 1750
1432 93 110
1433 837 990
1434 915 875
1435 186 220
1436 549 525
1437 1098 1050
1438 930 1100
1439 930 1100
1440 549 525
1441 372 440
1442 186 220
1443 915 875
1444 186 220
1445 1281 1225
1446 1830 1750
1447 558 660
1448 915 875
1449 186 220
1450 744 880
1451 1647 1575
1452 93 110
1453 279 330
1454 744 880
1455 186 220
1456 732 700
1457 837 990
1458 1464 1400
1459 1464 1400
1460 1098 1050
1461 1830 1750
1462 744 880
1463 744 880
1464 183 175
1465 1098 1050
1466 279 330
1467 372 440
1468 372 440
1469 732 700
1470 93 110
1471 186 220
1472 549 525
1473 1098 1050
1474 186 220
1475 279 330
1476 1647 1575
1477 744 880
1478 183 175
1479 465 550
1480 1281 1225
1481 366 350
1482 366 350
1483 1281 1225
1484 1464 1400
1485 465 550
1486 1647 1575
1487 549 525
1488 915 875
1489 915 875
1490 732 700
1491 651 770
1492 732 700
1493 1647 1575
1494 1647 1575
1495 549 525
1496 366 350
1497 1281 1225
1498 1464 1400
1499 558 660
1500 837 990
1501 279 330
1502 183 175
1503 930 1100
1504 915 875
1505 183 175
1506 183 175
1507 837 990
1508 558 660
1509 1281 1225
1510 651 770
1511 1464 1400
1512 915 875
1513 837 990
1514 915 875
1515 372 440
1516 186 220
1517 651 770
1518 186 220
1519 915 875
1520 1098 1050
1521 732 700
1522 186 220
1523 1830 1750
1524 372 440
1525 372 440
1526 1281 1225
1527 372 440
1528 183 175
1529 93 110
1530 558 660
1531 372 440
1532 93 110
1533 465 550
1534 732 700
1535 651 770
1536 930 1100
1537 558 660
1538 366 350
1539 1098 1050
1540 1464 1400
1541 744 880
1542 186 220
1543 372 440
1544 558 660
1545 183 175
1546 1647 1575
1547 651 770
1548 1464 1400
1549 372 440
1550 549 525
1551 1647 1575
1552 1830 1750
1553 837 990
1554 651 770
1555 732 700
1556 930 1100
1557 1830 1750
1558 744 880
1559 186 220
1560 372 440
1561 1281 1225
1562 549 525
1563 915 875
1564 372 440
1565 1464 1400
1566 558 660
1567 366 350
1568 915 875
1569 279 330
1570 744 880
1571 837 990
1572 1098 1050
1573 465 550
1574 732 700
1575 279 330
1576 1098 1050
1577 1830 1750
1578 732 700
1579 1098 1050
1580 465 550
1581 549 525
1582 186 220
1583 651 770
1584 732 700
1585 837 990
1586 465 550
1587 186 220
1588 1830 1750
1589 1464 1400
1590 1098 1050
1591 1647 1575
1592 1281 1225
1593 744 880
1594 1830 1750
1595 372 440
1596 732 700
1597 1647 1575
1598 1647 1575
1599 1281 1225
1600 1098 1050
1601 930 1100
1602 732 700
1603 183 175
1604 651 770
1605 1647 1575
1606 651 770
1607 1464 1400
1608 1830 1750
1609 732 700
1610 915 875
1611 1464 1400
1612 558 660
1613 279 330
1614 279 330
1615 1281 1225
1616 279 330
1617 186 220
1618 465 550
1619 279 330
1620 1281 1225
1621 651 770
1622 1647 1575
1623 183 175
1624 837 990
1625 183 175
1626 732 700
1627 1464 1400
1628 183 175
1629 1464 1400
1630 465 550
1631 1098 1050
1632 837 990
1633 930 1100
1634 837 990
1635 186 220
1636 93 110
1637 183 175
1638 558 660
1639 93 110
1640 279 330
1641 372 440
1642 372 440
1643 1647 1575
1644 1464 1400
1645 1464 1400
1646 372 440
1647 915 875
1648 93 110
1649 732 700
1650 558 660
1651 1098 1050
1652 465 550
1653 1098 1050
1654 549 525
1655 1830 1750
1656 1281 1225
1657 1098 1050
1658 183 175
1659 1830 1750
1660 366 350
1661 549 525
1662 732 700
1663 183 175
1664 930 1100
1665 186 220
1666 465 550
1667 93 110
1668 183 175
1669 1098 1050
1670 1281 1225
1671 558 660
1672 366 350
1673 651 770
1674 366 350
1675 1464 1400
1676 744 880
1677 1464 1400
1678 465 550
1679 549 525
1680 1098 1050
1681 1098 1050
1682 93 110
1683 732 700
1684 366 350
1685 183 175
1686 465 550
1687 1647 1575
1688 1830 1750
1689 372 440
1690 279 330
1691 183 175
1692 1647 1575
1693 1464 1400
1694 1830 1750
1695 744 880
1696 930 1100
1697 1830 1750
1698 465 550
1699 1830 1750
1700 930 1100
1701 372 440
1702 1281 1225
1703 93 110
1704 651 770
1705 558 660
1706 186 220
1707 837 990
1708 744 880
1709 549 525
1710 186 220
1711 1830 1750
1712 465 550
1713 186 220
1714 279 330
1715 732 700
1716 651 770
1717 186 220
1718 1647 1575
1719 465 550
1720 651 770
1721 837 990
1722 93 110
1723 732 700
1724 1464 1400
1725 558 660
1726 732 700
1727 732 700
1728 183 175
1729 732 700
1730 279 330
1731 186 220
1732 366 350
1733 1647 1575
1734 93 110
1735 915 875
1736 558 660
1737 1281 1225
1738 366 350
1739 915 875
1740 366 350
1741 744 880
1742 744 880
1743 465 550
1744 366 350
1745 930 1100
1746 651 770
1747 1281 1225
1748 930 1100
1749 549 525
1750 279 330
1751 930 1100
1752 558 660
1753 651 770
1754 549 525
1755 1098 1050
1756 1098 1050
1757 1281 1225
1758 366 350
1759 372 440
1760 279 330
1761 915 875
1762 1281 1225
1763 837 990
1764 549 525
1765 1464 1400
1766 732 700
1767 372 440
1768 1098 1050
1769 1281 1225
1770 183 175
1771 1464 1400
1772 915 875
1773 1830 1750
1774 549 525
1775 1830 1750
1776 1647 1575
1777 549 525
1778 366 350
1779 366 350
1780 93 110
1781 1647 1575
1782 732 700
1783 183 175
1784 1830 1750
1785 465 550
1786 1647 1575
1787 1098 1050
1788 183 175
1789 183 175
1790 732 700
1791 372 440
1792 651 770
1793 1647 1575
1794 1647 1575
1795 930 1100
1796 1464 1400
1797 372 440
1798 1281 1225
1799 1281 1225
1800 651 770
1801 465 550
1802 1281 1225
1803 732 700
1804 279 330
1805 558 660
1806 93 110
1807 1464 1400
1808 744 880
1809 930 1100
1810 744 880
1811 1464 1400
1812 186 220
1813 651 770
1814 1647 1575
1815 1464 1400
1816 1464 1400
1817 651 770
1818 744 880
1819 732 700
1820 549 525
1821 186 220
1822 372 440
1823 93 110
1824 930 1100
1825 549 525
1826 183 175
1827 366 350
1828 366 350
1829 465 550
1830 372 440
1831 1464 1400
1832 549 525
1833 366 350
1834 1464 1400
1835 1830 1750
1836 465 550
1837 366 350
1838 183 175
1839 1464 1400
1840 1647 1575
1841 1647 1575
1842 558 660
1843 279 330
1844 732 700
1845 1464 1400
1846 1830 1750
1847 183 175
1848 366 350
1849 366 350
1850 186 220
1851 837 990
1852 1647 1575
1853 915 875
1854 837 990
1855 1098 1050
1856 1647 1575
1857 183 175
1858 930 1100
1859 366 350
1860 465 550
1861 465 550
1862 732 700
1863 1098 1050
1864 1098 1050
1865 651 770
1866 186 220
1867 837 990
1868 1281 1225
1869 1098 1050
1870 651 770
1871 732 700
1872 372 440
1873 744 880
1874 1647 1575
1875 744 880
1876 651 770
1877 1830 1750
1878 372 440
1879 366 350
1880 549 525
1881 1647 1575
1882 732 700
1883 465 550
1884 1647 1575
1885 183 175
1886 549 525
1887 651 770
1888 1464 1400
1889 1281 1225
1890 930 1100
1891 1281 1225
1892 549 525
1893 1098 1050
1894 465 550
1895 1647 1575
1896 93 110
1897 549 525
1898 549 525
1899 372 440
1900 183 175
1901 1464 1400
1902 465 550
1903 279 330
1904 837 990
1905 372 440
1906 183 175
1907 93 110
1908 1647 1575
1909 279 330
1910 183 175
1911 186 220
1912 915 875
1913 186 220
1914 1098 1050
1915 915 875
1916 183 175
1917 651 770
1918 744 880
1919 915 875
1920 744 880
1921 558 660
1922 732 700
1923 732 700
1924 186 220
1925 186 220
1926 915 875
1927 549 525
1928 183 175
1929 651 770
1930 744 880
1931 366 350
1932 744 880
1933 930 1100
1934 837 990
1935 183 175
1936 744 880
1937 1647 1575
1938 651 770
1939 1647 1575
1940 837 990
1941 1830 1750
1942 1464 1400
1943 1647 1575
1944 279 330
1945 915 875
1946 279 330
1947 1647 1575
1948 1830 1750
1949 183 175
1950 186 220
1951 366 350
1952 366 350
1953 549 525
1954 93 110
1955 366 350
1956 1464 1400
1957 465 550
1958 183 175
1959 372 440
1960 183 175
1961 1830 1750
1962 549 525
1963 930 1100
1964 930 1100
1965 732 700
1966 279 330
1967 372 440
1968 183 175
1969 930 1100
1970 1281 1225
1971 558 660
1972 1647 1575
1973 366 350
1974 651 770
1975 1098 1050
1976 744 880
1977 366 350
1978 1098 1050
1979 1830 1750
1980 366 350
1981 183 175
1982 183 175
1983 930 1100
1984 744 880
1985 744 880
1986 186 220
1987 732 700
1988 279 330
1989 1464 1400
1990 837 990
1991 558 660
1992 549 525
1993 1281 1225
1994 1647 1575
1995 915 875
1996 279 330
1997 465 550
1998 465 550
1999 465 550
2000 930 1100
2001 1647 1575
2002 1281 1225
2003 651 770
2004 837 990
2005 744 880
2006 837 990
2007 93 110
2008 186 220
2009 732 700
2010 651 770
2011 1098 1050
2012 183 175
2013 1647 1575
2014 732 700
2015 930 1100
2016 837 990
2017 1281 1225
2018 549 525
2019 549 525
2020 549 525
2021 930 1100
2022 1464 1400
2023 837 990
2024 930 1100
2025 744 880
2026 915 875
2027 183 175
2028 915 875
2029 183 175
2030 837 990
2031 1830 1750
2032 465 550
2033 744 880
2034 549 525
2035 549 525
2036 366 350
2037 1098 1050
2038 93 110
2039 1830 1750
2040 651 770
2041 930 1100
2042 837 990
2043 1281 1225
2044 183 175
2045 915 875
2046 1830 1750
2047 558 660
2048 366 350
2049 837 990
2050 279 330
2051 279 330
2052 279 330
2053 837 990
2054 465 550
2055 915 875
2056 1281 1225
2057 372 440
2058 366 350
2059 1830 1750
2060 1464 1400
2061 915 875
2062 1464 1400
2063 744 880
2064 558 660
2065 372 440
2066 465 550
2067 837 990
2068 930 1100
2069 366 350
2070 915 875
2071 744 880
2072 183 175
2073 366 350
2074 279 330
2075 1464 1400
2076 93 110
2077 183 175
2078 549 525
2079 549 525
2080 372 440
2081 366 350
2082 186 220
2083 930 1100
2084 1647 1575
2085 183 175
2086 1464 1400
2087 1098 1050
2088 1098 1050
2089 279 330
2090 465 550
2091 93 110
2092 915 875
2093 930 1100
2094 558 660
2095 549 525
2096 1464 1400
2097 744 880
2098 372 440
2099 549 525
2100 279 330
2101 183 175
2102 549 525
2103 915 875
2104 1830 1750
2105 732 700
2106 744 880
2107 915 875
2108 372 440
2109 186 220
2110 558 660
2111 183 175
2112 1281 1225
2113 1647 1575
2114 732 700
2115 549 525
2116 732 700
2117 558 660
2118 93 110
2119 732 700
2120 930 1100
2121 1281 1225
2122 744 880
2123 183 175
2124 915 875
2125 744 880
2126 183 175
2127 549 525
2128 930 1100
2129 366 350
2130 732 700
2131 93 110
2132 558 660
2133 558 660
2134 186 220
2135 744 880
2136 366 350
2137 1098 1050
2138 651 770
2139 930 1100
2140 279 330
2141 372 440
2142 372 440
2143 1098 1050
2144 1281 1225
2145 186 220
2146 183 175
2147 1830 1750
2148 1098 1050
2149 372 440
2150 1281 1225
2151 372 440
2152 558 660
2153 549 525
2154 1830 1750
2155 93 110
2156 930 1100
2157 1830 1750
2158 651 770
2159 366 350
2160 1098 1050
2161 558 660
2162 1098 1050
2163 732 700
2164 465 550
2165 651 770
2166 279 330
2167 915 875
2168 372 440
2169 1281 1225
2170 1647 1575
2171 1830 1750
2172 732 700
2173 1464 1400
2174 1647 1575
2175 558 660
2176 1647 1575
2177 549 525
2178 1464 1400
2179 465 550
2180 1647 1575
2181 549 525
2182 1830 1750
2183 915 875
2184 651 770
2185 732 700
2186 366 350
2187 279 330
2188 186 220
2189 558 660
2190 1098 1050
2191 732 700
2192 1647 1575
2193 837 990
2194 183 175
2195 183 175
2196 1830 1750
2197 1464 1400
2198 744 880
2199 366 350
2200 1830 1750
2201 1098 1050
2202 651 770
2203 372 440
2204 1464 1400
2205 183 175
2206 558 660
2207 549 525
2208 465 550
2209 837 990
2210 93 110
2211 183 175
2212 651 770
2213 1464 1400
2214 732 700
2215 549 525
2216 651 770
2217 186 220
2218 93 110
2219 1464 1400
2220 837 990
2221 279 330
2222 915 875
2223 837 990
2224 651 770
2225 93 110
2226 186 220
2227 279 330
2228 186 220
2229 186 220
2230 1098 1050
2231 465 550
2232 1464 1400
2233 915 875
2234 1281 1225
2235 930 1100
2236 1464 1400
2237 1281 1225
2238 279 330
2239 366 350
2240 1647 1575
2241 1647 1575
2242 837 990
2243 930 1100
2244 186 220
2245 1464 1400
2246 465 550
2247 549 525
2248 558 660
2249 549 525
2250 744 880
2251 1647 1575
2252 837 990
2253 372 440
2254 1830 1750
2255 1464 1400
2256 183 175
2257 558 660
2258 366 350
2259 915 875
2260 549 525
2261 930 1100
2262 1647 1575
2263 183 175
2264 1281 1225
2265 732 700
2266 1098 1050
2267 1098 1050
2268 930 1100
2269 93 110
2270 183 175
2271 915 875
2272 1647 1575
2273 915 875
2274 744 880
2275 915 875
2276 732 700
2277 549 525
2278 465 550
2279 837 990
2280 1830 1750
2281 744 880
2282 549 525
2283 279 330
2284 837 990
2285 186 220
2286 549 525
2287 1647 1575
2288 930 1100
2289 279 330
2290 279 330
2291 915 875
2292 183 175
2293 930 1100
2294 372 440
2295 1098 1050
2296 930 1100
2297 372 440
2298 183 175
2299 93 110
2300 558 660
2301 183 175
2302 549 525
2303 1281 1225
2304 1098 1050
2305 915 875
2306 558 660
2307 651 770
2308 465 550
2309 279 330
2310 744 880
2311 930 1100
2312 1830 1750
2313 1281 1225
2314 915 875
2315 744 880
2316 93 110
2317 366 350
2318 186 220
2319 183 175
2320 279 330
2321 183 175
2322 732 700
2323 183 175
2324 651 770
2325 183 175
2326 1647 1575
2327 1281 1225
2328 1647 1575
2329 744 880
2330 366 350
2331 915 875
2332 183 175
2333 465 550
2334 732 700
2335 186 220
2336 651 770
2337 372 440
2338 186 220
2339 915 875
2340 366 350
2341 837 990
2342 732 700
2343 558 660
2344 1464 1400
2345 744 880
2346 837 990
2347 930 1100
2348 651 770
2349 186 220
2350 837 990
2351 1098 1050
2352 1464 1400
2353 186 220
2354 1098 1050
2355 372 440
2356 651 770
2357 1830 1750
2358 183 175
2359 1647 1575
2360 183 175
2361 1830 1750
2362 1098 1050
2363 1464 1400
2364 1464 1400
2365 837 990
2366 1098 1050
2367 1830 1750
2368 915 875
2369 366 350
2370 744 880
2371 1098 1050
2372 366 350
2373 1830 1750
2374 930 1100
2375 732 700
2376 930 1100
2377 558 660
2378 732 700
2379 372 440
2380 744 880
2381 1098 1050
2382 915 875
2383 744 880
2384 1830 1750
2385 366 350
2386 1464 1400
2387 744 880
2388 183 175
2389 279 330
2390 651 770
2391 186 220
2392 915 875
2393 558 660
2394 837 990
2395 549 525
2396 651 770
2397 465 550
2398 744 880
2399 1464 1400
2400 732 700
2401 1647 1575
2402 465 550
2403 279 330
2404 837 990
2405 93 110
2406 1098 1050
2407 186 220
2408 549 525
2409 1098 1050
2410 279 330
2411 651 770
2412 744 880
2413 366 350
2414 558 660
2415 372 440
2416 1830 1750
2417 366 350
2418 465 550
2419 186 220
2420 549 525
2421 1281 1225
2422 651 770
2423 465 550
2424 744 880
2425 1098 1050
2426 549 525
2427 732 700
2428 930 1100
2429 279 330
2430 186 220
2431 732 700
2432 915 875
2433 366 350
2434 651 770
2435 279 330
2436 279 330
2437 372 440
2438 930 1100
2439 366 350
2440 732 700
2441 1464 1400
2442 93 110
2443 744 880
2444 837 990
2445 183 175
2446 1830 1750
2447 1830 1750
2448 732 700
2449 183 175
2450 651 770
2451 186 220
2452 372 440
2453 186 220
2454 183 175
2455 915 875
2456 558 660
2457 1647 1575
2458 186 220
2459 732 700
2460 549 525
2461 366 350
2462 732 700
2463 549 525
2464 1647 1575
2465 930 1100
2466 930 1100
2467 1281 1225
2468 915 875
2469 1647 1575
2470 915 875
2471 1830 1750
2472 183 175
2473 1098 1050
2474 186 220
2475 558 660
2476 744 880
2477 915 875
2478 1281 1225
2479 1647 1575
2480 1647 1575
2481 930 1100
2482 183 175
2483 837 990
2484 372 440
2485 732 700
2486 930 1100
2487 732 700
2488 186 220
2489 744 880
2490 372 440
2491 93 110
2492 930 1100
2493 465 550
2494 372 440
2495 930 1100
2496 186 220
2497 183 175
2498 651 770
2499 1830 1750
2500 1464 1400
2501 465 550
2502 93 110
2503 372 440
2504 93 110
2505 915 875
2506 279 330
2507 1464 1400
2508 1830 1750
2509 279 330
2510 837 990
2511 744 880
2512 186 220
2513 744 880
2514 279 330
2515 549 525
2516 1647 1575
2517 465 550
2518 372 440
2519 1830 1750
2520 279 330
2521 93 110
2522 744 880
2523 930 1100
2524 465 550
2525 744 880
2526 372 440
2527 1281 1225
2528 279 330
2529 279 330
2530 930 1100
2531 549 525
2532 930 1100
2533 837 990
2534 465 550
2535 372 440
2536 1647 1575
2537 549 525
2538 915 875
2539 549 525
2540 366 350
2541 1464 1400
2542 279 330
2543 915 875
2544 1098 1050
2545 1098 1050
2546 837 990
2547 183 175
2548 1464 1400
2549 837 990
2550 1281 1225
2551 549 525
2552 183 175
2553 558 660
2554 372 440
2555 549 525
2556 1098 1050
2557 915 875
2558 1647 1575
2559 1647 1575
2560 549 525
2561 1281 1225
2562 1830 1750
2563 93 110
2564 744 880
2565 183 175
2566 549 525
2567 366 350
2568 1830 1750
2569 366 350
2570 732 700
2571 651 770
2572 366 350
2573 186 220
2574 279 330
2575 372 440
2576 93 110
2577 732 700
2578 1281 1225
2579 1098 1050
2580 837 990
2581 186 220
2582 183 175
2583 183 175
2584 1647 1575
2585 744 880
2586 465 550
2587 915 875
2588 558 660
2589 732 700
2590 549 525
2591 915 875
2592 93 110
2593 93 110
2594 1281 1225
2595 744 880
2596 1647 1575
2597 279 330
2598 465 550
2599 372 440
2600 1647 1575
2601 837 990
2602 930 1100
2603 744 880
2604 549 525
2605 465 550
2606 1647 1575
2607 93 110
2608 1281 1225
2609 732 700
2610 549 525
2611 93 110
2612 744 880
2613 549 525
2614 732 700
2615 651 770
2616 732 700
2617 465 550
2618 1830 1750
2619 651 770
2620 1281 1225
2621 279 330
2622 732 700
2623 1647 1575
2624 1281 1225
2625 549 525
2626 1098 1050
2627 93 110
2628 186 220
2629 930 1100
2630 1281 1225
2631 1098 1050
2632 372 440
2633 183 175
2634 372 440
2635 915 875
2636 93 110
2637 186 220
2638 549 525
2639 372 440
2640 1281 1225
2641 1830 1750
2642 1830 1750
2643 558 660
2644 1464 1400
2645 1464 1400
2646 186 220
2647 1098 1050
2648 651 770
2649 465 550
2650 186 220
2651 372 440
2652 1464 1400
2653 186 220
2654 732 700
2655 837 990
2656 837 990
2657 372 440
2658 372 440
2659 366 350
2660 1647 1575
2661 651 770
2662 744 880
2663 1098 1050
2664 1464 1400
2665 1464 1400
2666 732 700
2667 744 880
2668 465 550
2669 1098 1050
2670 93 110
2671 837 990
2672 279 330
2673 1464 1400
2674 558 660
2675 1647 1575
2676 93 110
2677 1098 1050
2678 837 990
2679 744 880
2680 1098 1050
2681 186 220
2682 732 700
2683 93 110
2684 651 770
2685 744 880
2686 549 525
2687 183 175
2688 279 330
2689 1281 1225
2690 279 330
2691 732 700
2692 732 700
2693 1281 1225
2694 744 880
2695 837 990
2696 183 175
2697 930 1100
2698 915 875
2699 732 700
2700 93 110
2701 651 770
2702 549 525
2703 1830 1750
2704 279 330
2705 558 660
2706 1830 1750
2707 930 1100
2708 1281 1225
2709 558 660
2710 1464 1400
2711 1830 1750
2712 465 550
2713 366 350
2714 366 350
2715 465 550
2716 366 350
2717 1464 1400
2718 186 220
2719 549 525
2720 372 440
2721 1098 1050
2722 1464 1400
2723 183 175
2724 837 990
2725 1830 1750
2726 732 700
2727 93 110
2728 558 660
2729 1830 1750
2730 366 350
2731 915 875
2732 549 525
2733 1098 1050
2734 372 440
2735 183 175
2736 837 990
2737 186 220
2738 465 550
2739 183 175
2740 1647 1575
2741 558 660
2742 549 525
2743 549 525
2744 1281 1225
2745 279 330
2746 279 330
2747 837 990
2748 837 990
2749 1464 1400
2750 915 875
2751 1464 1400
2752 1830 1750
2753 837 990
2754 558 660
2755 930 1100
2756 1647 1575
2757 372 440
2758 186 220
2759 93 110
2760 1464 1400
2761 366 350
2762 93 110
2763 1464 1400
2764 1464 1400
2765 558 660
2766 744 880
2767 366 350
2768 744 880
2769 549 525
2770 1281 1225
2771 651 770
2772 279 330
2773 837 990
2774 732 700
2775 279 330
2776 651 770
2777 837 990
2778 732 700
2779 744 880
2780 366 350
2781 1098 1050
2782 186 220
2783 1647 1575
2784 279 330
2785 279 330
2786 186 220
2787 279 330
2788 558 660
2789 1830 1750
2790 186 220
2791 651 770
2792 93 110
2793 651 770
2794 651 770
2795 837 990
2796 186 220
2797 651 770
2798 183 175
2799 366 350
2800 915 875
2801 549 525
2802 183 175
2803 1281 1225
2804 915 875
2805 1830 1750
2806 930 1100
2807 651 770
2808 1098 1050
2809 744 880
2810 1098 1050
2811 279 330
2812 930 1100
2813 1464 1400
2814 915 875
2815 558 660
2816 930 1100
2817 372 440
2818 465 550
2819 1647 1575
2820 558 660
2821 549 525
2822 1647 1575
2823 1830 1750
2824 558 660
2825 465 550
2826 1830 1750
2827 1281 1225
2828 465 550
2829 279 330
2830 915 875
2831 366 350
2832 1281 1225
2833 1098 1050
2834 1464 1400
2835 558 660
2836 837 990
2837 549 525
2838 930 1100
2839 93 110
2840 1281 1225
2841 1830 1750
2842 186 220
2843 366 350
2844 1464 1400
2845 744 880
2846 744 880
2847 366 350
2848 744 880
2849 837 990
2850 930 1100
2851 1464 1400
2852 186 220
2853 915 875
2854 1281 1225
2855 1464 1400
2856 1098 1050
2857 744 880
2858 732 700
2859 279 330
2860 183 175
2861 1281 1225
2862 1830 1750
2863 372 440
2864 366 350
2865 93 110
2866 1647 1575
2867 549 525
2868 930 1100
2869 1830 1750
2870 1464 1400
2871 651 770
2872 732 700
2873 93 110
2874 651 770
2875 366 350
2876 558 660
2877 732 700
2878 651 770
2879 1830 1750
2880 1830 1750
2881 651 770
2882 186 220
2883 651 770
2884 558 660
2885 186 220
2886 930 1100
2887 732 700
2888 558 660
2889 651 770
2890 744 880
2891 558 660
2892 549 525
2893 1098 1050
2894 93 110
2895 465 550
2896 1647 1575
2897 279 330
2898 549 525
2899 549 525
2900 558 660
2901 930 1100
2902 915 875
2903 1830 1750
2904 186 220
2905 837 990
2906 279 330
2907 837 990
2908 732 700
2909 1281 1225
2910 93 110
2911 366 350
2912 558 660
2913 1281 1225
2914 1647 1575
2915 1647 1575
2916 732 700
2917 372 440
2918 1098 1050
2919 837 990
2920 558 660
2921 465 550
2922 837 990
2923 1281 1225
2924 930 1100
2925 366 350
2926 744 880
2927 1098 1050
2928 279 330
2929 930 1100
2930 1647 1575
2931 372 440
2932 465 550
2933 186 220
2934 1281 1225
2935 732 700
2936 1098 1050
2937 1647 1575
2938 549 525
2939 186 220
2940 558 660
2941 1830 1750
2942 930 1100
2943 279 330
2944 549 525
2945 1098 1050
2946 186 220
2947 651 770
2948 651 770
2949 93 110
2950 1647 1575
2951 465 550
2952 465 550
2953 558 660
2954 279 330
2955 549 525
2956 651 770
2957 279 330
2958 183 175
2959 279 330
2960 1464 1400
2961 732 700
2962 1098 1050
2963 93 110
2964 558 660
2965 930 1100
2966 372 440
2967 366 350
2968 1830 1750
2969 1281 1225
2970 1464 1400
2971 183 175
2972 366 350
2973 183 175
2974 1098 1050
2975 183 175
2976 1830 1750
2977 465 550
2978 1464 1400
2979 1464 1400
2980 183 175
2981 279 330
2982 279 330
2983 186 220
2984 732 700
2985 744 880
2986 1464 1400
2987 1281 1225
2988 1830 1750
2989 930 1100
2990 744 880
2991 651 770
2992 1647 1575
2993 465 550
2994 732 700
2995 1647 1575
2996 837 990
2997 1647 1575
2998 93 110
2999 558 660
3000 651 770
3001 183 175
3002 1830 1750
3003 1281 1225
3004 651 770
3005 186 220
3006 1098 1050
3007 930 1100
3008 465 550
3009 1647 1575
3010 837 990
3011 744 880
3012 930 1100
3013 1647 1575
3014 558 660
3015 732 700
3016 279 330
3017 1464 1400
3018 1464 1400
3019 366 350
3020 930 1100
3021 558 660
3022 915 875
3023 1464 1400
3024 915 875
3025 372 440
3026 744 880
3027 549 525
3028 744 880
3029 837 990
3030 1098 1050
3031 744 880
3032 732 700
3033 1830 1750
3034 915 875
3035 1098 1050
3036 651 770
3037 186 220
3038 279 330
3039 930 1100
3040 1647 1575
3041 93 110
3042 1464 1400
3043 837 990
3044 93 110
3045 372 440
3046 915 875
3047 651 770
3048 651 770
3049 1098 1050
3050 837 990
3051 837 990
3052 930 1100
3053 1098 1050
3054 930 1100
3055 366 350
3056 372 440
3057 186 220
3058 183 175
3059 183 175
3060 186 220
3061 366 350
3062 465 550
3063 744 880
3064 93 110
3065 1647 1575
3066 558 660
3067 1098 1050
3068 1281 1225
3069 558 660
3070 1281 1225
3071 279 330
3072 279 330
3073 1830 1750
3074 837 990
3075 1098 1050
3076 558 660
3077 1281 1225
3078 744 880
3079 465 550
3080 465 550
3081 93 110
3082 651 770
3083 1098 1050
3084 1464 1400
3085 558 660
3086 558 660
3087 837 990
3088 1281 1225
3089 549 525
3090 93 110
3091 1464 1400
3092 279 330
3093 186 220
3094 930 1100
3095 1830 1750
3096 837 990
3097 558 660
3098 1281 1225
3099 1098 1050
3100 651 770
3101 1647 1575
3102 93 110
3103 651 770
3104 930 1100
3105 1830 1750
3106 915 875
3107 465 550
3108 651 770
3109 837 990
3110 837 990
3111 186 220
3112 183 175
3113 1281 1225
3114 1647 1575
3115 1281 1225
3116 372 440
3117 1464 1400
3118 651 770
3119 1281 1225
3120 549 525
3121 915 875
3122 915 875
3123 1830 1750
3124 1647 1575
3125 915 875
3126 915 875
3127 93 110
3128 915 875
3129 279 330
3130 837 990
3131 1464 1400
3132 183 175
3133 549 525
3134 465 550
3135 1281 1225
3136 1464 1400
3137 372 440
3138 732 700
3139 372 440
3140 372 440
3141 1647 1575
3142 1098 1050
3143 732 700
3144 558 660
3145 366 350
3146 1281 1225
3147 183 175
3148 1098 1050
3149 732 700
3150 279 330
3151 1830 1750
3152 549 525
3153 93 110
3154 465 550
3155 1830 1750
3156 93 110
3157 549 525
3158 1464 1400
3159 279 330
3160 93 110
3161 183 175
3162 183 175
3163 1464 1400
3164 1830 1750
3165 366 350
3166 915 875
3167 186 220
3168 732 700
3169 744 880
3170 186 220
3171 372 440
3172 744 880
3173 186 220
3174 1281 1225
3175 549 525
3176 651 770
3177 837 990
3178 1830 1750
3179 1464 1400
3180 1098 1050
3181 186 220
3182 279 330
3183 930 1100
3184 549 525
3185 651 770
3186 1464 1400
3187 1281 1225
3188 183 175
3189 837 990
3190 1281 1225
3191 837 990
3192 558 660
3193 186 220
3194 183 175
3195 837 990
3196 744 880
3197 651 770
3198 183 175
3199 465 550
3200 732 700
3201 1830 1750
3202 366 350
3203 549 525
3204 1647 1575
3205 744 880
3206 1281 1225
3207 366 350
3208 1098 1050
3209 1830 1750
3210 549 525
3211 930 1100
3212 837 990
3213 366 350
3214 1464 1400
3215 279 330
3216 651 770
3217 1647 1575
3218 372 440
3219 732 700
3220 1647 1575
3221 186 220
3222 1647 1575
3223 915 875
3224 93 110
3225 366 350
3226 366 350
3227 744 880
3228 549 525
3229 1281 1225
3230 732 700
3231 279 330
3232 837 990
3233 837 990
3234 732 700
3235 1464 1400
3236 1647 1575
3237 186 220
3238 186 220
3239 186 220
3240 186 220
3241 366 350
3242 279 330
3243 651 770
3244 1281 1225
3245 1647 1575
3246 1830 1750
3247 93 110
3248 465 550
3249 279 330
3250 279 330
3251 372 440
3252 186 220
3253 837 990
3254 1464 1400
3255 915 875
3256 366 350
3257 558 660
3258 1464 1400
3259 183 175
3260 915 875
3261 930 1100
3262 744 880
3263 1098 1050
3264 1830 1750
3265 732 700
3266 558 660
3267 549 525
3268 183 175
3269 549 525
3270 930 1100
3271 93 110
3272 1464 1400
3273 366 350
3274 1647 1575
3275 1830 1750
3276 837 990
3277 93 110
3278 186 220
3279 558 660
3280 558 660
3281 465 550
3282 732 700
3283 465 550
3284 732 700
3285 732 700
3286 930 1100
3287 1464 1400
3288 372 440
3289 279 330
3290 651 770
3291 1464 1400
3292 930 1100
3293 558 660
3294 651 770
3295 186 220
3296 1647 1575
3297 279 330
3298 549 525
3299 1647 1575
3300 1647 1575
3301 915 875
3302 1647 1575
3303 744 880
3304 183 175
3305 366 350
3306 558 660
3307 1647 1575
3308 1647 1575
3309 465 550
3310 1830 1750
3311 1098 1050
3312 558 660
3313 183 175
3314 465 550
3315 1281 1225
3316 837 990
3317 465 550
3318 1464 1400
3319 186 220
3320 186 220
3321 183 175
3322 183 175
3323 558 660
3324 93 110
3325 930 1100
3326 183 175
3327 1647 1575
3328 1464 1400
3329 930 1100
3330 1098 1050
3331 1830 1750
3332 279 330
3333 366 350
3334 366 350
3335 183 175
3336 651 770
3337 732 700
3338 930 1100
3339 186 220
3340 651 770
3341 1098 1050
3342 366 350
3343 558 660
3344 1647 1575
3345 183 175
3346 651 770
3347 183 175
3348 558 660
3349 465 550
3350 558 660
3351 372 440
3352 465 550
3353 1098 1050
3354 558 660
3355 465 550
3356 915 875
3357 93 110
3358 558 660
3359 1281 1225
3360 837 990
3361 1830 1750
3362 837 990
3363 93 110
3364 186 220
3365 744 880
3366 915 875
3367 186 220
3368 549 525
3369 366 350
3370 1464 1400
3371 1830 1750
3372 1464 1400
3373 1098 1050
3374 465 550
3375 1098 1050
3376 366 350
3377 558 660
3378 1464 1400
3379 279 330
3380 1281 1225
3381 732 700
3382 1647 1575
3383 837 990
3384 915 875
3385 549 525
3386 549 525
3387 279 330
3388 1098 1050
3389 915 875
3390 183 175
3391 549 525
3392 744 880
3393 93 110
3394 558 660
3395 837 990
3396 1098 1050
3397 1281 1225
3398 651 770
3399 186 220
3400 366 350
3401 651 770
3402 279 330
3403 186 220
3404 744 880
3405 93 110
3406 93 110
3407 1647 1575
3408 744 880
3409 465 550
3410 558 660
3411 549 525
3412 1830 1750
3413 93 110
3414 1098 1050
3415 465 550
3416 915 875
3417 1464 1400
3418 1098 1050
3419 837 990
3420 372 440
3421 93 110
3422 186 220
3423 93 110
3424 549 525
3425 549 525
3426 930 1100
3427 279 330
3428 1647 1575
3429 465 550
3430 465 550
3431 465 550
3432 732 700
3433 930 1100
3434 651 770
3435 1281 1225
3436 915 875
3437 186 220
3438 279 330
3439 1281 1225
3440 1830 1750
3441 279 330
3442 372 440
3443 372 440
3444 651 770
3445 549 525
3446 465 550
3447 1647 1575
3448 930 1100
3449 1098 1050
3450 1830 1750
3451 465 550
3452 465 550
3453 1098 1050
3454 651 770
3455 1464 1400
3456 930 1100
3457 279 330
3458 549 525
3459 1830 1750
3460 186 220
3461 1647 1575
3462 1647 1575
3463 366 350
3464 1464 1400
3465 915 875
3466 1464 1400
3467 930 1100
3468 837 990
3469 1464 1400
3470 732 700
3471 651 770
3472 549 525
3473 837 990
3474 1464 1400
3475 366 350
3476 837 990
3477 732 700
3478 930 1100
3479 1830 1750
3480 366 350
3481 549 525
3482 1464 1400
3483 1098 1050
3484 837 990
3485 732 700
3486 744 880
3487 186 220
3488 651 770
3489 1830 1750
3490 549 525
3491 1281 1225
3492 465 550
3493 651 770
3494 837 990
3495 1281 1225
3496 1098 1050
3497 558 660
3498 549 525
3499 366 350
3500 915 875
3501 915 875
3502 915 875
3503 1281 1225
3504 915 875
3505 558 660
3506 183 175
3507 558 660
3508 1098 1050
3509 1647 1575
3510 744 880
3511 186 220
3512 558 660
3513 279 330
3514 465 550
3515 558 660
3516 1281 1225
3517 366 350
3518 279 330
3519 186 220
3520 930 1100
3521 744 880
3522 651 770
3523 93 110
3524 366 350
3525 186 220
3526 744 880
3527 1830 1750
3528 279 330
3529 183 175
3530 1830 1750
3531 1830 1750
3532 837 990
3533 372 440
3534 279 330
3535 1464 1400
3536 186 220
3537 732 700
3538 915 875
3539 1647 1575
3540 1830 1750
3541 732 700
3542 1647 1575
3543 1647 1575
3544 366 350
3545 651 770
3546 732 700
3547 732 700
3548 549 525
3549 1830 1750
3550 930 1100
3551 930 1100
3552 93 110
3553 651 770
3554 915 875
3555 1830 1750
3556 549 525
3557 549 525
3558 732 700
3559 651 770
3560 366 350
3561 651 770
3562 744 880
3563 837 990
3564 93 110
3565 558 660
3566 732 700
3567 93 110
3568 1647 1575
3569 732 700
3570 651 770
3571 1098 1050
3572 558 660
3573 930 1100
3574 915 875
3575 651 770
3576 837 990
3577 1281 1225
3578 651 770
3579 732 700
3580 183 175
3581 744 880
3582 1647 1575
3583 732 700
3584 366 350
3585 1830 1750
3586 1098 1050
3587 558 660
3588 93 110
3589 1464 1400
3590 549 525
3591 732 700
3592 1098 1050
3593 549 525
3594 186 220
3595 744 880
3596 366 350
3597 183 175
3598 837 990
3599 1464 1400
3600 1281 1225
3601 558 660
3602 744 880
3603 465 550
3604 186 220
3605 1830 1750
3606 558 660
3607 366 350
3608 837 990
3609 186 220
3610 1647 1575
3611 651 770
3612 930 1100
3613 1098 1050
3614 279 330
3615 186 220
3616 279 330
3617 465 550
3618 366 350
3619 366 350
3620 279 330
3621 366 350
3622 837 990
3623 1281 1225
3624 1464 1400
3625 1281 1225
3626 186 220
3627 183 175
3628 186 220
3629 93 110
3630 366 350
3631 549 525
3632 183 175
3633 366 350
3634 366 350
3635 930 1100
3636 1830 1750
3637 366 350
3638 366 350
3639 915 875
3640 1830 1750
3641 549 525
3642 915 875
3643 558 660
3644 558 660
3645 366 350
3646 1464 1400
3647 1098 1050
3648 93 110
3649 1464 1400
3650 732 700
3651 930 1100
3652 1830 1750
3653 279 330
3654 1464 1400
3655 279 330
3656 732 700
3657 183 175
3658 93 110
3659 915 875
3660 915 875
3661 183 175
3662 915 875
3663 732 700
3664 372 440
3665 651 770
3666 558 660
3667 732 700
3668 915 875
3669 930 1100
3670 1281 1225
3671 1647 1575
3672 1830 1750
3673 558 660
3674 1830 1750
3675 372 440
3676 372 440
3677 930 1100
3678 930 1100
3679 1098 1050
3680 1830 1750
3681 930 1100
3682 183 175
3683 366 350
3684 1830 1750
3685 93 110
3686 732 700
3687 366 350
3688 732 700
3689 930 1100
3690 1464 1400
3691 558 660
3692 732 700
3693 372 440
3694 930 1100
3695 465 550
3696 372 440
3697 183 175
3698 651 770
3699 366 350
3700 1647 1575
3701 183 175
3702 93 110
3703 1464 1400
3704 366 350
3705 651 770
3706 183 175
3707 930 1100
3708 372 440
3709 651 770
3710 1464 1400
3711 1830 1750
3712 1464 1400
3713 558 660
3714 651 770
3715 465 550
3716 1098 1050
3717 372 440
3718 558 660
3719 549 525
3720 279 330
3721 465 550
3722 930 1100
3723 549 525
3724 93 110
3725 930 1100
3726 465 550
3727 372 440
3728 732 700
3729 1647 1575
3730 1830 1750
3731 915 875
3732 1098 1050
3733 1830 1750
3734 279 330
3735 183 175
3736 837 990
3737 1830 1750
3738 558 660
3739 1281 1225
3740 558 660
3741 1464 1400
3742 732 700
3743 558 660
3744 732 700
3745 1830 1750
3746 1281 1225
3747 915 875
3748 915 875
3749 732 700
3750 744 880
3751 1464 1400
3752 651 770
3753 744 880
3754 366 350
3755 558 660
3756 744 880
3757 930 1100
3758 1281 1225
3759 465 550
3760 93 110
3761 465 550
3762 558 660
3763 1830 1750
3764 465 550
3765 651 770
3766 915 875
3767 183 175
3768 1464 1400
3769 1830 1750
3770 732 700
3771 930 1100
3772 93 110
3773 651 770
3774 186 220
3775 1098 1050
3776 279 330
3777 732 700
3778 366 350
3779 1647 1575
3780 93 110
3781 651 770
3782 930 1100
3783 93 110
3784 744 880
3785 915 875
3786 651 770
3787 366 350
3788 1464 1400
3789 915 875
3790 366 350
3791 1647 1575
3792 183 175
3793 465 550
3794 372 440
3795 1464 1400
3796 372 440
3797 1464 1400
3798 279 330
3799 744 880
3800 183 175
3801 1830 1750
3802 930 1100
3803 744 880
3804 183 175
3805 1098 1050
3806 1098 1050
3807 930 1100
3808 1647 1575
3809 837 990
3810 93 110
3811 186 220
3812 366 350
3813 558 660
3814 651 770
3815 837 990
3816 186 220
3817 1830 1750
3818 744 880
3819 1647 1575
3820 651 770
3821 549 525
3822 372 440
3823 465 550
3824 915 875
3825 372 440
3826 1098 1050
3827 1464 1400
3828 465 550
3829 1464 1400
3830 372 440
3831 915 875
3832 1098 1050
3833 1098 1050
3834 183 175
3835 186 220
3836 1098 1050
3837 279 330
3838 1464 1400
3839 186 220
3840 1281 1225
3841 183 175
3842 279 330
3843 93 110
3844 651 770
3845 1464 1400
3846 744 880
3847 930 1100
3848 1098 1050
3849 186 220
3850 279 330
3851 915 875
3852 651 770
3853 558 660
3854 183 175
3855 279 330
3856 558 660
3857 465 550
3858 279 330
3859 366 350
3860 372 440
3861 558 660
3862 1647 1575
3863 930 1100
3864 930 1100
3865 732 700
3866 1464 1400
3867 186 220
3868 366 350
3869 930 1100
3870 366 350
3871 1647 1575
3872 744 880
3873 279 330
3874 183 175
3875 372 440
3876 279 330
3877 930 1100
3878 1647 1575
3879 1647 1575
3880 915 875
3881 732 700
3882 93 110
3883 1281 1225
3884 1098 1050
3885 465 550
3886 279 330
3887 930 1100
3888 1830 1750
3889 558 660
3890 1281 1225
3891 1464 1400
3892 744 880
3893 1647 1575
3894 1830 1750
3895 732 700
3896 1647 1575
3897 837 990
3898 1281 1225
3899 915 875
3900 183 175
3901 279 330
3902 186 220
3903 915 875
3904 465 550
3905 732 700
3906 372 440
3907 915 875
3908 186 220
3909 1098 1050
3910 93 110
3911 465 550
3912 366 350
3913 186 220
3914 183 175
3915 186 220
3916 549 525
3917 279 330
3918 1281 1225
3919 279 330
3920 558 660
3921 549 525
3922 558 660
3923 549 525
3924 279 330
3925 183 175
3926 744 880
3927 549 525
3928 1647 1575
3929 93 110
3930 1281 1225
3931 915 875
3932 1830 1750
3933 183 175
3934 1647 1575
3935 93 110
3936 93 110
3937 1647 1575
3938 186 220
3939 915 875
3940 744 880
3941 1098 1050
3942 732 700
3943 372 440
3944 279 330
3945 366 350
3946 465 550
3947 465 550
3948 366 350
3949 930 1100
3950 837 990
3951 1830 1750
3952 651 770
3953 1281 1225
3954 1098 1050
3955 837 990
3956 183 175
3957 372 440
3958 1281 1225
3959 744 880
3960 930 1100
3961 366 350
3962 1281 1225
3963 465 550
3964 372 440
3965 186 220
3966 651 770
3967 837 990
3968 732 700
3969 651 770
3970 186 220
3971 915 875
3972 465 550
3973 732 700
3974 930 1100
3975 744 880
3976 549 525
3977 651 770
3978 1464 1400
3979 915 875
3980 651 770
3981 549 525
3982 279 330
3983 372 440
3984 651 770
3985 744 880
3986 744 880
3987 837 990
3988 837 990
3989 366 350
3990 1281 1225
3991 183 175
3992 1098 1050
3993 837 990
3994 372 440
3995 837 990
3996 930 1100
3997 1281 1225
3998 1098 1050
3999 372 440
4000 744 880
4001 279 330
4002 1647 1575
4003 1464 1400
4004 279 330
4005 183 175
4006 837 990
4007 1647 1575
4008 915 875
4009 732 700
4010 558 660
4011 93 110
4012 279 330
4013 183 175
4014 465 550
4015 465 550
4016 1281 1225
4017 837 990
4018 549 525
4019 1647 1575
4020 1281 1225
4021 549 525
4022 651 770
4023 1830 1750
4024 651 770
4025 279 330
4026 183 175
4027 372 440
4028 744 880
4029 279 330
4030 1464 1400
4031 558 660
4032 732 700
4033 372 440
4034 1281 1225
4035 279 330
4036 930 1100
4037 930 1100
4038 366 350
4039 1464 1400
4040 915 875
4041 183 175
4042 93 110
4043 1830 1750
4044 1464 1400
4045 1830 1750
4046 465 550
4047 93 110
4048 372 440
4049 558 660
4050 1830 1750
4051 372 440
4052 279 330
4053 549 525
4054 279 330
4055 279 330
4056 465 550
4057 558 660
4058 279 330
4059 279 330
4060 186 220
4061 372 440
4062 549 525
4063 549 525
4064 1281 1225
4065 465 550
4066 651 770
4067 558 660
4068 744 880
4069 1464 1400
4070 279 330
4071 186 220
4072 744 880
4073 558 660
4074 186 220
4075 1464 1400
4076 732 700
4077 558 660
4078 732 700
4079 558 660
4080 372 440
4081 651 770
4082 1464 1400
4083 1464 1400
4084 372 440
4085 465 550
4086 837 990
4087 1464 1400
4088 1098 1050
4089 732 700
4090 558 660
4091 1281 1225
4092 186 220
4093 915 875
4094 1098 1050
4095 93 110
4096 372 440
4097 279 330
4098 651 770
4099 279 330
4100 558 660
4101 1830 1750
4102 930 1100
4103 930 1100
4104 1281 1225
4105 279 330
4106 372 440
4107 549 525
4108 1464 1400
4109 930 1100
4110 1098 1050
4111 732 700
4112 930 1100
4113 279 330
4114 732 700
4115 732 700
4116 372 440
4117 837 990
4118 915 875
4119 915 875
4120 372 440
4121 744 880
4122 651 770
4123 930 1100
4124 183 175
4125 183 175
4126 1281 1225
4127 366 350
4128 1464 1400
4129 1098 1050
4130 465 550
4131 1647 1575
4132 186 220
4133 372 440
4134 93 110
4135 837 990
4136 1830 1750
4137 465 550
4138 549 525
4139 1830 1750
4140 1830 1750
4141 651 770
4142 93 110
4143 837 990
4144 837 990
4145 549 525
4146 1281 1225
4147 93 110
4148 837 990
4149 732 700
4150 1281 1225
4151 1098 1050
4152 1647 1575
4153 930 1100
4154 465 550
4155 558 660
4156 1464 1400
4157 372 440
4158 1830 1750
4159 732 700
4160 93 110
4161 915 875
4162 1830 1750
4163 183 175
4164 93 110
4165 732 700
4166 1098 1050
4167 837 990
4168 732 700
4169 549 525
4170 279 330
4171 1464 1400
4172 558 660
4173 1281 1225
4174 915 875
4175 651 770
4176 465 550
4177 1647 1575
4178 465 550
4179 372 440
4180 1098 1050
4181 465 550
4182 465 550
4183 930 1100
4184 465 550
4185 651 770
4186 366 350
4187 558 660
4188 366 350
4189 1464 1400
4190 465 550
4191 465 550
4192 930 1100
4193 372 440
4194 465 550
4195 186 220
4196 183 175
4197 1464 1400
4198 930 1100
4199 1098 1050
4200 372 440
4201 1647 1575
4202 366 350
4203 558 660
4204 651 770
4205 372 440
4206 372 440
4207 930 1100
4208 183 175
4209 279 330
4210 1281 1225
4211 1098 1050
4212 93 110
4213 372 440
4214 183 175
4215 1281 1225
4216 372 440
4217 744 880
4218 1464 1400
4219 465 550
4220 183 175
4221 366 350
4222 1098 1050
4223 465 550
4224 744 880
4225 93 110
4226 930 1100
4227 732 700
4228 372 440
4229 279 330
4230 651 770
4231 930 1100
4232 1098 1050
4233 549 525
4234 651 770
4235 372 440
4236 465 550
4237 1647 1575
4238 651 770
4239 186 220
4240 1830 1750
4241 1830 1750
4242 1098 1050
4243 372 440
4244 366 350
4245 465 550
4246 186 220
4247 1464 1400
4248 732 700
4249 558 660
4250 372 440
4251 732 700
4252 465 550
4253 915 875
4254 93 110
4255 744 880
4256 549 525
4257 93 110
4258 465 550
4259 1830 1750
4260 1098 1050
4261 366 350
4262 651 770
4263 558 660
4264 915 875
4265 744 880
4266 279 330
4267 915 875
4268 744 880
4269 1281 1225
4270 279 330
4271 1281 1225
4272 930 1100
4273 372 440
4274 837 990
4275 549 525
4276 1830 1750
4277 837 990
4278 1464 1400
4279 651 770
4280 1647 1575
4281 186 220
4282 186 220
4283 366 350
4284 372 440
4285 915 875
4286 549 525
4287 732 700
4288 837 990
4289 93 110
4290 1098 1050
4291 837 990
4292 183 175
4293 1464 1400
4294 366 350
4295 930 1100
4296 744 880
4297 366 350
4298 372 440
4299 1464 1400
4300 279 330
4301 915 875
4302 558 660
4303 1647 1575
4304 732 700
4305 366 350
4306 279 330
4307 1830 1750
4308 465 550
4309 549 525
4310 549 525
4311 1464 1400
4312 366 350
4313 837 990
4314 1281 1225
4315 465 550
4316 1281 1225
4317 744 880
4318 732 700
4319 1281 1225
4320 837 990
4321 465 550
4322 372 440
4323 1464 1400
4324 744 880
4325 279 330
4326 1098 1050
4327 1281 1225
4328 1098 1050
4329 93 110
4330 744 880
4331 558 660
4332 744 880
4333 183 175
4334 837 990
4335 186 220
4336 837 990
4337 732 700
4338 930 1100
4339 372 440
4340 183 175
4341 186 220
4342 915 875
4343 366 350
4344 279 330
4345 366 350
4346 366 350
4347 1281 1225
4348 1830 1750
4349 1281 1225
4350 1098 1050
4351 1647 1575
4352 651 770
4353 915 875
4354 1464 1400
4355 183 175
4356 186 220
4357 1281 1225
4358 1281 1225
4359 549 525
4360 183 175
4361 183 175
4362 558 660
4363 279 330
4364 93 110
4365 651 770
4366 465 550
4367 930 1100
4368 372 440
4369 372 440
4370 1647 1575
4371 651 770
4372 837 990
4373 732 700
4374 549 525
4375 837 990
4376 744 880
4377 1464 1400
4378 732 700
4379 651 770
4380 279 330
4381 465 550
4382 1098 1050
4383 186 220
4384 549 525
4385 1098 1050
4386 366 350
4387 930 1100
4388 915 875
4389 1830 1750
4390 651 770
4391 915 875
4392 549 525
4393 186 220
4394 732 700
4395 651 770
4396 651 770
4397 1098 1050
4398 1098 1050
4399 549 525
4400 930 1100
4401 465 550
4402 1647 1575
4403 744 880
4404 279 330
4405 1647 1575
4406 915 875
4407 1098 1050
4408 1830 1750
4409 930 1100
4410 372 440
4411 372 440
4412 465 550
4413 186 220
4414 1647 1575
4415 915 875
4416 465 550
4417 558 660
4418 1464 1400
4419 1464 1400
4420 651 770
4421 930 1100
4422 183 175
4423 279 330
4424 1464 1400
4425 558 660
4426 186 220
4427 651 770
4428 186 220
4429 651 770
4430 651 770
4431 558 660
4432 1647 1575
4433 915 875
4434 915 875
4435 279 330
4436 1281 1225
4437 732 700
4438 651 770
4439 186 220
4440 744 880
4441 732 700
4442 372 440
4443 651 770
4444 732 700
4445 93 110
4446 183 175
4447 732 700
4448 1647 1575
4449 549 525
4450 732 700
4451 744 880
4452 366 350
4453 915 875
4454 183 175
4455 651 770
4456 651 770
4457 1281 1225
4458 1281 1225
4459 744 880
4460 930 1100
4461 930 1100
4462 915 875
4463 549 525
4464 183 175
4465 651 770
4466 1830 1750
4467 837 990
4468 549 525
4469 558 660
4470 465 550
4471 1647 1575
4472 366 350
4473 651 770
4474 915 875
4475 558 660
4476 732 700
4477 465 550
4478 837 990
4479 1098 1050
4480 279 330
4481 930 1100
4482 1281 1225
4483 279 330
4484 1098 1050
4485 366 350
4486 915 875
4487 651 770
4488 930 1100
4489 549 525
4490 549 525
4491 93 110
4492 651 770
4493 93 110
4494 186 220
4495 549 525
4496 93 110
4497 186 220
4498 186 220
4499 930 1100
4500 744 880
4501 93 110
4502 915 875
4503 183 175
4504 279 330
4505 465 550
4506 1098 1050
4507 372 440
4508 558 660
4509 1464 1400
4510 1647 1575
4511 1464 1400
4512 93 110
4513 1464 1400
4514 372 440
4515 1830 1750
4516 744 880
4517 93 110
4518 930 1100
4519 465 550
4520 837 990
4521 366 350
4522 549 525
4523 837 990
4524 651 770
4525 372 440
4526 1098 1050
4527 549 525
4528 1830 1750
4529 372 440
4530 1098 1050
4531 651 770
4532 744 880
4533 549 525
4534 372 440
4535 1830 1750
4536 744 880
4537 732 700
4538 837 990
4539 549 525
4540 366 350
4541 744 880
4542 744 880
4543 558 660
4544 1647 1575
4545 183 175
4546 915 875
4547 1830 1750
4548 465 550
4549 183 175
4550 183 175
4551 183 175
4552 1281 1225
4553 1098 1050
4554 1647 1575
4555 366 350
4556 93 110
4557 915 875
4558 549 525
4559 915 875
4560 1281 1225
4561 279 330
4562 651 770
4563 186 220
4564 915 875
4565 930 1100
4566 186 220
4567 1464 1400
4568 1830 1750
4569 183 175
4570 651 770
4571 915 875
4572 732 700
4573 1830 1750
4574 1830 1750
4575 1647 1575
4576 915 875
4577 93 110
4578 1464 1400
4579 1830 1750
4580 465 550
4581 915 875
4582 732 700
4583 549 525
4584 93 110
4585 915 875
4586 558 660
4587 732 700
4588 1464 1400
4589 558 660
4590 549 525
4591 372 440
4592 1647 1575
4593 1281 1225
4594 366 350
4595 372 440
4596 732 700
4597 1098 1050
4598 1464 1400
4599 1281 1225
4600 372 440
4601 1281 1225
4602 744 880
4603 651 770
4604 93 110
4605 549 525
4606 1830 1750
4607 366 350
4608 558 660
4609 279 330
4610 558 660
4611 1830 1750
4612 837 990
4613 1647 1575
4614 744 880
4615 279 330
4616 372 440
4617 1464 1400
4618 465 550
4619 372 440
4620 1464 1400
4621 1830 1750
4622 1281 1225
4623 1281 1225
4624 558 660
4625 465 550
4626 1830 1750
4627 915 875
4628 465 550
4629 93 110
4630 1647 1575
4631 1281 1225
4632 366 350
4633 1464 1400
4634 837 990
4635 465 550
4636 1281 1225
4637 1647 1575
4638 837 990
4639 1647 1575
4640 549 525
4641 1647 1575
4642 465 550
4643 1464 1400
4644 1830 1750
4645 1830 1750
4646 1647 1575
4647 549 525
4648 1647 1575
4649 465 550
4650 732 700
4651 279 330
4652 915 875
4653 366 350
4654 183 175
4655 366 350
4656 93 110
4657 915 875
4658 1464 1400
4659 1464 1400
4660 930 1100
4661 366 350
4662 366 350
4663 558 660
4664 744 880
4665 1098 1050
4666 1098 1050
4667 1647 1575
4668 1098 1050
4669 183 175
4670 465 550
4671 732 700
4672 186 220
4673 837 990
4674 372 440
4675 1281 1225
4676 183 175
4677 372 440
4678 930 1100
4679 93 110
4680 744 880
4681 1830 1750
4682 1464 1400
4683 732 700
4684 915 875
4685 1281 1225
4686 651 770
4687 183 175
4688 915 875
4689 930 1100
4690 732 700
4691 930 1100
4692 744 880
4693 1464 1400
4694 186 220
4695 732 700
4696 279 330
4697 366 350
4698 93 110
4699 1830 1750
4700 186 220
4701 186 220
4702 372 440
4703 651 770
4704 1830 1750
4705 744 880
4706 558 660
4707 915 875
4708 372 440
4709 1281 1225
4710 1281 1225
4711 915 875
4712 915 875
4713 1830 1750
4714 279 330
4715 1647 1575
4716 930 1100
4717 279 330
4718 1281 1225
4719 558 660
4720 558 660
4721 1281 1225
4722 279 330
4723 1464 1400
4724 837 990
4725 1281 1225
4726 465 550
4727 744 880
4728 915 875
4729 732 700
4730 915 875
4731 279 330
4732 915 875
4733 732 700
4734 549 525
4735 1464 1400
4736 915 875
4737 279 330
4738 549 525
4739 1281 1225
4740 93 110
4741 651 770
4742 183 175
4743 549 525
4744 549 525
4745 372 440
4746 651 770
4747 1281 1225
4748 837 990
4749 744 880
4750 930 1100
4751 549 525
4752 186 220
4753 651 770
4754 186 220
4755 549 525
4756 549 525
4757 279 330
4758 366 350
4759 549 525
4760 366 350
4761 279 330
4762 1464 1400
4763 1647 1575
4764 372 440
4765 1647 1575
4766 183 175
4767 183 175
4768 366 350
4769 744 880
4770 558 660
4771 837 990
4772 744 880
4773 186 220
4774 549 525
4775 1464 1400
4776 1281 1225
4777 1830 1750
4778 558 660
4779 732 700
4780 837 990
4781 1830 1750
4782 732 700
4783 651 770
4784 186 220
4785 651 770
4786 930 1100
4787 558 660
4788 549 525
4789 744 880
4790 1647 1575
4791 279 330
4792 1464 1400
4793 1281 1225
4794 1281 1225
4795 837 990
4796 1098 1050
4797 366 350
4798 558 660
4799 732 700
4800 558 660
4801 279 330
4802 366 350
4803 558 660
4804 930 1100
4805 558 660
4806 1281 1225
4807 1830 1750
4808 930 1100
4809 1098 1050
4810 732 700
4811 1647 1575
4812 183 175
4813 1830 1750
4814 930 1100
4815 465 550
4816 558 660
4817 372 440
4818 1464 1400
4819 732 700
4820 1281 1225
4821 186 220
4822 1098 1050
4823 279 330
4824 372 440
4825 366 350
4826 366 350
4827 1647 1575
4828 93 110
4829 366 350
4830 1647 1575
4831 930 1100
4832 549 525
4833 837 990
4834 1098 1050
4835 186 220
4836 915 875
4837 930 1100
4838 549 525
4839 1098 1050
4840 93 110
4841 186 220
4842 558 660
4843 186 220
4844 915 875
4845 1647 1575
4846 465 550
4847 279 330
4848 1830 1750
4849 930 1100
4850 1830 1750
4851 279 330
4852 549 525
4853 549 525
4854 279 330
4855 279 330
4856 1281 1225
4857 1281 1225
4858 1647 1575
4859 1281 1225
4860 549 525
4861 1281 1225
4862 1098 1050
4863 1098 1050
4864 1830 1750
4865 1098 1050
4866 465 550
4867 366 350
4868 279 330
4869 1647 1575
4870 186 220
4871 558 660
4872 372 440
4873 837 990
4874 1098 1050
4875 366 350
4876 279 330
4877 1830 1750
4878 372 440
4879 366 350
4880 1830 1750
4881 1281 1225
4882 651 770
4883 1098 1050
4884 93 110
4885 732 700
4886 372 440
4887 651 770
4888 1464 1400
4889 372 440
4890 279 330
4891 744 880
4892 558 660
4893 930 1100
4894 186 220
4895 558 660
4896 1098 1050
4897 465 550
4898 1098 1050
4899 651 770
4900 915 875
4901 372 440
4902 558 660
4903 93 110
4904 1830 1750
4905 930 1100
4906 93 110
4907 186 220
4908 93 110
4909 1647 1575
4910 186 220
4911 651 770
4912 930 1100
4913 558 660
4914 366 350
4915 549 525
4916 366 350
4917 1281 1225
4918 1464 1400
4919 744 880
4920 279 330
4921 1098 1050
4922 1098 1050
4923 930 1100
4924 549 525
4925 1464 1400
4926 93 110
4927 183 175
4928 186 220
4929 93 110
4930 732 700
4931 1464 1400
4932 183 175
4933 549 525
4934 732 700
4935 93 110
4936 558 660
4937 465 550
4938 366 350
4939 93 110
4940 1830 1750
4941 558 660
4942 651 770
4943 1830 1750
4944 1830 1750
4945 372 440
4946 1098 1050
4947 93 110
4948 744 880
4949 279 330
4950 183 175
4951 732 700
4952 651 770
4953 1464 1400
4954 837 990
4955 1281 1225
4956 372 440
4957 915 875
4958 744 880
4959 837 990
4960 915 875
4961 183 175
4962 465 550
4963 558 660
4964 915 875
4965 1830 1750
4966 651 770
4967 915 875
4968 1098 1050
4969 186 220
4970 732 700
4971 732 700
4972 1281 1225
4973 183 175
4974 1098 1050
4975 1830 1750
4976 558 660
4977 1647 1575
4978 186 220
4979 837 990
4980 1281 1225
4981 1647 1575
4982 1281 1225
4983 1464 1400
4984 837 990
4985 465 550
4986 1830 1750
4987 1098 1050
4988 1647 1575
4989 915 875
4990 186 220
4991 93 110
4992 651 770
4993 1464 1400
4994 930 1100
4995 1464 1400
4996 1464 1400
4997 1464 1400
4998 930 1100
4999 732 700
5000 651 770
