1000 263304 15_1000_1000_1353
1 144 144
2 204 204
3 522 522
4 348 346
5 252 251
6 744 743
7 741 739
8 219 217
9 186 184
10 825 824
11 387 385
12 378 377
13 126 125
14 552 552
15 225 225
16 714 714
17 801 800
18 369 368
19 12 12
20 792 791
21 93 91
22 174 173
23 846 846
24 111 110
25 972 971
26 654 652
27 660 658
28 933 933
29 564 564
30 816 814
31 768 767
32 408 406
33 678 678
34 6 5
35 783 781
36 573 571
37 819 819
38 399 397
39 522 520
40 315 313
41 159 158
42 717 715
43 741 739
44 411 409
45 309 308
46 795 793
47 759 758
48 12 10
49 87 86
50 369 367
51 561 561
52 417 416
53 750 749
54 525 523
55 759 758
56 273 272
57 582 580
58 714 714
59 756 754
60 825 825
61 666 666
62 621 620
63 261 259
64 531 531
65 669 668
66 477 475
67 243 243
68 459 459
69 390 390
70 804 803
71 843 843
72 333 333
73 396 395
74 387 387
75 384 384
76 594 592
77 489 488
78 843 843
79 363 362
80 15 13
81 759 757
82 645 644
83 225 223
84 528 528
85 723 723
86 435 434
87 693 692
88 318 317
89 807 806
90 276 276
91 990 988
92 459 459
93 141 139
94 708 706
95 150 150
96 726 724
97 525 523
98 582 582
99 810 810
100 84 82
101 774 774
102 492 491
103 534 532
104 420 419
105 99 97
106 426 425
107 978 976
108 303 302
109 450 448
110 552 550
111 612 611
112 996 996
113 219 219
114 453 453
115 912 912
116 24 23
117 54 53
118 885 883
119 504 504
120 93 93
121 369 367
122 612 612
123 282 280
124 534 533
125 594 593
126 12 10
127 864 862
128 489 488
129 699 697
130 87 86
131 324 324
132 321 321
133 348 346
134 141 140
135 21 19
136 966 965
137 576 574
138 828 827
139 258 257
140 228 227
141 630 628
142 915 914
143 27 27
144 870 869
145 132 130
146 870 868
147 300 299
148 765 765
149 12 10
150 174 172
151 618 618
152 570 568
153 810 809
154 915 913
155 504 502
156 351 350
157 171 171
158 516 515
159 246 245
160 327 327
161 66 64
162 603 603
163 585 584
164 513 511
165 756 754
166 729 727
167 531 529
168 738 738
169 405 404
170 867 867
171 516 516
172 864 864
173 909 908
174 657 656
175 225 225
176 924 922
177 810 809
178 648 648
179 705 704
180 876 874
181 909 909
182 945 943
183 315 315
184 951 951
185 756 755
186 252 251
187 687 687
188 831 830
189 90 89
190 39 37
191 162 162
192 993 993
193 432 431
194 120 118
195 696 694
196 468 467
197 774 774
198 915 914
199 636 636
200 276 274
201 378 378
202 264 263
203 954 954
204 741 740
205 600 600
206 528 526
207 669 669
208 354 353
209 216 216
210 915 913
211 375 375
212 561 559
213 819 819
214 204 203
215 747 745
216 888 888
217 501 501
218 915 915
219 555 553
220 189 189
221 84 83
222 696 696
223 69 69
224 480 478
225 792 790
226 519 517
227 558 558
228 903 903
229 6 6
230 615 614
231 39 38
232 831 829
233 18 16
234 570 569
235 555 553
236 438 438
237 408 408
238 111 110
239 648 647
240 540 540
241 360 359
242 81 79
243 666 664
244 747 746
245 558 557
246 864 864
247 750 750
248 933 933
249 264 263
250 543 543
251 246 246
252 717 715
253 123 122
254 708 708
255 966 966
256 33 31
257 663 661
258 339 338
259 456 456
260 867 866
261 501 499
262 852 852
263 117 117
264 891 891
265 750 750
266 114 112
267 741 739
268 297 296
269 837 837
270 15 15
271 441 439
272 396 394
273 39 38
274 114 114
275 243 243
276 573 573
277 933 932
278 246 246
279 753 753
280 156 156
281 891 889
282 585 585
283 279 277
284 330 329
285 438 436
286 852 850
287 318 318
288 27 26
289 462 461
290 420 420
291 957 956
292 150 149
293 213 211
294 612 611
295 357 355
296 366 364
297 318 316
298 318 316
299 777 775
300 603 601
301 735 733
302 681 681
303 288 286
304 453 451
305 429 429
306 597 595
307 882 880
308 600 598
309 255 254
310 141 141
311 348 346
312 792 791
313 933 932
314 960 959
315 552 550
316 534 533
317 651 651
318 312 312
319 123 123
320 810 809
321 78 76
322 771 771
323 669 667
324 495 494
325 873 872
326 60 58
327 15 15
328 201 201
329 765 763
330 654 653
331 78 77
332 114 113
333 930 930
334 213 212
335 618 618
336 816 815
337 6 5
338 489 488
339 648 648
340 120 119
341 357 357
342 144 142
343 363 361
344 615 613
345 183 182
346 339 339
347 369 369
348 339 337
349 639 638
350 642 640
351 255 255
352 741 739
353 708 707
354 159 159
355 438 436
356 774 774
357 618 617
358 333 331
359 27 25
360 114 112
361 258 257
362 957 956
363 903 901
364 498 496
365 444 443
366 657 656
367 501 501
368 255 255
369 942 940
370 684 683
371 522 522
372 561 559
373 336 336
374 528 527
375 687 686
376 870 870
377 921 921
378 990 988
379 342 342
380 252 252
381 582 581
382 873 873
383 114 112
384 504 504
385 915 915
386 450 448
387 111 110
388 432 430
389 672 670
390 231 229
391 195 194
392 732 731
393 330 328
394 489 487
395 888 887
396 903 903
397 402 400
398 255 253
399 744 742
400 81 81
401 861 860
402 594 594
403 654 653
404 552 550
405 687 687
406 714 714
407 753 753
408 141 139
409 333 331
410 219 218
411 213 213
412 279 277
413 546 544
414 549 547
415 729 728
416 345 344
417 987 987
418 960 958
419 621 619
420 876 876
421 753 751
422 474 472
423 912 912
424 387 385
425 849 847
426 969 968
427 108 108
428 933 932
429 714 713
430 60 60
431 564 564
432 129 127
433 420 420
434 927 927
435 612 611
436 261 260
437 171 170
438 783 781
439 588 586
440 258 258
441 816 814
442 54 53
443 240 239
444 966 966
445 63 63
446 423 422
447 6 6
448 243 243
449 165 163
450 36 34
451 18 18
452 603 602
453 396 396
454 222 221
455 900 900
456 195 194
457 390 390
458 45 45
459 843 842
460 99 97
461 183 182
462 501 500
463 729 729
464 984 984
465 285 284
466 51 49
467 420 419
468 594 594
469 234 233
470 636 634
471 60 58
472 588 588
473 42 41
474 159 157
475 603 602
476 753 751
477 651 650
478 195 194
479 300 298
480 219 217
481 477 475
482 228 226
483 876 875
484 216 215
485 726 725
486 564 562
487 327 327
488 318 318
489 102 101
490 624 624
491 156 155
492 957 956
493 345 343
494 573 572
495 495 493
496 267 267
497 717 716
498 282 280
499 567 565
500 288 286
501 996 996
502 354 352
503 816 816
504 12 10
505 924 924
506 675 675
507 561 560
508 423 422
509 450 449
510 807 807
511 708 708
512 795 794
513 852 851
514 336 336
515 606 606
516 717 715
517 939 939
518 153 153
519 192 192
520 879 877
521 228 228
522 921 920
523 735 733
524 351 351
525 342 341
526 990 990
527 255 254
528 978 978
529 492 492
530 444 444
531 330 330
532 396 394
533 444 444
534 936 935
535 717 715
536 948 947
537 666 664
538 390 389
539 330 328
540 636 636
541 861 861
542 399 397
543 366 365
544 423 423
545 75 75
546 771 770
547 36 36
548 903 902
549 726 724
550 234 232
551 159 159
552 321 319
553 756 755
554 909 909
555 108 106
556 363 361
557 360 358
558 393 393
559 231 229
560 885 884
561 429 428
562 576 574
563 561 560
564 453 453
565 639 639
566 777 776
567 573 573
568 303 303
569 483 483
570 687 685
571 756 754
572 867 866
573 189 188
574 615 613
575 27 27
576 15 15
577 717 716
578 819 818
579 501 499
580 993 993
581 468 466
582 738 737
583 468 468
584 279 277
585 819 819
586 912 911
587 249 249
588 474 474
589 966 964
590 717 717
591 981 979
592 522 522
593 246 245
594 102 100
595 123 121
596 552 550
597 447 447
598 225 225
599 717 717
600 255 254
601 855 854
602 474 473
603 438 438
604 432 430
605 978 976
606 846 846
607 648 648
608 51 49
609 669 668
610 369 367
611 933 933
612 738 738
613 774 772
614 435 435
615 297 295
616 702 701
617 810 810
618 273 271
619 570 570
620 612 610
621 663 662
622 996 994
623 312 310
624 588 586
625 30 29
626 681 680
627 309 307
628 552 551
629 459 459
630 597 596
631 621 620
632 714 712
633 708 706
634 93 91
635 174 172
636 978 978
637 834 832
638 321 319
639 99 99
640 480 479
641 150 149
642 468 466
643 801 800
644 573 571
645 321 321
646 678 678
647 489 488
648 195 193
649 972 970
650 651 651
651 456 454
652 522 522
653 117 116
654 138 137
655 576 576
656 519 517
657 39 38
658 747 745
659 657 656
660 456 456
661 3 3
662 552 551
663 624 624
664 645 645
665 822 822
666 348 346
667 534 532
668 639 637
669 348 348
670 204 202
671 909 907
672 306 304
673 765 765
674 219 217
675 414 414
676 603 602
677 867 867
678 252 250
679 753 751
680 720 720
681 426 426
682 303 301
683 12 11
684 936 936
685 231 230
686 504 504
687 753 752
688 69 68
689 759 759
690 375 374
691 591 591
692 39 39
693 543 543
694 582 580
695 348 346
696 309 309
697 636 634
698 942 942
699 198 198
700 969 967
701 636 636
702 168 166
703 516 514
704 471 469
705 744 742
706 702 701
707 576 574
708 186 185
709 147 146
710 297 296
711 558 557
712 714 714
713 444 442
714 468 467
715 507 506
716 135 134
717 141 140
718 330 329
719 912 910
720 303 302
721 114 112
722 915 913
723 705 704
724 390 389
725 807 807
726 267 266
727 693 691
728 450 449
729 336 334
730 945 944
731 75 75
732 48 48
733 186 184
734 675 675
735 423 423
736 150 148
737 408 407
738 513 511
739 528 528
740 792 791
741 756 756
742 750 750
743 801 800
744 321 319
745 690 690
746 840 839
747 582 580
748 324 322
749 471 470
750 699 698
751 420 418
752 804 803
753 873 873
754 963 961
755 933 931
756 75 75
757 420 420
758 882 881
759 609 609
760 648 648
761 843 842
762 486 486
763 378 378
764 201 200
765 162 161
766 372 370
767 453 451
768 120 118
769 297 296
770 141 141
771 678 676
772 804 804
773 954 954
774 39 38
775 243 242
776 960 959
777 732 730
778 840 840
779 201 200
780 927 926
781 909 909
782 213 213
783 702 700
784 684 683
785 51 50
786 225 223
787 360 360
788 447 447
789 444 444
790 891 889
791 351 350
792 114 113
793 207 206
794 363 362
795 930 930
796 546 544
797 447 445
798 177 177
799 828 828
800 333 332
801 468 466
802 651 649
803 651 651
804 114 112
805 711 709
806 624 622
807 690 690
808 114 114
809 402 402
810 192 190
811 654 654
812 897 897
813 177 175
814 387 385
815 855 853
816 78 78
817 597 595
818 675 673
819 474 472
820 156 155
821 603 601
822 603 602
823 99 97
824 150 150
825 987 986
826 147 146
827 135 133
828 303 302
829 519 518
830 282 282
831 93 91
832 702 700
833 420 419
834 924 922
835 69 67
836 780 779
837 909 907
838 642 640
839 561 560
840 714 713
841 132 131
842 27 25
843 678 678
844 477 475
845 480 478
846 822 822
847 171 171
848 276 276
849 438 437
850 882 881
851 882 881
852 48 46
853 633 633
854 270 268
855 987 986
856 360 358
857 423 423
858 720 720
859 732 730
860 429 428
861 852 851
862 597 595
863 417 417
864 849 848
865 951 949
866 105 104
867 558 558
868 168 166
869 942 942
870 924 923
871 534 532
872 84 82
873 141 139
874 987 986
875 90 88
876 972 972
877 714 713
878 804 804
879 705 704
880 39 37
881 126 126
882 645 645
883 351 349
884 264 264
885 591 590
886 609 608
887 570 569
888 450 449
889 108 107
890 573 571
891 954 954
892 489 489
893 732 732
894 663 662
895 813 813
896 369 367
897 480 478
898 453 451
899 51 51
900 423 423
901 501 501
902 48 47
903 696 694
904 519 519
905 285 284
906 159 159
907 918 916
908 63 61
909 984 984
910 348 348
911 603 603
912 252 250
913 696 696
914 201 199
915 405 403
916 795 793
917 183 183
918 558 557
919 360 359
920 456 455
921 921 920
922 732 731
923 411 411
924 765 765
925 483 481
926 252 250
927 744 742
928 801 801
929 546 544
930 582 580
931 498 497
932 90 88
933 513 512
934 645 644
935 672 671
936 360 359
937 447 445
938 51 50
939 219 218
940 30 28
941 387 387
942 549 548
943 501 500
944 369 369
945 834 834
946 24 22
947 171 171
948 153 153
949 132 132
950 444 442
951 171 170
952 129 129
953 582 581
954 258 256
955 816 814
956 609 608
957 987 986
958 783 783
959 846 846
960 432 430
961 204 202
962 387 385
963 51 50
964 105 104
965 873 871
966 867 867
967 183 181
968 372 370
969 831 829
970 585 585
971 444 443
972 651 651
973 651 650
974 822 822
975 981 979
976 309 308
977 156 156
978 516 514
979 126 125
980 642 640
981 645 645
982 906 905
983 732 732
984 621 621
985 3 2
986 156 154
987 285 284
988 66 66
989 969 967
990 462 461
991 333 332
992 615 614
993 981 980
994 582 580
995 78 77
996 591 591
997 564 563
998 930 930
999 459 458
1000 114 112
