5000 575396 16_5000_1000_223
1 786 385
2 1113 901
3 1123 923
4 1140 963
5 607 220
6 878 496
7 1120 916
8 133 10
9 268 41
10 707 305
11 572 194
12 537 170
13 103 6
14 920 553
15 1071 810
16 932 571
17 925 561
18 936 577
19 851 461
20 1010 696
21 607 220
22 1000 678
23 1074 815
24 859 471
25 490 140
26 649 253
27 342 67
28 1144 974
29 1099 869
30 913 543
31 896 520
32 930 567
33 310 55
34 929 566
35 506 150
36 881 500
37 251 36
38 531 166
39 1090 849
40 1123 922
41 884 503
42 1137 956
43 1099 868
44 1047 762
45 1065 797
46 1059 786
47 453 119
48 248 35
49 714 311
50 747 344
51 691 290
52 410 97
53 950 598
54 1146 980
55 907 535
56 1115 905
57 94 5
58 460 123
59 875 491
60 605 218
61 1120 915
62 804 405
63 1035 740
64 887 508
65 928 565
66 774 372
67 881 500
68 145 12
69 826 431
70 1064 796
71 1056 780
72 1057 782
73 1133 948
74 1113 900
75 952 601
76 1126 929
77 1011 697
78 1068 804
79 758 355
80 819 422
81 1114 902
82 797 397
83 987 656
84 732 329
85 1039 748
86 1008 691
87 1150 989
88 386 86
89 568 191
90 797 397
91 629 237
92 675 276
93 944 588
94 823 427
95 388 87
96 1084 837
97 751 348
98 1053 775
99 1017 707
100 893 515
101 1093 855
102 774 372
103 970 629
104 944 588
105 822 426
106 1002 682
107 756 353
108 896 519
109 952 601
110 233 31
111 145 12
112 255 37
113 857 468
114 1053 774
115 1136 953
116 689 288
117 1153 998
118 564 188
119 867 481
120 349 70
121 962 616
122 151 13
123 903 529
124 1141 966
125 655 258
126 342 67
127 579 199
128 1033 737
129 1105 882
130 777 375
131 790 389
132 1083 834
133 927 563
134 1120 917
135 528 164
136 1131 942
137 1037 743
138 1140 964
139 1101 874
140 975 636
141 760 357
142 1008 691
143 863 476
144 1077 822
145 1149 987
146 255 37
147 970 628
148 1027 726
149 585 203
150 900 525
151 460 123
152 1002 681
153 998 674
154 458 122
155 913 543
156 762 359
157 1080 828
158 1106 884
159 877 494
160 840 448
161 764 361
162 675 276
163 548 177
164 952 600
165 830 435
166 1097 864
167 59 2
168 1076 819
169 728 325
170 1004 684
171 304 53
172 952 601
173 711 309
174 1029 729
175 1126 930
176 414 99
177 842 450
178 828 433
179 471 129
180 321 59
181 1117 910
182 265 40
183 628 236
184 739 336
185 476 132
186 528 164
187 662 264
188 1089 847
189 673 274
190 966 622
191 299 51
192 1012 698
193 662 264
194 951 599
195 951 599
196 1099 868
197 632 239
198 932 571
199 851 461
200 656 259
201 849 459
202 613 224
203 795 395
204 760 357
205 548 177
206 545 175
207 753 350
208 412 98
209 1086 841
210 932 570
211 908 536
212 496 144
213 462 124
214 575 196
215 765 362
216 560 185
217 1085 838
218 1035 740
219 339 66
220 329 62
221 1035 740
222 1122 921
223 1085 838
224 601 215
225 1138 959
226 349 70
227 791 391
228 982 648
229 846 455
230 1014 703
231 935 575
232 1027 726
233 891 513
234 412 98
235 561 186
236 956 607
237 1025 721
238 1085 839
239 1132 944
240 900 525
241 872 488
242 755 352
243 732 329
244 1064 795
245 640 246
246 952 601
247 1032 735
248 745 342
249 840 448
250 840 448
251 746 343
252 447 116
253 989 659
254 1147 981
255 467 127
256 1125 928
257 1128 934
258 766 363
259 958 609
260 683 283
261 817 420
262 1004 685
263 543 174
264 928 564
265 453 119
266 983 649
267 1068 804
268 848 457
269 1117 910
270 581 200
271 592 208
272 218 27
273 930 567
274 627 235
275 954 604
276 506 150
277 192 21
278 730 327
279 855 466
280 1031 733
281 339 66
282 801 402
283 721 318
284 978 642
285 720 317
286 1039 747
287 641 247
288 636 243
289 1147 982
290 1069 805
291 985 653
292 519 158
293 965 620
294 647 252
295 1026 724
296 906 533
297 517 157
298 1117 909
299 1074 816
300 717 314
301 753 350
302 968 626
303 951 599
304 540 172
305 1100 870
306 975 636
307 716 313
308 111 7
309 1010 695
310 1121 918
311 1109 891
312 408 96
313 1004 685
314 1082 832
315 1062 791
316 1141 966
317 416 100
318 1148 985
319 810 412
320 909 538
321 990 661
322 1110 892
323 1117 908
324 714 311
325 471 129
326 964 619
327 941 584
328 1063 794
329 899 524
330 349 70
331 1131 942
332 808 410
333 683 283
334 1065 797
335 321 59
336 792 392
337 1134 950
338 707 305
339 1136 953
340 1138 960
341 1005 686
342 162 15
343 904 530
344 1049 766
345 981 647
346 824 428
347 359 74
348 605 218
349 1151 991
350 897 521
351 763 360
352 1091 852
353 490 140
354 623 232
355 1153 997
356 590 207
357 655 258
358 222 28
359 178 18
360 1119 913
361 1105 882
362 609 221
363 403 94
364 861 473
365 476 132
366 973 633
367 934 574
368 1086 840
369 950 597
370 1143 972
371 1146 979
372 205 24
373 997 673
374 982 648
375 769 367
376 878 495
377 780 378
378 811 413
379 201 23
380 999 677
381 940 582
382 1119 914
383 1016 705
384 1115 905
385 759 356
386 861 473
387 1135 951
388 1128 935
389 611 223
390 1144 974
391 1126 931
392 1031 732
393 1139 961
394 977 640
395 890 512
396 1054 776
397 484 137
398 986 654
399 1074 815
400 1094 858
401 1073 813
402 910 539
403 776 374
404 865 479
405 785 384
406 974 635
407 537 170
408 766 364
409 657 260
410 1047 763
411 1036 742
412 805 406
413 1011 697
414 735 332
415 293 49
416 724 321
417 928 564
418 467 127
419 863 476
420 1065 797
421 1145 976
422 1126 929
423 800 401
424 377 82
425 1054 776
426 1020 713
427 934 573
428 255 37
429 1142 970
430 831 437
431 609 221
432 957 608
433 934 573
434 581 200
435 476 132
436 1031 733
437 606 219
438 845 454
439 1017 707
440 1079 827
441 568 191
442 1073 814
443 834 440
444 481 135
445 972 632
446 754 351
447 890 511
448 810 412
449 1031 732
450 998 675
451 802 403
452 683 283
453 975 637
454 1069 806
455 911 541
456 692 291
457 422 103
458 798 398
459 596 211
460 948 594
461 568 191
462 255 37
463 458 122
464 1050 769
465 598 213
466 1071 810
467 803 404
468 742 339
469 1094 858
470 809 411
471 1109 891
472 1009 693
473 741 338
474 1110 894
475 954 603
476 334 64
477 989 659
478 984 651
479 709 307
480 682 282
481 597 212
482 514 155
483 869 484
484 633 240
485 1117 910
486 1034 739
487 662 264
488 1028 727
489 1128 934
490 1119 913
491 1035 740
492 767 365
493 1037 744
494 728 325
495 1150 990
496 938 580
497 192 21
498 548 177
499 1096 862
500 966 623
501 94 5
502 1148 985
503 807 409
504 802 403
505 1073 813
506 1072 812
507 1033 737
508 1041 751
509 733 330
510 290 48
511 851 461
512 380 83
513 647 252
514 885 505
515 924 559
516 1140 964
517 684 284
518 874 490
519 920 553
520 157 14
521 990 661
522 1059 785
523 923 558
524 770 368
525 1107 886
526 632 239
527 388 87
528 1056 779
529 838 445
530 1117 909
531 596 211
532 627 235
533 1127 933
534 1125 928
535 1095 860
536 628 236
537 1139 961
538 713 310
539 337 65
540 965 621
541 889 510
542 1114 902
543 961 614
544 982 648
545 145 12
546 726 323
547 1127 933
548 579 199
549 999 677
550 1151 993
551 896 520
552 522 160
553 857 468
554 986 654
555 397 91
556 842 450
557 924 559
558 978 642
559 1088 846
560 894 517
561 965 621
562 940 583
563 1054 777
564 1018 710
565 1128 936
566 241 33
567 1040 750
568 1135 952
569 586 204
570 386 86
571 1034 739
572 665 267
573 923 557
574 1061 790
575 399 92
576 967 624
577 1031 733
578 1003 683
579 344 68
580 428 106
581 321 59
582 1129 938
583 1036 741
584 1134 950
585 975 636
586 1093 856
587 1142 970
588 1098 867
589 790 389
590 420 102
591 1039 748
592 989 659
593 1153 998
594 811 413
595 1116 906
596 201 23
597 853 464
598 296 50
599 1065 798
600 688 287
601 890 511
602 815 418
603 991 663
604 467 127
605 1054 777
606 730 327
607 1020 713
608 855 466
609 677 277
610 992 664
611 783 382
612 780 379
613 728 325
614 1088 844
615 483 136
616 640 246
617 430 107
618 747 344
619 1116 907
620 709 307
621 1151 991
622 539 171
623 1045 759
624 1126 931
625 678 278
626 914 545
627 719 316
628 1006 688
629 796 396
630 1009 693
631 894 517
632 707 305
633 989 659
634 954 604
635 619 229
636 964 619
637 1108 889
638 715 312
639 666 268
640 522 160
641 630 238
642 1039 747
643 441 113
644 1039 748
645 1034 738
646 438 111
647 634 241
648 1067 802
649 964 619
650 503 148
651 632 239
652 1152 995
653 491 141
654 1007 690
655 511 153
656 1069 806
657 1037 743
658 645 250
659 779 377
660 699 297
661 693 292
662 205 24
663 978 641
664 555 182
665 679 279
666 1047 763
667 995 669
668 976 638
669 911 541
670 488 139
671 837 444
672 835 441
673 1110 894
674 615 226
675 310 55
676 927 563
677 684 284
678 674 275
679 1093 856
680 498 145
681 397 91
682 1053 774
683 1031 732
684 821 425
685 1066 799
686 1108 889
687 1050 769
688 818 421
689 652 256
690 406 95
691 689 288
692 1122 920
693 919 552
694 975 637
695 904 531
696 1032 734
697 701 299
698 1118 911
699 961 615
700 930 568
701 711 309
702 806 407
703 1136 955
704 1128 934
705 1062 791
706 995 670
707 1085 839
708 1079 826
709 974 635
710 1105 881
711 1061 790
712 596 211
713 1008 691
714 1084 836
715 954 603
716 981 647
717 598 213
718 1126 930
719 641 247
720 533 167
721 42 1
722 594 210
723 1078 825
724 630 238
725 1086 840
726 849 459
727 364 76
728 886 506
729 310 55
730 867 481
731 970 628
732 582 201
733 1033 737
734 844 452
735 534 168
736 491 141
737 972 632
738 1070 808
739 1059 785
740 1135 952
741 728 325
742 961 615
743 1002 681
744 755 352
745 627 235
746 739 336
747 504 149
748 974 635
749 1049 767
750 1079 827
751 539 171
752 710 308
753 561 186
754 787 386
755 1153 996
756 447 116
757 990 661
758 932 570
759 998 674
760 1011 697
761 773 371
762 601 215
763 899 523
764 241 33
765 428 106
766 1087 843
767 810 412
768 1125 927
769 1122 921
770 1144 974
771 1052 773
772 1120 917
773 916 547
774 951 599
775 734 331
776 1089 848
777 1056 779
778 126 9
779 942 585
780 976 639
781 589 206
782 1014 702
783 1080 829
784 796 396
785 830 435
786 853 464
787 356 73
788 581 200
789 347 69
790 822 426
791 660 263
792 1139 962
793 833 439
794 932 571
795 1056 779
796 952 601
797 307 54
798 377 82
799 911 541
800 609 221
801 397 91
802 1021 714
803 965 620
804 1115 905
805 883 502
806 799 399
807 692 291
808 248 35
809 1021 715
810 632 239
811 590 207
812 214 26
813 334 64
814 1152 994
815 906 534
816 1085 839
817 1026 724
818 1116 906
819 958 609
820 222 28
821 717 314
822 501 147
823 815 418
824 533 167
825 718 315
826 1060 787
827 420 102
828 641 247
829 859 471
830 616 227
831 647 252
832 720 317
833 1140 964
834 1012 699
835 145 12
836 607 220
837 989 660
838 920 553
839 1139 961
840 801 402
841 657 260
842 861 474
843 310 55
844 1068 804
845 651 255
846 907 535
847 503 148
848 767 365
849 986 654
850 1051 770
851 801 402
852 406 95
853 822 426
854 999 677
855 1140 963
856 453 119
857 391 88
858 807 409
859 910 539
860 744 341
861 693 292
862 447 116
863 1129 938
864 897 521
865 103 6
866 963 617
867 813 415
868 611 223
869 310 55
870 1130 940
871 857 469
872 474 131
873 1084 836
874 994 667
875 1112 897
876 804 405
877 486 138
878 1106 885
879 1129 937
880 761 358
881 1066 799
882 745 342
883 745 342
884 1086 841
885 791 391
886 484 137
887 572 194
888 1002 682
889 575 196
890 905 532
891 1123 923
892 673 274
893 888 509
894 896 519
895 901 526
896 1070 808
897 991 663
898 516 156
899 1106 884
900 706 304
901 1114 902
902 633 240
903 946 591
904 996 672
905 1065 797
906 1122 920
907 767 365
908 966 622
909 614 225
910 619 229
911 1120 916
912 1064 795
913 891 513
914 747 344
915 382 84
916 874 490
917 1066 800
918 929 566
919 992 664
920 509 152
921 771 369
922 586 204
923 1099 868
924 791 390
925 921 554
926 474 131
927 1151 991
928 1042 754
929 1063 793
930 1052 773
931 880 498
932 983 649
933 814 417
934 478 133
935 1151 992
936 1122 920
937 610 222
938 1012 699
939 899 523
940 598 213
941 774 372
942 694 293
943 685 285
944 849 458
945 514 155
946 406 95
947 905 532
948 926 562
949 151 13
950 742 339
951 938 579
952 1030 730
953 858 470
954 879 497
955 738 335
956 891 513
957 823 427
958 952 600
959 913 543
960 1141 967
961 1079 827
962 1090 850
963 910 539
964 835 441
965 827 432
966 899 524
967 1057 782
968 1091 851
969 1073 814
970 948 594
971 863 476
972 994 668
973 1021 715
974 769 367
975 875 492
976 980 645
977 1022 717
978 823 427
979 1150 990
980 1108 889
981 858 470
982 1090 850
983 1018 709
984 1081 830
985 1140 963
986 998 675
987 1069 805
988 527 163
989 652 256
990 1153 998
991 649 253
992 913 543
993 960 613
994 944 589
995 1092 854
996 408 96
997 893 516
998 998 675
999 943 587
1000 548 177
1001 1077 823
1002 453 119
1003 981 647
1004 268 41
1005 737 334
1006 973 633
1007 571 193
1008 959 611
1009 1049 767
1010 490 140
1011 1047 762
1012 1135 952
1013 875 492
1014 271 42
1015 766 364
1016 783 382
1017 1104 880
1018 501 147
1019 990 661
1020 251 36
1021 1112 897
1022 1027 725
1023 133 10
1024 1143 971
1025 611 223
1026 278 44
1027 666 268
1028 981 646
1029 445 115
1030 1091 851
1031 1099 869
1032 1119 914
1033 936 577
1034 699 297
1035 780 379
1036 912 542
1037 157 14
1038 864 477
1039 1113 900
1040 416 100
1041 1050 769
1042 787 386
1043 558 184
1044 1053 774
1045 326 61
1046 1120 915
1047 1025 722
1048 653 257
1049 851 461
1050 846 455
1051 912 542
1052 1120 916
1053 777 375
1054 845 454
1055 1031 732
1056 1046 761
1057 1094 857
1058 484 137
1059 646 251
1060 397 91
1061 961 615
1062 970 629
1063 901 526
1064 1069 806
1065 855 466
1066 972 632
1067 741 338
1068 1059 786
1069 375 81
1070 978 642
1071 1018 709
1072 962 616
1073 251 36
1074 639 245
1075 1010 696
1076 998 674
1077 1149 987
1078 944 589
1079 737 334
1080 791 391
1081 73 3
1082 441 113
1083 921 554
1084 1123 924
1085 706 304
1086 508 151
1087 399 92
1088 627 235
1089 1106 884
1090 606 219
1091 222 28
1092 769 367
1093 640 246
1094 1050 768
1095 790 389
1096 1023 718
1097 709 307
1098 447 116
1099 616 227
1100 995 669
1101 748 345
1102 706 304
1103 1052 773
1104 769 367
1105 678 278
1106 745 342
1107 1152 995
1108 284 46
1109 1031 733
1110 973 633
1111 237 32
1112 1066 800
1113 723 320
1114 762 359
1115 1089 848
1116 874 490
1117 420 102
1118 1139 962
1119 959 611
1120 671 272
1121 1096 862
1122 655 258
1123 715 312
1124 856 467
1125 214 26
1126 1130 940
1127 978 642
1128 623 232
1129 1092 853
1130 368 78
1131 819 422
1132 1148 983
1133 804 405
1134 313 56
1135 880 498
1136 903 529
1137 1033 737
1138 1083 835
1139 1037 744
1140 1126 929
1141 749 346
1142 950 597
1143 408 96
1144 899 524
1145 157 14
1146 856 467
1147 914 545
1148 952 600
1149 1010 696
1150 1131 942
1151 919 552
1152 930 568
1153 316 57
1154 687 286
1155 1103 878
1156 1103 877
1157 780 378
1158 471 129
1159 882 501
1160 1124 926
1161 730 327
1162 1052 772
1163 1072 811
1164 936 577
1165 1076 820
1166 1118 912
1167 1138 958
1168 651 255
1169 585 203
1170 729 326
1171 832 438
1172 1140 963
1173 984 652
1174 616 227
1175 883 502
1176 701 299
1177 527 163
1178 1088 844
1179 1113 899
1180 629 237
1181 403 94
1182 615 226
1183 1059 786
1184 1120 915
1185 416 100
1186 946 591
1187 1131 942
1188 1151 991
1189 103 6
1190 1107 887
1191 520 159
1192 388 87
1193 439 112
1194 698 296
1195 1113 899
1196 1063 793
1197 1086 841
1198 1020 713
1199 884 504
1200 1045 759
1201 729 326
1202 1092 854
1203 981 647
1204 490 140
1205 1075 818
1206 1075 818
1207 514 155
1208 1113 901
1209 861 473
1210 1129 938
1211 1041 751
1212 1148 985
1213 237 32
1214 558 184
1215 606 219
1216 1006 689
1217 890 511
1218 519 158
1219 406 95
1220 957 608
1221 1040 750
1222 659 262
1223 901 526
1224 1072 811
1225 1047 762
1226 1154 1000
1227 1127 932
1228 748 345
1229 410 97
1230 710 308
1231 313 56
1232 1120 915
1233 1071 809
1234 836 443
1235 1012 698
1236 1103 877
1237 366 77
1238 1086 841
1239 711 309
1240 1106 883
1241 233 31
1242 971 630
1243 805 406
1244 447 116
1245 1023 718
1246 1046 760
1247 549 178
1248 1112 898
1249 635 242
1250 732 329
1251 1095 860
1252 534 168
1253 443 114
1254 453 119
1255 447 116
1256 645 250
1257 1095 860
1258 687 286
1259 1024 720
1260 1037 743
1261 598 213
1262 866 480
1263 567 190
1264 1042 754
1265 1110 892
1266 1124 925
1267 1066 799
1268 751 348
1269 984 651
1270 948 594
1271 1005 686
1272 397 91
1273 255 37
1274 157 14
1275 162 15
1276 768 366
1277 914 545
1278 884 504
1279 770 368
1280 1062 791
1281 366 77
1282 1139 962
1283 921 554
1284 568 191
1285 321 59
1286 633 240
1287 957 608
1288 552 180
1289 1092 854
1290 644 249
1291 1128 934
1292 629 237
1293 965 621
1294 647 252
1295 915 546
1296 1130 940
1297 722 319
1298 1088 844
1299 579 199
1300 1146 979
1301 811 413
1302 694 293
1303 151 13
1304 901 527
1305 1004 684
1306 1095 860
1307 973 633
1308 1033 736
1309 1049 767
1310 1006 689
1311 726 323
1312 871 486
1313 1154 1000
1314 373 80
1315 1142 970
1316 1099 869
1317 1014 703
1318 979 643
1319 879 497
1320 867 481
1321 793 393
1322 471 129
1323 1096 862
1324 815 418
1325 978 642
1326 296 50
1327 923 557
1328 268 41
1329 1043 755
1330 1122 921
1331 1054 776
1332 952 601
1333 975 636
1334 1086 840
1335 993 666
1336 403 94
1337 318 58
1338 1121 918
1339 776 374
1340 919 552
1341 973 634
1342 675 276
1343 949 596
1344 316 57
1345 139 11
1346 1064 795
1347 990 661
1348 500 146
1349 1132 944
1350 1005 687
1351 1112 897
1352 1079 826
1353 1034 739
1354 1134 950
1355 820 424
1356 1036 742
1357 1106 883
1358 456 121
1359 1095 861
1360 1129 937
1361 531 166
1362 472 130
1363 831 436
1364 1103 877
1365 859 471
1366 416 100
1367 255 37
1368 972 632
1369 581 200
1370 1117 910
1371 685 285
1372 265 40
1373 983 649
1374 233 31
1375 789 388
1376 1005 687
1377 826 431
1378 830 435
1379 571 193
1380 1028 727
1381 970 629
1382 928 564
1383 119 8
1384 677 277
1385 687 286
1386 1063 793
1387 516 156
1388 880 498
1389 1062 792
1390 1101 874
1391 727 324
1392 928 565
1393 815 418
1394 903 529
1395 441 113
1396 942 585
1397 543 174
1398 1087 842
1399 753 350
1400 1031 733
1401 557 183
1402 766 363
1403 832 438
1404 1093 855
1405 856 467
1406 875 492
1407 583 202
1408 896 519
1409 1109 890
1410 1010 696
1411 962 616
1412 673 274
1413 753 350
1414 978 642
1415 251 36
1416 1095 860
1417 967 624
1418 1062 792
1419 801 402
1420 959 612
1421 860 472
1422 862 475
1423 1097 865
1424 248 35
1425 906 533
1426 965 620
1427 800 401
1428 845 453
1429 1046 761
1430 558 184
1431 1065 797
1432 811 413
1433 976 638
1434 767 365
1435 615 226
1436 694 293
1437 1007 690
1438 500 146
1439 94 5
1440 1152 995
1441 981 646
1442 909 538
1443 560 185
1444 1048 765
1445 881 499
1446 821 425
1447 1088 846
1448 258 38
1449 299 51
1450 1013 701
1451 339 66
1452 838 445
1453 1077 822
1454 990 661
1455 84 4
1456 1027 725
1457 1075 817
1458 760 357
1459 780 379
1460 201 23
1461 439 112
1462 820 424
1463 979 643
1464 1151 993
1465 990 661
1466 618 228
1467 670 271
1468 868 482
1469 687 286
1470 672 273
1471 986 655
1472 974 635
1473 926 562
1474 1071 810
1475 84 4
1476 1010 695
1477 863 476
1478 821 425
1479 1074 815
1480 802 403
1481 1100 870
1482 329 62
1483 790 389
1484 1138 958
1485 1100 871
1486 604 217
1487 1124 925
1488 426 105
1489 864 477
1490 606 219
1491 1019 711
1492 1028 728
1493 1039 747
1494 571 193
1495 465 126
1496 696 295
1497 933 572
1498 454 120
1499 956 607
1500 543 174
1501 1065 797
1502 988 657
1503 1151 991
1504 782 381
1505 950 598
1506 871 486
1507 614 225
1508 1114 903
1509 968 625
1510 1109 891
1511 565 189
1512 674 275
1513 498 145
1514 639 245
1515 1075 817
1516 877 494
1517 743 340
1518 650 254
1519 1031 732
1520 814 417
1521 241 33
1522 1092 854
1523 703 301
1524 807 409
1525 1042 754
1526 606 219
1527 1148 984
1528 807 409
1529 943 587
1530 1116 906
1531 1046 760
1532 536 169
1533 1015 704
1534 488 139
1535 783 382
1536 998 674
1537 513 154
1538 952 600
1539 890 512
1540 467 127
1541 725 322
1542 923 557
1543 1051 770
1544 966 622
1545 302 52
1546 1033 737
1547 1115 904
1548 462 124
1549 888 509
1550 528 164
1551 410 97
1552 1120 916
1553 326 61
1554 1124 926
1555 728 325
1556 996 672
1557 1065 798
1558 713 310
1559 1010 696
1560 1134 950
1561 1042 754
1562 952 600
1563 751 348
1564 856 467
1565 1010 696
1566 960 613
1567 625 234
1568 1143 971
1569 878 495
1570 761 358
1571 548 177
1572 557 183
1573 1145 976
1574 582 201
1575 923 557
1576 869 484
1577 424 104
1578 1016 706
1579 441 113
1580 1063 794
1581 73 3
1582 1056 779
1583 975 636
1584 359 74
1585 1055 778
1586 618 228
1587 952 600
1588 696 295
1589 851 461
1590 549 178
1591 767 365
1592 304 53
1593 1094 857
1594 735 332
1595 412 98
1596 677 277
1597 656 259
1598 313 56
1599 552 180
1600 543 174
1601 1120 915
1602 988 658
1603 326 61
1604 1009 693
1605 1012 698
1606 600 214
1607 1088 846
1608 819 422
1609 927 563
1610 1078 824
1611 869 484
1612 1111 895
1613 1027 725
1614 1091 851
1615 1061 790
1616 321 59
1617 991 662
1618 1014 702
1619 831 436
1620 629 237
1621 873 489
1622 814 416
1623 1090 849
1624 613 224
1625 814 417
1626 999 676
1627 1094 858
1628 1009 694
1629 1083 835
1630 1013 701
1631 760 357
1632 1065 797
1633 746 343
1634 665 267
1635 1059 786
1636 1094 858
1637 467 127
1638 251 36
1639 1013 701
1640 59 2
1641 956 607
1642 84 4
1643 1142 969
1644 980 644
1645 539 171
1646 675 276
1647 995 670
1648 755 352
1649 430 107
1650 877 494
1651 984 651
1652 244 34
1653 1136 953
1654 783 382
1655 528 164
1656 738 335
1657 860 472
1658 395 90
1659 586 204
1660 864 477
1661 1049 767
1662 1079 827
1663 810 412
1664 1096 863
1665 675 276
1666 673 274
1667 615 226
1668 1111 895
1669 897 521
1670 501 147
1671 937 578
1672 868 482
1673 1094 858
1674 1150 988
1675 930 568
1676 820 423
1677 1133 948
1678 1069 806
1679 321 59
1680 799 399
1681 1144 975
1682 1003 683
1683 869 484
1684 976 638
1685 923 557
1686 1018 710
1687 222 28
1688 1154 1000
1689 1074 816
1690 463 125
1691 604 217
1692 1117 908
1693 406 95
1694 855 466
1695 957 608
1696 869 484
1697 958 609
1698 1004 685
1699 684 284
1700 1034 739
1701 520 159
1702 1030 731
1703 1144 973
1704 619 229
1705 776 374
1706 998 674
1707 874 490
1708 973 633
1709 514 155
1710 842 450
1711 388 87
1712 855 466
1713 994 668
1714 887 508
1715 826 431
1716 897 521
1717 882 501
1718 991 662
1719 926 562
1720 607 220
1721 872 488
1722 1147 981
1723 924 559
1724 836 442
1725 1123 923
1726 822 426
1727 139 11
1728 1013 700
1729 798 398
1730 752 349
1731 354 72
1732 711 309
1733 993 666
1734 875 492
1735 896 519
1736 73 3
1737 808 410
1738 1048 764
1739 1099 869
1740 665 267
1741 347 69
1742 103 6
1743 1097 865
1744 807 408
1745 1119 913
1746 1008 691
1747 1008 692
1748 843 451
1749 1063 793
1750 534 168
1751 1111 895
1752 1048 764
1753 1132 944
1754 916 547
1755 914 544
1756 738 335
1757 248 35
1758 856 467
1759 540 172
1760 1104 880
1761 849 459
1762 574 195
1763 971 630
1764 679 279
1765 1024 720
1766 495 143
1767 1069 806
1768 1026 724
1769 1077 822
1770 727 324
1771 979 643
1772 1127 932
1773 856 467
1774 980 644
1775 536 169
1776 977 640
1777 704 302
1778 1024 720
1779 1079 827
1780 463 125
1781 1151 993
1782 1017 707
1783 787 386
1784 258 38
1785 962 616
1786 906 533
1787 673 274
1788 905 532
1789 1089 848
1790 790 389
1791 222 28
1792 1000 678
1793 814 416
1794 888 509
1795 610 222
1796 967 624
1797 178 18
1798 271 42
1799 145 12
1800 680 280
1801 133 10
1802 992 665
1803 583 202
1804 488 139
1805 782 381
1806 881 499
1807 1138 960
1808 881 500
1809 1116 907
1810 1042 753
1811 1031 732
1812 985 653
1813 805 406
1814 438 111
1815 1047 762
1816 759 356
1817 770 368
1818 1103 877
1819 907 535
1820 310 55
1821 1062 792
1822 498 145
1823 854 465
1824 924 559
1825 1022 717
1826 811 413
1827 623 232
1828 602 216
1829 524 161
1830 1096 863
1831 1086 840
1832 705 303
1833 956 606
1834 656 259
1835 789 388
1836 725 322
1837 1106 884
1838 636 243
1839 1153 996
1840 1003 683
1841 1151 993
1842 784 383
1843 453 119
1844 1057 781
1845 907 535
1846 736 333
1847 1075 817
1848 530 165
1849 1078 825
1850 891 513
1851 895 518
1852 868 482
1853 1065 797
1854 517 157
1855 1008 692
1856 278 44
1857 887 507
1858 993 666
1859 1150 989
1860 1033 736
1861 780 379
1862 304 53
1863 725 322
1864 594 210
1865 361 75
1866 513 154
1867 662 264
1868 1108 888
1869 1058 783
1870 516 156
1871 157 14
1872 825 430
1873 519 158
1874 766 363
1875 1140 965
1876 647 252
1877 596 211
1878 1021 715
1879 1023 718
1880 988 657
1881 1132 945
1882 916 547
1883 557 183
1884 1039 747
1885 832 438
1886 836 443
1887 791 390
1888 751 348
1889 896 520
1890 586 204
1891 361 75
1892 650 254
1893 1136 954
1894 222 28
1895 691 290
1896 1118 911
1897 738 335
1898 901 527
1899 284 46
1900 986 654
1901 619 229
1902 1014 702
1903 972 631
1904 1060 787
1905 540 172
1906 1083 835
1907 530 165
1908 787 386
1909 938 580
1910 978 642
1911 903 529
1912 763 360
1913 691 290
1914 583 202
1915 296 50
1916 503 148
1917 757 354
1918 848 457
1919 578 198
1920 422 103
1921 368 78
1922 1106 883
1923 1064 796
1924 1143 972
1925 811 413
1926 850 460
1927 1015 704
1928 602 216
1929 564 188
1930 424 104
1931 1014 703
1932 909 538
1933 558 184
1934 947 593
1935 1150 990
1936 726 323
1937 691 290
1938 1132 945
1939 519 158
1940 1032 735
1941 1151 993
1942 616 227
1943 299 51
1944 968 626
1945 765 362
1946 436 110
1947 919 552
1948 222 28
1949 899 523
1950 885 505
1951 975 636
1952 900 525
1953 1095 859
1954 872 488
1955 1089 847
1956 890 512
1957 552 180
1958 944 589
1959 911 541
1960 462 124
1961 807 409
1962 951 599
1963 634 241
1964 1048 765
1965 495 143
1966 1110 894
1967 1087 843
1968 1096 863
1969 722 319
1970 638 244
1971 808 410
1972 823 427
1973 443 114
1974 911 541
1975 525 162
1976 847 456
1977 299 51
1978 1089 847
1979 632 239
1980 1087 843
1981 498 145
1982 59 2
1983 545 175
1984 918 550
1985 1025 721
1986 699 297
1987 145 12
1988 949 596
1989 641 247
1990 1037 743
1991 696 295
1992 1012 698
1993 805 406
1994 765 362
1995 1134 950
1996 1001 680
1997 701 299
1998 836 443
1999 995 670
2000 776 374
2001 703 301
2002 344 68
2003 1118 912
2004 754 351
2005 799 399
2006 469 128
2007 1058 784
2008 747 344
2009 503 148
2010 744 341
2011 958 609
2012 873 489
2013 395 90
2014 1018 709
2015 973 634
2016 749 346
2017 946 591
2018 1097 864
2019 766 363
2020 1070 807
2021 946 591
2022 458 122
2023 847 456
2024 478 133
2025 1030 731
2026 1079 827
2027 887 508
2028 1105 882
2029 673 274
2030 874 490
2031 940 583
2032 1104 880
2033 927 563
2034 1105 881
2035 373 80
2036 779 377
2037 1029 729
2038 84 4
2039 1039 747
2040 1039 748
2041 658 261
2042 624 233
2043 1110 892
2044 776 374
2045 201 23
2046 1074 816
2047 815 418
2048 525 162
2049 1099 869
2050 893 515
2051 1026 724
2052 393 89
2053 1055 778
2054 1062 791
2055 819 422
2056 958 610
2057 1118 912
2058 925 561
2059 980 645
2060 1071 810
2061 1044 757
2062 296 50
2063 230 30
2064 542 173
2065 855 466
2066 766 363
2067 875 491
2068 1116 907
2069 1134 950
2070 800 401
2071 1150 989
2072 749 346
2073 1096 863
2074 524 161
2075 983 650
2076 248 35
2077 1119 913
2078 324 60
2079 408 96
2080 954 604
2081 789 388
2082 989 660
2083 290 48
2084 271 42
2085 885 505
2086 1009 693
2087 596 211
2088 829 434
2089 649 253
2090 989 660
2091 908 536
2092 1016 706
2093 619 229
2094 989 659
2095 1047 763
2096 649 253
2097 739 336
2098 1149 986
2099 951 599
2100 781 380
2101 265 40
2102 907 535
2103 1084 837
2104 1004 684
2105 827 432
2106 568 191
2107 1034 738
2108 783 382
2109 783 382
2110 741 338
2111 810 412
2112 868 482
2113 1007 690
2114 983 650
2115 434 109
2116 910 539
2117 1144 973
2118 809 411
2119 877 494
2120 990 661
2121 1143 971
2122 1035 740
2123 449 117
2124 772 370
2125 952 601
2126 504 149
2127 352 71
2128 1070 808
2129 737 334
2130 972 631
2131 950 598
2132 1152 995
2133 1103 877
2134 976 638
2135 998 675
2136 992 665
2137 524 161
2138 835 441
2139 364 76
2140 1002 681
2141 424 104
2142 902 528
2143 833 439
2144 501 147
2145 936 577
2146 1140 965
2147 985 653
2148 645 250
2149 326 61
2150 816 419
2151 1053 775
2152 1099 868
2153 972 632
2154 886 506
2155 552 180
2156 1154 1000
2157 1104 880
2158 265 40
2159 732 329
2160 906 534
2161 1120 917
2162 1125 928
2163 768 366
2164 1152 994
2165 1104 879
2166 1032 735
2167 611 223
2168 653 257
2169 836 443
2170 536 169
2171 834 440
2172 1030 730
2173 519 158
2174 1010 696
2175 334 64
2176 600 214
2177 840 447
2178 151 13
2179 1141 966
2180 1002 681
2181 814 417
2182 954 604
2183 1023 719
2184 578 198
2185 451 118
2186 1068 804
2187 1040 749
2188 1057 781
2189 684 284
2190 222 28
2191 1132 944
2192 878 496
2193 684 284
2194 1045 759
2195 841 449
2196 1089 848
2197 911 541
2198 1138 960
2199 1094 858
2200 934 573
2201 1150 989
2202 971 630
2203 853 463
2204 361 75
2205 814 416
2206 835 441
2207 1118 911
2208 230 30
2209 961 614
2210 214 26
2211 1063 794
2212 971 630
2213 1097 865
2214 1151 991
2215 1146 980
2216 708 306
2217 863 476
2218 1110 892
2219 982 648
2220 828 433
2221 188 20
2222 655 258
2223 832 438
2224 1068 804
2225 880 498
2226 816 419
2227 906 534
2228 1081 830
2229 1135 951
2230 527 163
2231 861 474
2232 1149 987
2233 495 143
2234 265 40
2235 871 487
2236 1113 899
2237 197 22
2238 893 515
2239 856 467
2240 925 560
2241 1150 989
2242 838 445
2243 496 144
2244 1130 939
2245 720 317
2246 1139 962
2247 1104 879
2248 691 290
2249 898 522
2250 834 440
2251 531 166
2252 1061 789
2253 681 281
2254 1006 688
2255 1142 970
2256 965 620
2257 1101 873
2258 1130 940
2259 649 253
2260 664 266
2261 1121 918
2262 1128 935
2263 1006 688
2264 888 509
2265 624 233
2266 592 208
2267 841 449
2268 1016 706
2269 1111 896
2270 1045 758
2271 769 367
2272 1065 797
2273 528 164
2274 618 228
2275 996 672
2276 1107 887
2277 703 301
2278 620 230
2279 983 649
2280 281 45
2281 1015 704
2282 787 386
2283 1147 982
2284 853 464
2285 582 201
2286 373 80
2287 911 540
2288 705 303
2289 723 320
2290 1030 730
2291 479 134
2292 687 286
2293 872 488
2294 881 500
2295 326 61
2296 716 313
2297 1133 947
2298 188 20
2299 1117 910
2300 1119 913
2301 1037 743
2302 868 482
2303 792 392
2304 711 309
2305 893 515
2306 1050 769
2307 1139 962
2308 808 410
2309 1042 754
2310 1153 996
2311 897 521
2312 1056 780
2313 1128 934
2314 614 225
2315 762 359
2316 583 202
2317 999 677
2318 1016 705
2319 1127 933
2320 554 181
2321 408 96
2322 864 477
2323 1148 985
2324 706 304
2325 713 310
2326 673 274
2327 1104 880
2328 624 233
2329 1144 973
2330 918 550
2331 1044 757
2332 1081 830
2333 1029 729
2334 1128 936
2335 746 343
2336 936 577
2337 1098 866
2338 875 491
2339 1089 847
2340 965 620
2341 359 74
2342 1091 851
2343 201 23
2344 491 141
2345 251 36
2346 1073 813
2347 766 363
2348 1056 779
2349 1065 798
2350 1149 987
2351 881 499
2352 620 230
2353 784 383
2354 589 206
2355 924 559
2356 1109 890
2357 393 89
2358 1075 817
2359 1142 969
2360 1127 932
2361 833 439
2362 863 476
2363 812 414
2364 1087 843
2365 778 376
2366 889 510
2367 302 52
2368 820 423
2369 815 418
2370 339 66
2371 1009 693
2372 649 253
2373 1005 687
2374 1133 946
2375 183 19
2376 1139 961
2377 943 587
2378 1134 950
2379 807 409
2380 1102 875
2381 1083 835
2382 506 150
2383 972 632
2384 178 18
2385 669 270
2386 1017 707
2387 531 166
2388 361 75
2389 952 600
2390 932 570
2391 908 536
2392 428 106
2393 486 138
2394 581 200
2395 992 665
2396 1096 862
2397 701 299
2398 386 86
2399 1108 888
2400 337 65
2401 903 529
2402 1134 950
2403 1023 718
2404 991 662
2405 930 568
2406 474 131
2407 944 589
2408 1067 801
2409 756 353
2410 1018 709
2411 764 361
2412 271 42
2413 1091 851
2414 1002 682
2415 178 18
2416 1142 969
2417 798 398
2418 465 126
2419 1125 928
2420 274 43
2421 830 435
2422 248 35
2423 797 397
2424 1109 891
2425 781 380
2426 1090 849
2427 1065 798
2428 786 385
2429 1145 977
2430 111 7
2431 1109 890
2432 555 182
2433 624 233
2434 820 423
2435 739 336
2436 384 85
2437 837 444
2438 980 645
2439 985 653
2440 675 276
2441 1089 848
2442 1028 728
2443 1140 963
2444 847 456
2445 936 576
2446 1041 752
2447 1106 883
2448 719 316
2449 436 110
2450 888 509
2451 1008 692
2452 998 674
2453 873 489
2454 976 638
2455 896 520
2456 1081 831
2457 1041 751
2458 670 271
2459 876 493
2460 1051 771
2461 781 380
2462 1112 897
2463 271 42
2464 1144 974
2465 1059 785
2466 94 5
2467 703 301
2468 857 468
2469 1036 742
2470 210 25
2471 887 507
2472 1025 721
2473 981 647
2474 909 537
2475 1154 1000
2476 858 470
2477 1054 777
2478 1138 958
2479 861 474
2480 947 593
2481 737 334
2482 932 570
2483 673 274
2484 982 648
2485 906 533
2486 486 138
2487 1139 962
2488 1100 871
2489 1112 898
2490 1071 810
2491 495 143
2492 145 12
2493 881 499
2494 675 276
2495 1151 992
2496 1075 817
2497 983 649
2498 1119 913
2499 743 340
2500 1139 962
2501 1087 843
2502 999 677
2503 834 440
2504 1152 994
2505 1077 822
2506 589 206
2507 157 14
2508 772 370
2509 1138 959
2510 436 110
2511 865 479
2512 549 178
2513 589 206
2514 857 468
2515 880 498
2516 609 221
2517 528 164
2518 918 550
2519 978 641
2520 835 441
2521 944 589
2522 861 474
2523 725 322
2524 759 356
2525 508 151
2526 834 440
2527 503 148
2528 652 256
2529 1148 985
2530 42 1
2531 94 5
2532 520 159
2533 781 380
2534 993 666
2535 244 34
2536 1053 774
2537 1144 973
2538 653 257
2539 907 535
2540 1124 926
2541 662 264
2542 923 558
2543 973 634
2544 877 494
2545 819 422
2546 974 635
2547 959 612
2548 886 506
2549 1141 967
2550 837 444
2551 746 343
2552 679 279
2553 878 496
2554 558 184
2555 902 528
2556 1087 843
2557 791 390
2558 1113 901
2559 934 574
2560 958 609
2561 800 401
2562 799 399
2563 1086 841
2564 460 123
2565 963 617
2566 756 353
2567 656 259
2568 721 318
2569 1133 948
2570 484 137
2571 214 26
2572 925 561
2573 304 53
2574 884 504
2575 1026 723
2576 1057 781
2577 1036 742
2578 833 439
2579 1066 800
2580 990 661
2581 632 239
2582 248 35
2583 361 75
2584 791 391
2585 1026 723
2586 537 170
2587 1078 824
2588 801 402
2589 1059 786
2590 397 91
2591 883 502
2592 650 254
2593 663 265
2594 673 274
2595 805 406
2596 506 150
2597 514 155
2598 1015 704
2599 59 2
2600 1041 752
2601 1152 995
2602 912 542
2603 1128 935
2604 183 19
2605 611 223
2606 414 99
2607 1087 843
2608 820 423
2609 436 110
2610 947 593
2611 1053 774
2612 313 56
2613 655 258
2614 145 12
2615 1134 949
2616 692 291
2617 762 359
2618 1012 698
2619 1071 810
2620 1093 855
2621 952 601
2622 1034 739
2623 434 109
2624 851 461
2625 681 281
2626 293 49
2627 1144 973
2628 967 624
2629 914 545
2630 854 465
2631 679 279
2632 985 653
2633 988 658
2634 558 184
2635 329 62
2636 1080 828
2637 990 661
2638 1100 871
2639 840 448
2640 1133 948
2641 262 39
2642 453 119
2643 853 463
2644 741 338
2645 988 658
2646 1040 749
2647 1088 845
2648 572 194
2649 625 234
2650 976 638
2651 258 38
2652 954 604
2653 760 357
2654 1150 988
2655 1115 905
2656 265 40
2657 1002 682
2658 1081 830
2659 777 375
2660 645 250
2661 1075 818
2662 979 643
2663 948 594
2664 307 54
2665 1012 698
2666 1104 880
2667 641 247
2668 999 676
2669 791 390
2670 857 468
2671 789 388
2672 1080 829
2673 956 607
2674 849 459
2675 1055 778
2676 139 11
2677 805 406
2678 957 608
2679 1008 691
2680 1056 780
2681 640 246
2682 992 664
2683 844 452
2684 424 104
2685 1057 781
2686 1134 949
2687 1008 692
2688 307 54
2689 1146 978
2690 958 609
2691 1047 763
2692 1059 786
2693 1125 928
2694 1092 854
2695 218 27
2696 765 362
2697 673 274
2698 875 492
2699 513 154
2700 527 163
2701 586 204
2702 585 203
2703 711 309
2704 952 600
2705 1118 912
2706 1091 852
2707 865 478
2708 788 387
2709 1014 702
2710 830 435
2711 1085 839
2712 1071 810
2713 1012 698
2714 696 295
2715 399 92
2716 993 666
2717 571 193
2718 982 648
2719 990 661
2720 287 47
2721 1123 923
2722 424 104
2723 1066 800
2724 1012 698
2725 1067 802
2726 615 226
2727 816 419
2728 205 24
2729 1126 929
2730 578 198
2731 481 135
2732 635 242
2733 737 334
2734 1094 858
2735 736 333
2736 951 599
2737 947 593
2738 593 209
2739 1018 709
2740 794 394
2741 1087 842
2742 1101 872
2743 897 521
2744 855 466
2745 838 445
2746 218 27
2747 951 599
2748 540 172
2749 1148 985
2750 416 100
2751 1127 932
2752 1079 827
2753 490 140
2754 881 500
2755 872 488
2756 1078 825
2757 957 608
2758 967 624
2759 1125 928
2760 395 90
2761 988 657
2762 1113 900
2763 568 191
2764 1089 847
2765 838 445
2766 899 523
2767 1149 987
2768 1062 792
2769 1098 866
2770 490 140
2771 1036 742
2772 909 537
2773 625 234
2774 493 142
2775 801 402
2776 1036 741
2777 1136 953
2778 504 149
2779 397 91
2780 976 638
2781 463 125
2782 828 433
2783 909 537
2784 1098 866
2785 923 557
2786 895 518
2787 1079 827
2788 1066 799
2789 938 579
2790 479 134
2791 278 44
2792 1151 991
2793 316 57
2794 996 672
2795 706 304
2796 893 516
2797 981 647
2798 528 164
2799 981 647
2800 1040 749
2801 1047 763
2802 1106 885
2803 793 393
2804 687 286
2805 386 86
2806 1080 829
2807 511 153
2808 647 252
2809 1027 725
2810 742 339
2811 583 202
2812 1069 806
2813 610 222
2814 785 384
2815 188 20
2816 995 669
2817 929 566
2818 1068 804
2819 1100 871
2820 638 244
2821 593 209
2822 761 358
2823 192 21
2824 896 520
2825 537 170
2826 1042 753
2827 975 636
2828 1058 784
2829 960 613
2830 746 343
2831 1109 890
2832 980 645
2833 1039 748
2834 932 570
2835 557 183
2836 969 627
2837 705 303
2838 831 437
2839 694 293
2840 1117 910
2841 1109 890
2842 1023 719
2843 474 131
2844 950 597
2845 395 90
2846 806 407
2847 1134 949
2848 1105 882
2849 1148 984
2850 755 352
2851 530 165
2852 770 368
2853 586 204
2854 157 14
2855 767 365
2856 1136 955
2857 1098 866
2858 981 647
2859 1123 922
2860 397 91
2861 987 656
2862 1116 907
2863 1123 922
2864 807 408
2865 478 133
2866 1120 916
2867 1124 926
2868 519 158
2869 750 347
2870 1040 750
2871 1082 832
2872 887 507
2873 745 342
2874 1121 919
2875 506 150
2876 1017 708
2877 1043 755
2878 908 536
2879 845 453
2880 1136 955
2881 1122 921
2882 126 9
2883 832 438
2884 616 227
2885 500 146
2886 613 224
2887 397 91
2888 293 49
2889 594 210
2890 443 114
2891 953 602
2892 911 541
2893 467 127
2894 1104 880
2895 316 57
2896 1088 846
2897 806 407
2898 188 20
2899 1082 832
2900 1075 817
2901 1091 852
2902 602 216
2903 681 281
2904 1095 859
2905 596 211
2906 955 605
2907 474 131
2908 1011 697
2909 826 431
2910 716 313
2911 1034 738
2912 162 15
2913 787 386
2914 714 311
2915 739 336
2916 711 309
2917 965 621
2918 904 531
2919 1032 735
2920 1003 683
2921 1120 915
2922 397 91
2923 796 396
2924 791 390
2925 963 617
2926 1036 742
2927 923 557
2928 962 616
2929 977 640
2930 1104 880
2931 843 451
2932 596 211
2933 1050 769
2934 824 428
2935 1078 825
2936 600 214
2937 1104 879
2938 1024 720
2939 741 338
2940 451 118
2941 313 56
2942 1130 940
2943 600 214
2944 1131 942
2945 933 572
2946 1126 930
2947 326 61
2948 1121 919
2949 857 468
2950 1135 951
2951 835 441
2952 827 432
2953 1126 931
2954 265 40
2955 1062 792
2956 737 334
2957 558 184
2958 729 326
2959 290 48
2960 938 580
2961 1105 882
2962 815 418
2963 988 657
2964 1072 812
2965 513 154
2966 1145 977
2967 1069 806
2968 1146 980
2969 1123 924
2970 633 240
2971 718 315
2972 655 258
2973 882 501
2974 967 624
2975 946 592
2976 982 648
2977 1147 982
2978 734 331
2979 1146 980
2980 1078 824
2981 722 319
2982 975 636
2983 1063 794
2984 976 639
2985 382 84
2986 1098 867
2987 590 207
2988 329 62
2989 1026 723
2990 1000 678
2991 1082 833
2992 916 548
2993 837 444
2994 1050 769
2995 548 177
2996 857 469
2997 388 87
2998 934 574
2999 867 481
3000 955 605
3001 1139 961
3002 1084 837
3003 1093 855
3004 658 261
3005 436 110
3006 917 549
3007 957 608
3008 1040 749
3009 952 600
3010 680 280
3011 999 677
3012 611 223
3013 669 270
3014 1149 987
3015 778 376
3016 1098 866
3017 1057 781
3018 733 330
3019 310 55
3020 1052 772
3021 773 371
3022 1111 896
3023 354 72
3024 929 566
3025 451 118
3026 818 421
3027 1149 987
3028 145 12
3029 972 632
3030 965 621
3031 1098 867
3032 178 18
3033 307 54
3034 890 511
3035 899 524
3036 1151 991
3037 1117 908
3038 1072 811
3039 1077 822
3040 478 133
3041 1030 730
3042 836 443
3043 840 448
3044 1124 926
3045 536 169
3046 1059 786
3047 565 189
3048 1058 784
3049 1103 878
3050 568 191
3051 1146 978
3052 958 610
3053 1014 702
3054 692 291
3055 255 37
3056 774 372
3057 623 232
3058 506 150
3059 1141 967
3060 318 58
3061 940 582
3062 882 501
3063 1025 722
3064 880 498
3065 501 147
3066 1028 727
3067 751 348
3068 731 328
3069 1137 957
3070 412 98
3071 1098 866
3072 424 104
3073 1039 748
3074 815 418
3075 449 117
3076 382 84
3077 1108 889
3078 1136 955
3079 671 272
3080 793 393
3081 520 159
3082 841 449
3083 784 383
3084 641 247
3085 955 605
3086 889 510
3087 1015 704
3088 1095 861
3089 513 154
3090 528 164
3091 1127 933
3092 834 440
3093 696 295
3094 1000 678
3095 1006 688
3096 1130 940
3097 908 536
3098 1123 923
3099 889 510
3100 885 505
3101 938 579
3102 596 211
3103 916 548
3104 352 71
3105 858 470
3106 287 47
3107 447 116
3108 645 250
3109 1088 844
3110 1039 748
3111 1015 704
3112 1092 854
3113 1029 729
3114 652 256
3115 649 253
3116 574 195
3117 337 65
3118 904 531
3119 1109 890
3120 456 121
3121 1048 764
3122 1001 679
3123 1018 710
3124 151 13
3125 965 621
3126 534 168
3127 1099 868
3128 395 90
3129 906 533
3130 1052 773
3131 594 210
3132 613 224
3133 302 52
3134 1120 916
3135 838 445
3136 1145 977
3137 997 673
3138 1002 681
3139 465 126
3140 940 582
3141 1091 852
3142 1148 983
3143 1014 703
3144 1077 821
3145 993 666
3146 1035 740
3147 895 518
3148 929 566
3149 841 449
3150 1112 897
3151 771 369
3152 1029 729
3153 481 135
3154 1082 832
3155 936 576
3156 873 489
3157 506 150
3158 1072 812
3159 650 254
3160 397 91
3161 1076 819
3162 893 515
3163 643 248
3164 622 231
3165 645 250
3166 632 239
3167 342 67
3168 1013 701
3169 1149 987
3170 168 16
3171 672 273
3172 1029 729
3173 119 8
3174 539 171
3175 401 93
3176 424 104
3177 638 244
3178 258 38
3179 1145 977
3180 592 208
3181 447 116
3182 1132 945
3183 1028 727
3184 1087 843
3185 903 529
3186 775 373
3187 790 389
3188 916 548
3189 774 372
3190 1097 864
3191 950 598
3192 913 543
3193 439 112
3194 406 95
3195 1154 1000
3196 917 549
3197 528 164
3198 1087 843
3199 1006 688
3200 775 373
3201 950 598
3202 869 484
3203 951 599
3204 1120 916
3205 558 184
3206 522 160
3207 1125 928
3208 900 525
3209 804 405
3210 944 588
3211 579 199
3212 1151 993
3213 1153 996
3214 524 161
3215 445 115
3216 1062 792
3217 922 556
3218 896 520
3219 1004 684
3220 1138 958
3221 1040 750
3222 403 94
3223 831 437
3224 543 174
3225 895 518
3226 962 616
3227 458 122
3228 615 226
3229 1051 770
3230 1089 847
3231 1003 683
3232 633 240
3233 652 256
3234 960 613
3235 1085 839
3236 944 589
3237 965 620
3238 1065 798
3239 1063 793
3240 753 350
3241 520 159
3242 847 456
3243 669 270
3244 1025 722
3245 581 200
3246 942 586
3247 1099 868
3248 1129 937
3249 1010 695
3250 334 64
3251 1144 973
3252 1070 807
3253 751 348
3254 955 605
3255 1112 897
3256 1054 777
3257 1140 964
3258 329 62
3259 533 167
3260 1009 694
3261 999 676
3262 791 390
3263 766 364
3264 929 566
3265 596 211
3266 949 596
3267 707 305
3268 839 446
3269 84 4
3270 797 397
3271 952 601
3272 1030 730
3273 942 585
3274 972 632
3275 1101 872
3276 1151 993
3277 909 537
3278 1153 997
3279 1035 740
3280 775 373
3281 673 274
3282 845 453
3283 483 136
3284 1037 743
3285 1061 790
3286 1044 757
3287 989 660
3288 981 646
3289 772 370
3290 1075 818
3291 752 349
3292 410 97
3293 849 458
3294 882 501
3295 361 75
3296 967 624
3297 1009 694
3298 332 63
3299 1088 845
3300 493 142
3301 633 240
3302 934 574
3303 1018 710
3304 1136 953
3305 750 347
3306 981 646
3307 881 499
3308 902 528
3309 1134 949
3310 867 481
3311 1039 747
3312 1060 787
3313 811 413
3314 722 319
3315 1057 781
3316 1089 847
3317 1018 709
3318 1044 757
3319 1052 772
3320 1041 751
3321 1118 912
3322 664 266
3323 976 638
3324 1051 771
3325 911 541
3326 1137 957
3327 237 32
3328 702 300
3329 997 673
3330 633 240
3331 1136 955
3332 1061 789
3333 909 537
3334 1131 943
3335 958 610
3336 989 659
3337 542 173
3338 1148 985
3339 456 121
3340 1121 918
3341 882 501
3342 504 149
3343 1100 871
3344 542 173
3345 1151 992
3346 493 142
3347 1072 812
3348 900 525
3349 1077 823
3350 1074 816
3351 875 491
3352 750 347
3353 1053 774
3354 1058 784
3355 1042 753
3356 416 100
3357 984 651
3358 1124 926
3359 1109 891
3360 490 140
3361 530 165
3362 1134 950
3363 887 507
3364 989 659
3365 934 573
3366 725 322
3367 1039 748
3368 1119 913
3369 706 304
3370 861 473
3371 854 465
3372 460 123
3373 978 642
3374 910 539
3375 1033 737
3376 927 563
3377 139 11
3378 954 603
3379 720 317
3380 780 379
3381 929 566
3382 1091 851
3383 731 328
3384 1119 914
3385 864 477
3386 1123 922
3387 825 430
3388 1048 765
3389 1103 878
3390 748 345
3391 900 525
3392 991 662
3393 890 512
3394 356 73
3395 1036 742
3396 793 393
3397 1134 950
3398 986 654
3399 881 500
3400 316 57
3401 395 90
3402 1005 686
3403 1091 851
3404 1151 991
3405 766 363
3406 788 387
3407 486 138
3408 964 619
3409 1001 679
3410 989 660
3411 958 609
3412 522 160
3413 1038 745
3414 1104 879
3415 989 659
3416 702 300
3417 887 507
3418 855 466
3419 911 541
3420 864 477
3421 984 652
3422 789 388
3423 1017 708
3424 1102 876
3425 1102 876
3426 914 545
3427 1047 762
3428 1103 877
3429 1079 826
3430 1064 795
3431 1079 826
3432 882 501
3433 1120 917
3434 268 41
3435 1049 767
3436 271 42
3437 799 399
3438 773 371
3439 623 232
3440 493 142
3441 1016 706
3442 875 491
3443 1151 991
3444 528 164
3445 622 231
3446 491 141
3447 1133 948
3448 1082 833
3449 1079 826
3450 495 143
3451 1107 886
3452 430 107
3453 935 575
3454 997 673
3455 1025 722
3456 906 533
3457 679 279
3458 687 286
3459 316 57
3460 740 337
3461 766 363
3462 511 153
3463 1134 950
3464 795 395
3465 670 271
3466 237 32
3467 1018 709
3468 1013 700
3469 1010 696
3470 954 604
3471 1113 901
3472 639 245
3473 1073 814
3474 258 38
3475 1121 918
3476 162 15
3477 513 154
3478 1021 715
3479 904 531
3480 978 641
3481 663 265
3482 963 617
3483 484 137
3484 1086 841
3485 1005 686
3486 919 551
3487 1121 918
3488 1016 705
3489 734 331
3490 962 616
3491 937 578
3492 734 331
3493 992 664
3494 1154 1000
3495 119 8
3496 985 653
3497 953 602
3498 588 205
3499 1150 990
3500 991 662
3501 911 541
3502 918 550
3503 1050 768
3504 669 270
3505 583 202
3506 1081 831
3507 1132 944
3508 942 585
3509 1075 817
3510 460 123
3511 173 17
3512 628 236
3513 722 319
3514 884 504
3515 420 102
3516 865 478
3517 983 649
3518 871 486
3519 1033 736
3520 1122 920
3521 840 447
3522 1078 824
3523 1144 973
3524 995 669
3525 513 154
3526 1151 992
3527 879 497
3528 842 450
3529 888 509
3530 966 622
3531 1070 808
3532 912 542
3533 961 614
3534 794 394
3535 1029 729
3536 1064 795
3537 940 582
3538 1134 949
3539 1044 756
3540 989 659
3541 711 309
3542 1048 764
3543 1110 892
3544 1021 715
3545 1141 966
3546 84 4
3547 918 550
3548 537 170
3549 1115 905
3550 940 582
3551 1066 800
3552 963 618
3553 742 339
3554 980 644
3555 915 546
3556 1150 990
3557 799 399
3558 953 602
3559 1005 687
3560 1021 714
3561 770 368
3562 577 197
3563 463 125
3564 865 478
3565 869 484
3566 371 79
3567 1066 800
3568 474 131
3569 1105 882
3570 168 16
3571 561 186
3572 887 507
3573 949 596
3574 798 398
3575 1040 750
3576 432 108
3577 1124 926
3578 839 446
3579 982 648
3580 493 142
3581 1031 732
3582 778 376
3583 1100 870
3584 755 352
3585 1049 767
3586 986 654
3587 992 665
3588 1036 742
3589 919 552
3590 607 220
3591 766 364
3592 1040 749
3593 1072 811
3594 268 41
3595 959 611
3596 703 301
3597 1106 885
3598 923 557
3599 1077 821
3600 839 446
3601 687 286
3602 424 104
3603 562 187
3604 646 251
3605 162 15
3606 42 1
3607 819 422
3608 1046 761
3609 1018 709
3610 970 628
3611 1117 908
3612 643 248
3613 618 228
3614 561 186
3615 700 298
3616 860 472
3617 585 203
3618 736 333
3619 1113 899
3620 752 349
3621 1014 702
3622 952 600
3623 986 655
3624 766 364
3625 1018 710
3626 998 674
3627 751 348
3628 585 203
3629 795 395
3630 702 300
3631 867 481
3632 837 444
3633 1102 875
3634 1061 790
3635 1137 957
3636 582 201
3637 1085 839
3638 906 533
3639 727 324
3640 663 265
3641 324 60
3642 952 600
3643 410 97
3644 1126 929
3645 481 135
3646 1061 789
3647 928 565
3648 1095 860
3649 853 464
3650 613 224
3651 912 542
3652 1136 955
3653 568 191
3654 639 245
3655 946 592
3656 588 205
3657 1133 946
3658 1115 904
3659 1135 951
3660 496 144
3661 863 476
3662 774 372
3663 874 490
3664 1137 957
3665 568 191
3666 941 584
3667 412 98
3668 1128 935
3669 692 291
3670 514 155
3671 1050 768
3672 647 252
3673 344 68
3674 902 528
3675 861 473
3676 948 594
3677 1014 703
3678 1133 946
3679 882 501
3680 218 27
3681 382 84
3682 1078 825
3683 975 636
3684 1050 769
3685 1065 797
3686 1030 731
3687 545 175
3688 815 418
3689 598 213
3690 1039 748
3691 837 444
3692 1008 692
3693 395 90
3694 811 413
3695 486 138
3696 885 505
3697 1133 948
3698 1074 816
3699 662 264
3700 1004 684
3701 904 531
3702 681 281
3703 909 538
3704 1094 858
3705 910 539
3706 640 246
3707 1044 756
3708 741 338
3709 274 43
3710 643 248
3711 324 60
3712 366 77
3713 1108 889
3714 1145 976
3715 183 19
3716 1036 741
3717 533 167
3718 801 402
3719 302 52
3720 885 505
3721 511 153
3722 564 188
3723 1095 860
3724 1138 959
3725 516 156
3726 1154 999
3727 941 584
3728 988 657
3729 902 528
3730 629 237
3731 786 385
3732 454 120
3733 1138 959
3734 931 569
3735 725 322
3736 1149 987
3737 1130 939
3738 1016 705
3739 558 184
3740 593 209
3741 430 107
3742 1019 711
3743 1020 713
3744 682 282
3745 1110 894
3746 606 219
3747 326 61
3748 604 217
3749 542 173
3750 244 34
3751 1074 816
3752 850 460
3753 882 501
3754 244 34
3755 975 637
3756 842 450
3757 741 338
3758 742 339
3759 1152 995
3760 1076 819
3761 434 109
3762 1057 782
3763 954 604
3764 607 220
3765 660 263
3766 393 89
3767 807 409
3768 706 304
3769 943 587
3770 942 585
3771 825 430
3772 520 159
3773 611 223
3774 590 207
3775 684 284
3776 1098 866
3777 904 531
3778 1140 963
3779 699 297
3780 1137 956
3781 940 583
3782 1017 707
3783 793 393
3784 513 154
3785 1148 985
3786 251 36
3787 1010 696
3788 274 43
3789 837 444
3790 1070 807
3791 658 261
3792 471 129
3793 1038 746
3794 703 301
3795 1142 969
3796 678 278
3797 954 603
3798 989 659
3799 304 53
3800 201 23
3801 139 11
3802 679 279
3803 1023 719
3804 994 668
3805 913 543
3806 1128 936
3807 1127 933
3808 851 461
3809 1111 896
3810 821 425
3811 791 391
3812 918 550
3813 865 478
3814 465 126
3815 1126 929
3816 1130 939
3817 639 245
3818 1146 980
3819 157 14
3820 586 204
3821 1098 867
3822 1103 877
3823 103 6
3824 645 250
3825 1118 911
3826 829 434
3827 1062 792
3828 913 543
3829 562 187
3830 721 318
3831 633 240
3832 214 26
3833 1030 731
3834 484 137
3835 963 618
3836 680 280
3837 893 515
3838 1123 922
3839 528 164
3840 1021 715
3841 504 149
3842 719 316
3843 1085 839
3844 1121 919
3845 509 152
3846 1082 833
3847 1153 998
3848 890 511
3849 992 665
3850 672 273
3851 1100 870
3852 875 492
3853 667 269
3854 863 476
3855 863 476
3856 650 254
3857 1072 812
3858 1123 923
3859 968 625
3860 896 520
3861 896 520
3862 635 242
3863 936 577
3864 860 472
3865 1087 843
3866 807 409
3867 971 630
3868 1013 700
3869 1039 748
3870 768 366
3871 681 281
3872 894 517
3873 1051 770
3874 836 443
3875 801 402
3876 956 607
3877 812 414
3878 704 302
3879 993 666
3880 840 447
3881 326 61
3882 665 267
3883 706 304
3884 73 3
3885 586 204
3886 1004 684
3887 1145 976
3888 1110 893
3889 801 402
3890 963 617
3891 790 389
3892 1138 960
3893 962 616
3894 800 400
3895 1151 992
3896 1062 792
3897 1072 811
3898 818 421
3899 894 517
3900 923 558
3901 644 249
3902 717 314
3903 1099 869
3904 868 482
3905 913 543
3906 408 96
3907 403 94
3908 420 102
3909 920 553
3910 965 620
3911 540 172
3912 1054 777
3913 741 338
3914 963 618
3915 1026 724
3916 634 241
3917 1096 862
3918 667 269
3919 274 43
3920 951 599
3921 1074 815
3922 711 309
3923 855 466
3924 1041 751
3925 720 317
3926 687 286
3927 975 637
3928 476 132
3929 684 284
3930 799 399
3931 812 414
3932 972 632
3933 973 633
3934 1086 840
3935 865 478
3936 756 353
3937 281 45
3938 1047 762
3939 255 37
3940 649 253
3941 1070 808
3942 430 107
3943 528 164
3944 853 463
3945 805 406
3946 481 135
3947 700 298
3948 1114 902
3949 1004 685
3950 722 319
3951 1130 939
3952 1127 932
3953 192 21
3954 588 205
3955 1051 770
3956 782 381
3957 230 30
3958 1044 757
3959 1074 816
3960 1072 812
3961 1077 821
3962 329 62
3963 1123 922
3964 778 376
3965 825 430
3966 555 182
3967 901 526
3968 994 668
3969 794 394
3970 614 225
3971 999 677
3972 855 466
3973 674 275
3974 904 531
3975 665 267
3976 1032 735
3977 994 667
3978 652 256
3979 500 146
3980 801 402
3981 1050 768
3982 874 490
3983 1051 770
3984 1044 757
3985 963 618
3986 701 299
3987 1137 956
3988 700 298
3989 606 219
3990 906 534
3991 861 473
3992 630 238
3993 1022 717
3994 725 322
3995 287 47
3996 373 80
3997 310 55
3998 1069 806
3999 1120 916
4000 1123 922
4001 930 568
4002 971 630
4003 755 352
4004 111 7
4005 1063 794
4006 575 196
4007 201 23
4008 1039 747
4009 1151 992
4010 481 135
4011 789 388
4012 704 302
4013 806 407
4014 611 223
4015 791 391
4016 604 217
4017 992 664
4018 713 310
4019 991 663
4020 713 310
4021 965 620
4022 1142 968
4023 1082 832
4024 989 659
4025 1141 966
4026 758 355
4027 620 230
4028 533 167
4029 302 52
4030 162 15
4031 1015 704
4032 1076 819
4033 966 622
4034 976 639
4035 401 93
4036 921 555
4037 728 325
4038 678 278
4039 1042 753
4040 395 90
4041 876 493
4042 691 290
4043 931 569
4044 1136 953
4045 244 34
4046 1044 756
4047 978 642
4048 784 383
4049 307 54
4050 620 230
4051 883 502
4052 988 657
4053 716 313
4054 959 611
4055 812 414
4056 1060 788
4057 1138 959
4058 548 177
4059 755 352
4060 1127 933
4061 1110 894
4062 909 538
4063 1087 842
4064 1118 912
4065 693 292
4066 1144 974
4067 1052 772
4068 493 142
4069 1052 772
4070 582 201
4071 1142 970
4072 1143 972
4073 673 274
4074 1043 755
4075 940 583
4076 1007 690
4077 549 178
4078 1102 875
4079 646 251
4080 1016 705
4081 857 468
4082 1064 795
4083 531 166
4084 1130 940
4085 700 298
4086 670 271
4087 921 554
4088 1028 727
4089 602 216
4090 478 133
4091 975 636
4092 927 563
4093 1008 691
4094 960 613
4095 1055 778
4096 961 615
4097 1126 930
4098 511 153
4099 1121 918
4100 469 128
4101 469 128
4102 737 334
4103 316 57
4104 593 209
4105 1028 727
4106 173 17
4107 613 224
4108 1051 771
4109 677 277
4110 843 451
4111 472 130
4112 906 534
4113 682 282
4114 838 445
4115 1020 712
4116 818 421
4117 1093 856
4118 693 292
4119 562 187
4120 1107 886
4121 1142 969
4122 304 53
4123 867 481
4124 840 447
4125 1076 820
4126 1011 697
4127 205 24
4128 1059 786
4129 1148 985
4130 513 154
4131 1033 737
4132 992 665
4133 1049 767
4134 1133 948
4135 845 454
4136 1075 818
4137 1072 812
4138 938 580
4139 974 635
4140 1146 979
4141 1048 765
4142 989 660
4143 424 104
4144 1040 750
4145 1126 929
4146 831 436
4147 1146 980
4148 825 430
4149 635 242
4150 874 490
4151 1136 955
4152 925 560
4153 709 307
4154 1123 923
4155 571 193
4156 218 27
4157 892 514
4158 1085 839
4159 900 525
4160 508 151
4161 853 463
4162 1145 976
4163 531 166
4164 920 553
4165 862 475
4166 788 387
4167 1122 921
4168 304 53
4169 339 66
4170 382 84
4171 237 32
4172 1034 738
4173 1074 816
4174 753 350
4175 830 435
4176 807 409
4177 791 391
4178 891 513
4179 1039 747
4180 1057 782
4181 611 223
4182 992 665
4183 1042 753
4184 1084 837
4185 743 340
4186 1040 749
4187 1008 691
4188 939 581
4189 916 548
4190 1065 797
4191 746 343
4192 454 120
4193 554 181
4194 1106 883
4195 157 14
4196 814 417
4197 665 267
4198 1116 906
4199 953 602
4200 710 308
4201 533 167
4202 412 98
4203 935 575
4204 914 544
4205 581 200
4206 375 81
4207 965 621
4208 1111 896
4209 791 390
4210 915 546
4211 780 379
4212 1018 709
4213 952 601
4214 1112 898
4215 157 14
4216 639 245
4217 940 582
4218 1099 869
4219 986 655
4220 641 247
4221 861 474
4222 639 245
4223 1028 728
4224 1004 684
4225 1044 756
4226 1146 979
4227 469 128
4228 1089 847
4229 557 183
4230 718 315
4231 983 649
4232 226 29
4233 1052 773
4234 84 4
4235 205 24
4236 713 310
4237 1064 796
4238 1027 725
4239 1092 853
4240 793 393
4241 1153 996
4242 1033 737
4243 895 518
4244 849 459
4245 1096 863
4246 1152 995
4247 827 432
4248 1082 832
4249 334 64
4250 625 234
4251 858 470
4252 739 336
4253 364 76
4254 451 118
4255 1070 807
4256 1012 699
4257 780 379
4258 391 88
4259 1079 827
4260 752 349
4261 1128 935
4262 1103 878
4263 895 518
4264 500 146
4265 921 555
4266 727 324
4267 1031 732
4268 1119 914
4269 781 380
4270 1123 923
4271 1126 931
4272 889 510
4273 299 51
4274 366 77
4275 1064 795
4276 800 400
4277 1151 993
4278 721 318
4279 1054 776
4280 1010 695
4281 316 57
4282 1110 892
4283 871 486
4284 546 176
4285 993 666
4286 941 584
4287 462 124
4288 1140 965
4289 1149 986
4290 1068 803
4291 484 137
4292 133 10
4293 683 283
4294 1132 945
4295 815 418
4296 1098 866
4297 1066 800
4298 820 424
4299 1050 769
4300 995 670
4301 1142 968
4302 1119 913
4303 651 255
4304 1147 981
4305 572 194
4306 776 374
4307 741 338
4308 401 93
4309 913 543
4310 691 290
4311 233 31
4312 623 232
4313 994 667
4314 516 156
4315 653 257
4316 1089 847
4317 1130 940
4318 932 571
4319 1144 975
4320 395 90
4321 410 97
4322 472 130
4323 793 393
4324 965 621
4325 1068 803
4326 1004 685
4327 562 187
4328 1073 813
4329 403 94
4330 1139 962
4331 1094 857
4332 847 456
4333 771 369
4334 854 465
4335 1094 857
4336 860 472
4337 1097 865
4338 1110 892
4339 868 483
4340 671 272
4341 664 266
4342 422 103
4343 1060 787
4344 1065 797
4345 721 318
4346 919 552
4347 845 453
4348 151 13
4349 937 578
4350 961 615
4351 334 64
4352 974 635
4353 671 272
4354 467 127
4355 759 356
4356 454 120
4357 784 383
4358 773 371
4359 527 163
4360 809 411
4361 1147 981
4362 1105 881
4363 585 203
4364 133 10
4365 1044 757
4366 1105 882
4367 931 569
4368 976 638
4369 1070 808
4370 878 495
4371 1128 935
4372 742 339
4373 119 8
4374 434 109
4375 600 214
4376 817 420
4377 936 576
4378 1075 818
4379 1004 684
4380 183 19
4381 970 629
4382 1095 861
4383 919 551
4384 506 150
4385 352 71
4386 1139 961
4387 1128 936
4388 1130 939
4389 680 280
4390 1067 802
4391 861 473
4392 916 548
4393 445 115
4394 1120 917
4395 713 310
4396 862 475
4397 753 350
4398 302 52
4399 940 583
4400 1121 919
4401 1111 896
4402 613 224
4403 1017 708
4404 607 220
4405 1126 931
4406 693 292
4407 930 567
4408 746 343
4409 855 466
4410 1142 968
4411 1131 941
4412 1135 951
4413 1008 692
4414 780 379
4415 752 349
4416 1117 909
4417 972 631
4418 866 480
4419 567 190
4420 666 268
4421 1144 973
4422 764 361
4423 950 597
4424 724 321
4425 672 273
4426 465 126
4427 751 348
4428 1123 923
4429 1067 802
4430 262 39
4431 1064 796
4432 188 20
4433 422 103
4434 1092 853
4435 618 228
4436 401 93
4437 1101 873
4438 1084 837
4439 791 390
4440 1144 973
4441 811 413
4442 938 580
4443 1108 888
4444 1120 915
4445 1023 718
4446 802 403
4447 1151 992
4448 986 655
4449 923 558
4450 1008 692
4451 896 519
4452 628 236
4453 418 101
4454 926 562
4455 777 375
4456 1006 688
4457 847 456
4458 598 213
4459 825 429
4460 1059 786
4461 539 171
4462 1113 899
4463 567 190
4464 616 227
4465 601 215
4466 1132 944
4467 609 221
4468 990 661
4469 1150 988
4470 1053 774
4471 397 91
4472 465 126
4473 1028 727
4474 677 277
4475 870 485
4476 600 214
4477 825 429
4478 759 356
4479 59 2
4480 965 620
4481 678 278
4482 517 157
4483 472 130
4484 751 348
4485 655 258
4486 1146 980
4487 406 95
4488 742 339
4489 865 479
4490 1104 880
4491 508 151
4492 498 145
4493 723 320
4494 841 449
4495 951 599
4496 818 421
4497 966 623
4498 262 39
4499 524 161
4500 751 348
4501 1149 987
4502 828 433
4503 371 79
4504 893 515
4505 1087 842
4506 868 483
4507 281 45
4508 508 151
4509 623 232
4510 825 430
4511 794 394
4512 1150 988
4513 1009 693
4514 802 403
4515 859 471
4516 1056 779
4517 938 579
4518 967 624
4519 966 622
4520 854 465
4521 711 309
4522 1038 745
4523 758 355
4524 934 574
4525 807 409
4526 714 311
4527 776 374
4528 430 107
4529 1092 854
4530 1026 724
4531 1125 927
4532 1098 867
4533 761 358
4534 588 205
4535 847 456
4536 1123 922
4537 418 101
4538 1088 846
4539 877 494
4540 265 40
4541 853 463
4542 732 329
4543 1041 752
4544 1089 847
4545 1077 821
4546 784 383
4547 1073 814
4548 1010 696
4549 902 528
4550 796 396
4551 1021 714
4552 842 450
4553 1056 780
4554 420 102
4555 1112 898
4556 474 131
4557 945 590
4558 1041 751
4559 665 267
4560 1048 764
4561 578 198
4562 805 406
4563 1053 775
4564 454 120
4565 1144 974
4566 441 113
4567 265 40
4568 1013 701
4569 972 632
4570 805 406
4571 1063 794
4572 903 529
4573 1109 891
4574 720 317
4575 666 268
4576 1080 829
4577 1124 925
4578 332 63
4579 890 511
4580 384 85
4581 921 554
4582 624 233
4583 1004 685
4584 940 582
4585 742 339
4586 1139 961
4587 855 466
4588 961 614
4589 925 560
4590 641 247
4591 1124 926
4592 632 239
4593 805 406
4594 917 549
4595 456 121
4596 84 4
4597 634 241
4598 533 167
4599 857 469
4600 625 234
4601 656 259
4602 1088 844
4603 371 79
4604 827 432
4605 178 18
4606 953 602
4607 284 46
4608 820 423
4609 1144 973
4610 1077 821
4611 525 162
4612 1082 833
4613 1041 751
4614 840 448
4615 366 77
4616 888 509
4617 299 51
4618 841 449
4619 980 645
4620 663 265
4621 1027 725
4622 925 561
4623 1135 951
4624 1147 982
4625 579 199
4626 937 578
4627 736 333
4628 872 488
4629 558 184
4630 1040 750
4631 426 105
4632 1116 907
4633 918 550
4634 940 582
4635 714 311
4636 1081 830
4637 449 117
4638 265 40
4639 659 262
4640 646 251
4641 567 190
4642 792 392
4643 622 231
4644 781 380
4645 1011 697
4646 1005 687
4647 959 612
4648 769 367
4649 1075 818
4650 961 614
4651 880 498
4652 773 371
4653 746 343
4654 476 132
4655 1096 863
4656 992 665
4657 1001 679
4658 974 635
4659 516 156
4660 551 179
4661 344 68
4662 1037 743
4663 994 667
4664 1148 983
4665 920 553
4666 1040 750
4667 1082 833
4668 476 132
4669 811 413
4670 1070 808
4671 1131 941
4672 887 507
4673 839 446
4674 1089 847
4675 508 151
4676 406 95
4677 1103 878
4678 1070 808
4679 1006 689
4680 939 581
4681 841 449
4682 952 600
4683 800 401
4684 781 380
4685 1068 804
4686 884 504
4687 251 36
4688 819 422
4689 1081 831
4690 716 313
4691 1068 804
4692 744 341
4693 1017 708
4694 1062 792
4695 1113 899
4696 600 214
4697 720 317
4698 892 514
4699 1088 845
4700 290 48
4701 624 233
4702 1148 985
4703 748 345
4704 752 349
4705 746 343
4706 188 20
4707 853 464
4708 1125 928
4709 1046 760
4710 1136 954
4711 1068 804
4712 304 53
4713 1126 929
4714 1001 680
4715 963 618
4716 1004 684
4717 986 654
4718 347 69
4719 496 144
4720 858 470
4721 982 648
4722 629 237
4723 1001 679
4724 1077 822
4725 1070 808
4726 718 315
4727 1063 793
4728 483 136
4729 593 209
4730 1099 868
4731 916 547
4732 1026 724
4733 771 369
4734 625 234
4735 540 172
4736 674 275
4737 1138 959
4738 111 7
4739 980 644
4740 1029 729
4741 791 390
4742 649 253
4743 900 525
4744 786 385
4745 827 432
4746 1137 956
4747 1088 845
4748 1117 908
4749 693 292
4750 657 260
4751 664 266
4752 443 114
4753 841 449
4754 995 670
4755 938 580
4756 1018 710
4757 1118 911
4758 1081 830
4759 995 669
4760 1092 853
4761 922 556
4762 1060 787
4763 1031 732
4764 1107 887
4765 434 109
4766 965 621
4767 900 525
4768 975 636
4769 896 520
4770 1018 710
4771 1075 818
4772 1024 720
4773 941 584
4774 471 129
4775 831 437
4776 439 112
4777 866 480
4778 1100 870
4779 1140 963
4780 525 162
4781 895 518
4782 1047 763
4783 1094 858
4784 1082 832
4785 983 649
4786 606 219
4787 700 298
4788 728 325
4789 516 156
4790 875 491
4791 1125 928
4792 1095 861
4793 785 384
4794 1111 895
4795 1040 750
4796 925 561
4797 151 13
4798 897 521
4799 938 580
4800 821 425
4801 779 377
4802 937 578
4803 318 58
4804 940 583
4805 986 654
4806 1049 767
4807 749 346
4808 1126 930
4809 633 240
4810 719 316
4811 428 106
4812 890 512
4813 540 172
4814 911 540
4815 680 280
4816 1101 874
4817 836 442
4818 669 270
4819 709 307
4820 849 459
4821 416 100
4822 756 353
4823 119 8
4824 1112 897
4825 278 44
4826 740 337
4827 683 283
4828 1007 690
4829 861 473
4830 923 558
4831 1002 681
4832 1028 728
4833 395 90
4834 1120 916
4835 1008 692
4836 894 517
4837 1128 936
4838 985 653
4839 981 646
4840 806 407
4841 792 392
4842 1062 792
4843 984 652
4844 1072 812
4845 262 39
4846 667 269
4847 980 644
4848 1045 759
4849 397 91
4850 930 567
4851 453 119
4852 484 137
4853 643 248
4854 962 616
4855 1118 911
4856 424 104
4857 770 368
4858 1028 727
4859 821 425
4860 664 266
4861 1025 721
4862 1150 989
4863 1130 940
4864 271 42
4865 1106 883
4866 836 443
4867 1135 952
4868 836 442
4869 545 175
4870 1073 813
4871 689 288
4872 919 551
4873 1138 960
4874 973 633
4875 696 295
4876 558 184
4877 1022 717
4878 1086 840
4879 934 574
4880 1010 695
4881 577 197
4882 447 116
4883 959 612
4884 999 677
4885 441 113
4886 820 424
4887 1004 684
4888 1108 889
4889 344 68
4890 1091 851
4891 412 98
4892 909 538
4893 519 158
4894 528 164
4895 1009 693
4896 391 88
4897 647 252
4898 912 542
4899 531 166
4900 630 238
4901 1126 929
4902 900 525
4903 1085 839
4904 861 474
4905 316 57
4906 1125 927
4907 1144 973
4908 488 139
4909 755 352
4910 1143 972
4911 858 470
4912 993 666
4913 307 54
4914 950 598
4915 1072 811
4916 268 41
4917 923 557
4918 681 281
4919 453 119
4920 230 30
4921 903 529
4922 1030 731
4923 876 493
4924 715 312
4925 555 182
4926 838 445
4927 1004 685
4928 313 56
4929 103 6
4930 946 591
4931 746 343
4932 339 66
4933 570 192
4934 1062 791
4935 1077 821
4936 1136 953
4937 867 481
4938 1149 986
4939 542 173
4940 1103 877
4941 729 326
4942 861 473
4943 1036 741
4944 996 672
4945 840 447
4946 1065 798
4947 1147 981
4948 145 12
4949 971 630
4950 380 83
4951 334 64
4952 695 294
4953 965 621
4954 1067 801
4955 988 658
4956 1128 934
4957 802 403
4958 368 78
4959 428 106
4960 1137 956
4961 976 639
4962 728 325
4963 1025 721
4964 638 244
4965 1095 859
4966 1075 818
4967 691 290
4968 926 562
4969 691 290
4970 780 379
4971 520 159
4972 865 478
4973 897 521
4974 791 391
4975 1016 705
4976 1105 881
4977 560 185
4978 1083 834
4979 792 392
4980 991 662
4981 875 491
4982 641 247
4983 696 295
4984 173 17
4985 725 322
4986 586 204
4987 624 233
4988 856 467
4989 1130 940
4990 293 49
4991 832 438
4992 1123 923
4993 1063 793
4994 1010 696
4995 1131 942
4996 1128 934
4997 973 634
4998 991 662
4999 751 348
5000 1135 951
