5000 3155178 13_5000_1000_3000
1 1188 1068
2 1188 1068
3 990 890
4 396 356
5 385 285
6 77 57
7 462 342
8 77 57
9 77 57
10 792 712
11 594 534
12 308 228
13 77 57
14 693 513
15 77 57
16 462 342
17 396 356
18 1782 1602
19 539 399
20 539 399
21 990 890
22 770 570
23 77 57
24 77 57
25 396 356
26 792 712
27 1782 1602
28 594 534
29 770 570
30 154 114
31 792 712
32 616 456
33 539 399
34 693 513
35 1980 1780
36 1980 1780
37 231 171
38 396 356
39 1782 1602
40 1980 1780
41 198 178
42 396 356
43 396 356
44 462 342
45 1782 1602
46 1386 1246
47 1188 1068
48 385 285
49 198 178
50 396 356
51 539 399
52 1980 1780
53 594 534
54 594 534
55 990 890
56 693 513
57 1980 1780
58 693 513
59 693 513
60 396 356
61 231 171
62 693 513
63 77 57
64 308 228
65 1782 1602
66 77 57
67 1188 1068
68 693 513
69 77 57
70 385 285
71 231 171
72 1584 1424
73 462 342
74 1188 1068
75 231 171
76 396 356
77 462 342
78 308 228
79 231 171
80 1782 1602
81 1188 1068
82 154 114
83 539 399
84 231 171
85 231 171
86 308 228
87 308 228
88 1980 1780
89 308 228
90 198 178
91 154 114
92 693 513
93 385 285
94 770 570
95 385 285
96 396 356
97 1980 1780
98 154 114
99 792 712
100 616 456
101 1188 1068
102 198 178
103 396 356
104 1782 1602
105 1980 1780
106 770 570
107 308 228
108 198 178
109 308 228
110 231 171
111 396 356
112 1386 1246
113 308 228
114 198 178
115 1386 1246
116 770 570
117 990 890
118 1584 1424
119 1782 1602
120 154 114
121 1386 1246
122 231 171
123 462 342
124 693 513
125 594 534
126 770 570
127 770 570
128 594 534
129 385 285
130 990 890
131 396 356
132 616 456
133 231 171
134 396 356
135 231 171
136 792 712
137 792 712
138 1386 1246
139 77 57
140 231 171
141 616 456
142 770 570
143 385 285
144 693 513
145 462 342
146 693 513
147 231 171
148 1584 1424
149 1584 1424
150 594 534
151 385 285
152 770 570
153 462 342
154 539 399
155 990 890
156 1584 1424
157 154 114
158 308 228
159 539 399
160 462 342
161 462 342
162 396 356
163 231 171
164 990 890
165 1188 1068
166 1386 1246
167 77 57
168 396 356
169 616 456
170 462 342
171 1782 1602
172 308 228
173 770 570
174 1584 1424
175 77 57
176 308 228
177 1584 1424
178 693 513
179 462 342
180 594 534
181 1980 1780
182 308 228
183 198 178
184 1188 1068
185 770 570
186 693 513
187 1782 1602
188 154 114
189 396 356
190 396 356
191 77 57
192 616 456
193 594 534
194 77 57
195 1386 1246
196 792 712
197 1188 1068
198 231 171
199 1584 1424
200 1386 1246
201 1980 1780
202 1980 1780
203 1386 1246
204 770 570
205 1188 1068
206 1188 1068
207 198 178
208 198 178
209 198 178
210 990 890
211 770 570
212 594 534
213 396 356
214 154 114
215 1980 1780
216 616 456
217 792 712
218 154 114
219 462 342
220 539 399
221 385 285
222 1782 1602
223 770 570
224 616 456
225 792 712
226 1386 1246
227 1980 1780
228 693 513
229 1386 1246
230 462 342
231 1584 1424
232 792 712
233 594 534
234 231 171
235 594 534
236 594 534
237 462 342
238 396 356
239 1386 1246
240 1386 1246
241 539 399
242 693 513
243 770 570
244 462 342
245 462 342
246 154 114
247 1782 1602
248 1386 1246
249 594 534
250 308 228
251 396 356
252 990 890
253 77 57
254 154 114
255 308 228
256 396 356
257 231 171
258 990 890
259 594 534
260 396 356
261 385 285
262 1782 1602
263 693 513
264 1386 1246
265 594 534
266 792 712
267 693 513
268 1386 1246
269 792 712
270 990 890
271 1782 1602
272 1782 1602
273 385 285
274 1980 1780
275 539 399
276 308 228
277 231 171
278 385 285
279 198 178
280 770 570
281 462 342
282 77 57
283 462 342
284 1386 1246
285 1188 1068
286 990 890
287 396 356
288 198 178
289 77 57
290 770 570
291 198 178
292 385 285
293 1386 1246
294 77 57
295 1188 1068
296 462 342
297 693 513
298 770 570
299 154 114
300 792 712
301 616 456
302 154 114
303 1980 1780
304 1584 1424
305 539 399
306 385 285
307 1782 1602
308 1980 1780
309 990 890
310 594 534
311 594 534
312 1386 1246
313 1188 1068
314 770 570
315 1782 1602
316 77 57
317 462 342
318 990 890
319 308 228
320 154 114
321 154 114
322 1782 1602
323 77 57
324 1386 1246
325 539 399
326 770 570
327 616 456
328 1188 1068
329 308 228
330 1386 1246
331 231 171
332 198 178
333 308 228
334 693 513
335 539 399
336 308 228
337 308 228
338 792 712
339 693 513
340 231 171
341 396 356
342 198 178
343 792 712
344 693 513
345 154 114
346 198 178
347 539 399
348 990 890
349 77 57
350 693 513
351 1782 1602
352 770 570
353 154 114
354 990 890
355 385 285
356 1584 1424
357 616 456
358 198 178
359 198 178
360 154 114
361 231 171
362 1386 1246
363 198 178
364 792 712
365 792 712
366 231 171
367 308 228
368 396 356
369 539 399
370 396 356
371 616 456
372 198 178
373 154 114
374 1980 1780
375 1188 1068
376 1782 1602
377 77 57
378 770 570
379 462 342
380 990 890
381 990 890
382 77 57
383 539 399
384 1980 1780
385 462 342
386 231 171
387 539 399
388 1980 1780
389 154 114
390 990 890
391 1386 1246
392 396 356
393 77 57
394 792 712
395 462 342
396 539 399
397 308 228
398 198 178
399 198 178
400 539 399
401 594 534
402 462 342
403 154 114
404 1386 1246
405 198 178
406 1188 1068
407 462 342
408 1188 1068
409 1782 1602
410 1782 1602
411 462 342
412 385 285
413 462 342
414 308 228
415 1188 1068
416 1584 1424
417 990 890
418 792 712
419 1584 1424
420 1386 1246
421 1386 1246
422 1188 1068
423 693 513
424 308 228
425 385 285
426 1584 1424
427 616 456
428 231 171
429 462 342
430 385 285
431 198 178
432 198 178
433 77 57
434 594 534
435 231 171
436 770 570
437 385 285
438 539 399
439 616 456
440 693 513
441 1782 1602
442 594 534
443 198 178
444 154 114
445 1584 1424
446 231 171
447 539 399
448 594 534
449 770 570
450 231 171
451 1782 1602
452 198 178
453 693 513
454 385 285
455 308 228
456 1188 1068
457 308 228
458 770 570
459 1980 1780
460 462 342
461 1188 1068
462 1188 1068
463 616 456
464 1980 1780
465 1188 1068
466 77 57
467 1584 1424
468 154 114
469 616 456
470 1980 1780
471 770 570
472 990 890
473 1782 1602
474 1980 1780
475 1386 1246
476 385 285
477 385 285
478 462 342
479 770 570
480 792 712
481 198 178
482 792 712
483 693 513
484 385 285
485 1980 1780
486 594 534
487 693 513
488 462 342
489 990 890
490 1782 1602
491 1782 1602
492 616 456
493 770 570
494 539 399
495 1188 1068
496 1782 1602
497 1386 1246
498 616 456
499 154 114
500 616 456
501 770 570
502 1386 1246
503 77 57
504 1188 1068
505 1188 1068
506 1980 1780
507 1782 1602
508 396 356
509 1188 1068
510 1980 1780
511 1188 1068
512 616 456
513 1782 1602
514 77 57
515 154 114
516 385 285
517 594 534
518 385 285
519 231 171
520 462 342
521 198 178
522 385 285
523 1980 1780
524 693 513
525 990 890
526 154 114
527 396 356
528 1980 1780
529 539 399
530 1980 1780
531 1782 1602
532 594 534
533 594 534
534 1188 1068
535 462 342
536 385 285
537 154 114
538 616 456
539 308 228
540 1980 1780
541 385 285
542 1584 1424
543 792 712
544 396 356
545 539 399
546 616 456
547 1980 1780
548 1584 1424
549 154 114
550 77 57
551 77 57
552 1782 1602
553 1782 1602
554 539 399
555 385 285
556 1386 1246
557 539 399
558 616 456
559 77 57
560 616 456
561 231 171
562 1584 1424
563 594 534
564 1782 1602
565 231 171
566 539 399
567 693 513
568 594 534
569 1584 1424
570 770 570
571 616 456
572 770 570
573 693 513
574 1980 1780
575 396 356
576 770 570
577 154 114
578 1386 1246
579 462 342
580 990 890
581 616 456
582 396 356
583 1782 1602
584 231 171
585 462 342
586 1584 1424
587 792 712
588 770 570
589 231 171
590 1980 1780
591 1782 1602
592 1188 1068
593 396 356
594 154 114
595 594 534
596 308 228
597 594 534
598 990 890
599 462 342
600 1386 1246
601 198 178
602 616 456
603 539 399
604 154 114
605 1188 1068
606 594 534
607 1980 1780
608 77 57
609 462 342
610 154 114
611 77 57
612 385 285
613 1386 1246
614 231 171
615 1584 1424
616 693 513
617 594 534
618 594 534
619 1584 1424
620 792 712
621 770 570
622 616 456
623 1188 1068
624 231 171
625 231 171
626 154 114
627 1188 1068
628 792 712
629 1782 1602
630 594 534
631 1188 1068
632 770 570
633 1188 1068
634 539 399
635 1980 1780
636 539 399
637 693 513
638 308 228
639 1980 1780
640 396 356
641 231 171
642 198 178
643 231 171
644 539 399
645 594 534
646 792 712
647 616 456
648 792 712
649 1782 1602
650 1980 1780
651 77 57
652 616 456
653 308 228
654 198 178
655 990 890
656 1188 1068
657 1980 1780
658 594 534
659 154 114
660 693 513
661 1980 1780
662 792 712
663 77 57
664 462 342
665 594 534
666 1782 1602
667 1188 1068
668 1188 1068
669 462 342
670 770 570
671 539 399
672 462 342
673 308 228
674 231 171
675 770 570
676 198 178
677 1980 1780
678 1188 1068
679 385 285
680 693 513
681 616 456
682 990 890
683 770 570
684 308 228
685 1980 1780
686 616 456
687 792 712
688 594 534
689 462 342
690 1386 1246
691 396 356
692 770 570
693 396 356
694 616 456
695 1782 1602
696 154 114
697 308 228
698 396 356
699 1584 1424
700 1782 1602
701 231 171
702 308 228
703 154 114
704 154 114
705 539 399
706 462 342
707 594 534
708 1188 1068
709 1782 1602
710 1188 1068
711 77 57
712 385 285
713 990 890
714 154 114
715 462 342
716 1980 1780
717 77 57
718 616 456
719 1980 1780
720 1386 1246
721 990 890
722 770 570
723 693 513
724 198 178
725 770 570
726 1584 1424
727 693 513
728 1782 1602
729 308 228
730 385 285
731 462 342
732 616 456
733 792 712
734 396 356
735 1386 1246
736 616 456
737 462 342
738 1584 1424
739 385 285
740 616 456
741 616 456
742 308 228
743 385 285
744 594 534
745 308 228
746 462 342
747 1386 1246
748 154 114
749 231 171
750 154 114
751 1782 1602
752 198 178
753 616 456
754 308 228
755 385 285
756 1980 1780
757 616 456
758 693 513
759 396 356
760 1584 1424
761 1584 1424
762 770 570
763 1584 1424
764 1980 1780
765 1782 1602
766 308 228
767 770 570
768 1386 1246
769 693 513
770 770 570
771 154 114
772 385 285
773 396 356
774 1782 1602
775 154 114
776 990 890
777 1188 1068
778 198 178
779 154 114
780 1584 1424
781 770 570
782 1188 1068
783 693 513
784 539 399
785 231 171
786 154 114
787 385 285
788 594 534
789 693 513
790 693 513
791 770 570
792 616 456
793 1584 1424
794 198 178
795 385 285
796 396 356
797 792 712
798 77 57
799 1386 1246
800 1782 1602
801 616 456
802 1980 1780
803 594 534
804 792 712
805 616 456
806 1188 1068
807 1188 1068
808 1584 1424
809 594 534
810 1386 1246
811 539 399
812 77 57
813 396 356
814 1980 1780
815 1386 1246
816 396 356
817 594 534
818 198 178
819 385 285
820 1980 1780
821 616 456
822 1782 1602
823 385 285
824 792 712
825 154 114
826 1782 1602
827 396 356
828 154 114
829 385 285
830 308 228
831 231 171
832 462 342
833 1584 1424
834 616 456
835 594 534
836 308 228
837 616 456
838 1386 1246
839 396 356
840 231 171
841 308 228
842 693 513
843 198 178
844 231 171
845 1386 1246
846 1782 1602
847 1188 1068
848 616 456
849 198 178
850 1386 1246
851 198 178
852 770 570
853 77 57
854 308 228
855 770 570
856 396 356
857 1782 1602
858 616 456
859 693 513
860 77 57
861 1584 1424
862 792 712
863 385 285
864 770 570
865 594 534
866 198 178
867 308 228
868 990 890
869 154 114
870 385 285
871 792 712
872 154 114
873 1980 1780
874 1386 1246
875 308 228
876 1188 1068
877 1782 1602
878 616 456
879 770 570
880 1584 1424
881 616 456
882 1188 1068
883 385 285
884 198 178
885 1980 1780
886 198 178
887 385 285
888 990 890
889 770 570
890 396 356
891 462 342
892 198 178
893 198 178
894 154 114
895 198 178
896 385 285
897 385 285
898 990 890
899 308 228
900 770 570
901 792 712
902 1386 1246
903 1188 1068
904 594 534
905 1584 1424
906 385 285
907 693 513
908 154 114
909 770 570
910 792 712
911 1386 1246
912 1980 1780
913 462 342
914 792 712
915 1386 1246
916 77 57
917 594 534
918 1980 1780
919 1188 1068
920 1584 1424
921 1980 1780
922 308 228
923 1584 1424
924 231 171
925 154 114
926 616 456
927 1386 1246
928 770 570
929 198 178
930 616 456
931 154 114
932 77 57
933 462 342
934 1584 1424
935 594 534
936 693 513
937 198 178
938 770 570
939 990 890
940 77 57
941 1782 1602
942 770 570
943 1188 1068
944 1188 1068
945 1782 1602
946 539 399
947 1782 1602
948 1584 1424
949 1188 1068
950 198 178
951 462 342
952 990 890
953 693 513
954 308 228
955 1980 1780
956 231 171
957 990 890
958 792 712
959 396 356
960 594 534
961 231 171
962 990 890
963 594 534
964 396 356
965 462 342
966 396 356
967 198 178
968 154 114
969 770 570
970 1188 1068
971 770 570
972 792 712
973 1782 1602
974 616 456
975 77 57
976 1782 1602
977 1188 1068
978 385 285
979 792 712
980 154 114
981 1782 1602
982 770 570
983 154 114
984 308 228
985 1188 1068
986 1980 1780
987 198 178
988 1980 1780
989 1584 1424
990 385 285
991 1782 1602
992 693 513
993 616 456
994 396 356
995 1782 1602
996 1584 1424
997 308 228
998 396 356
999 1782 1602
1000 198 178
1001 308 228
1002 198 178
1003 77 57
1004 198 178
1005 154 114
1006 990 890
1007 154 114
1008 231 171
1009 1980 1780
1010 385 285
1011 231 171
1012 154 114
1013 616 456
1014 792 712
1015 792 712
1016 396 356
1017 1782 1602
1018 792 712
1019 231 171
1020 594 534
1021 396 356
1022 1980 1780
1023 396 356
1024 1386 1246
1025 770 570
1026 385 285
1027 1782 1602
1028 539 399
1029 154 114
1030 462 342
1031 693 513
1032 693 513
1033 462 342
1034 396 356
1035 792 712
1036 308 228
1037 1782 1602
1038 77 57
1039 396 356
1040 231 171
1041 1782 1602
1042 616 456
1043 792 712
1044 308 228
1045 1386 1246
1046 594 534
1047 1980 1780
1048 539 399
1049 693 513
1050 1188 1068
1051 1188 1068
1052 1584 1424
1053 77 57
1054 1584 1424
1055 198 178
1056 231 171
1057 770 570
1058 198 178
1059 396 356
1060 539 399
1061 1584 1424
1062 77 57
1063 1386 1246
1064 308 228
1065 539 399
1066 990 890
1067 77 57
1068 198 178
1069 198 178
1070 231 171
1071 396 356
1072 77 57
1073 1782 1602
1074 770 570
1075 77 57
1076 462 342
1077 308 228
1078 198 178
1079 385 285
1080 462 342
1081 154 114
1082 1782 1602
1083 594 534
1084 990 890
1085 770 570
1086 616 456
1087 594 534
1088 154 114
1089 770 570
1090 1188 1068
1091 154 114
1092 792 712
1093 693 513
1094 154 114
1095 308 228
1096 1782 1602
1097 462 342
1098 154 114
1099 539 399
1100 1980 1780
1101 396 356
1102 1584 1424
1103 792 712
1104 594 534
1105 385 285
1106 385 285
1107 198 178
1108 462 342
1109 616 456
1110 77 57
1111 1386 1246
1112 616 456
1113 198 178
1114 770 570
1115 231 171
1116 198 178
1117 385 285
1118 1188 1068
1119 154 114
1120 154 114
1121 594 534
1122 616 456
1123 594 534
1124 462 342
1125 308 228
1126 77 57
1127 77 57
1128 1386 1246
1129 770 570
1130 198 178
1131 198 178
1132 616 456
1133 231 171
1134 1188 1068
1135 396 356
1136 1980 1780
1137 1980 1780
1138 539 399
1139 990 890
1140 770 570
1141 462 342
1142 792 712
1143 539 399
1144 1386 1246
1145 1386 1246
1146 594 534
1147 308 228
1148 385 285
1149 990 890
1150 693 513
1151 1188 1068
1152 77 57
1153 1980 1780
1154 539 399
1155 792 712
1156 792 712
1157 385 285
1158 792 712
1159 770 570
1160 1386 1246
1161 385 285
1162 385 285
1163 462 342
1164 539 399
1165 1980 1780
1166 1980 1780
1167 539 399
1168 770 570
1169 539 399
1170 616 456
1171 396 356
1172 792 712
1173 1980 1780
1174 990 890
1175 792 712
1176 154 114
1177 990 890
1178 616 456
1179 693 513
1180 594 534
1181 462 342
1182 616 456
1183 154 114
1184 792 712
1185 1980 1780
1186 1584 1424
1187 1584 1424
1188 385 285
1189 385 285
1190 231 171
1191 594 534
1192 770 570
1193 792 712
1194 154 114
1195 154 114
1196 1980 1780
1197 385 285
1198 594 534
1199 693 513
1200 1188 1068
1201 462 342
1202 693 513
1203 616 456
1204 385 285
1205 231 171
1206 1980 1780
1207 396 356
1208 231 171
1209 1584 1424
1210 594 534
1211 1386 1246
1212 462 342
1213 308 228
1214 1782 1602
1215 1782 1602
1216 770 570
1217 616 456
1218 594 534
1219 594 534
1220 1386 1246
1221 792 712
1222 308 228
1223 1386 1246
1224 231 171
1225 594 534
1226 462 342
1227 1782 1602
1228 616 456
1229 616 456
1230 1188 1068
1231 1584 1424
1232 792 712
1233 1584 1424
1234 77 57
1235 990 890
1236 198 178
1237 77 57
1238 1584 1424
1239 693 513
1240 308 228
1241 1782 1602
1242 616 456
1243 385 285
1244 198 178
1245 594 534
1246 231 171
1247 231 171
1248 990 890
1249 990 890
1250 1584 1424
1251 792 712
1252 198 178
1253 77 57
1254 990 890
1255 616 456
1256 693 513
1257 693 513
1258 308 228
1259 693 513
1260 154 114
1261 539 399
1262 539 399
1263 77 57
1264 231 171
1265 231 171
1266 462 342
1267 770 570
1268 308 228
1269 1386 1246
1270 462 342
1271 539 399
1272 1584 1424
1273 990 890
1274 1188 1068
1275 770 570
1276 1584 1424
1277 770 570
1278 77 57
1279 1584 1424
1280 616 456
1281 1980 1780
1282 770 570
1283 462 342
1284 1386 1246
1285 616 456
1286 1584 1424
1287 385 285
1288 1980 1780
1289 616 456
1290 154 114
1291 616 456
1292 990 890
1293 308 228
1294 231 171
1295 594 534
1296 1584 1424
1297 396 356
1298 616 456
1299 396 356
1300 231 171
1301 77 57
1302 462 342
1303 154 114
1304 1584 1424
1305 990 890
1306 693 513
1307 1782 1602
1308 770 570
1309 154 114
1310 231 171
1311 1386 1246
1312 154 114
1313 154 114
1314 693 513
1315 1782 1602
1316 1980 1780
1317 462 342
1318 1386 1246
1319 308 228
1320 1386 1246
1321 1782 1602
1322 231 171
1323 462 342
1324 539 399
1325 231 171
1326 77 57
1327 770 570
1328 385 285
1329 1386 1246
1330 77 57
1331 198 178
1332 539 399
1333 462 342
1334 77 57
1335 231 171
1336 616 456
1337 396 356
1338 990 890
1339 231 171
1340 1782 1602
1341 231 171
1342 1980 1780
1343 1980 1780
1344 462 342
1345 1188 1068
1346 770 570
1347 990 890
1348 154 114
1349 385 285
1350 154 114
1351 385 285
1352 77 57
1353 154 114
1354 385 285
1355 770 570
1356 198 178
1357 1584 1424
1358 693 513
1359 792 712
1360 77 57
1361 990 890
1362 1782 1602
1363 792 712
1364 462 342
1365 308 228
1366 616 456
1367 693 513
1368 77 57
1369 462 342
1370 77 57
1371 385 285
1372 792 712
1373 1386 1246
1374 77 57
1375 1782 1602
1376 385 285
1377 385 285
1378 198 178
1379 1782 1602
1380 462 342
1381 198 178
1382 770 570
1383 693 513
1384 594 534
1385 198 178
1386 1584 1424
1387 616 456
1388 693 513
1389 198 178
1390 1980 1780
1391 1980 1780
1392 693 513
1393 594 534
1394 198 178
1395 231 171
1396 77 57
1397 1386 1246
1398 396 356
1399 792 712
1400 770 570
1401 77 57
1402 1782 1602
1403 1782 1602
1404 616 456
1405 693 513
1406 770 570
1407 1782 1602
1408 792 712
1409 396 356
1410 1584 1424
1411 1584 1424
1412 1386 1246
1413 616 456
1414 1386 1246
1415 594 534
1416 1584 1424
1417 385 285
1418 462 342
1419 231 171
1420 231 171
1421 1980 1780
1422 990 890
1423 308 228
1424 308 228
1425 1980 1780
1426 198 178
1427 198 178
1428 616 456
1429 594 534
1430 198 178
1431 198 178
1432 396 356
1433 1584 1424
1434 1980 1780
1435 231 171
1436 616 456
1437 154 114
1438 792 712
1439 198 178
1440 594 534
1441 539 399
1442 1782 1602
1443 616 456
1444 385 285
1445 462 342
1446 385 285
1447 1782 1602
1448 770 570
1449 1386 1246
1450 1782 1602
1451 1980 1780
1452 396 356
1453 539 399
1454 792 712
1455 539 399
1456 693 513
1457 539 399
1458 231 171
1459 77 57
1460 990 890
1461 1980 1780
1462 385 285
1463 539 399
1464 308 228
1465 1386 1246
1466 792 712
1467 77 57
1468 1980 1780
1469 792 712
1470 1584 1424
1471 1782 1602
1472 1386 1246
1473 990 890
1474 1188 1068
1475 1782 1602
1476 770 570
1477 385 285
1478 539 399
1479 539 399
1480 1980 1780
1481 770 570
1482 396 356
1483 1782 1602
1484 462 342
1485 616 456
1486 616 456
1487 308 228
1488 198 178
1489 385 285
1490 616 456
1491 693 513
1492 308 228
1493 770 570
1494 198 178
1495 231 171
1496 594 534
1497 770 570
1498 1386 1246
1499 396 356
1500 385 285
1501 154 114
1502 792 712
1503 539 399
1504 77 57
1505 396 356
1506 792 712
1507 770 570
1508 990 890
1509 231 171
1510 308 228
1511 396 356
1512 1386 1246
1513 198 178
1514 1386 1246
1515 462 342
1516 1188 1068
1517 539 399
1518 1980 1780
1519 308 228
1520 77 57
1521 594 534
1522 308 228
1523 539 399
1524 792 712
1525 594 534
1526 1386 1246
1527 231 171
1528 77 57
1529 396 356
1530 616 456
1531 693 513
1532 990 890
1533 693 513
1534 594 534
1535 308 228
1536 154 114
1537 231 171
1538 385 285
1539 154 114
1540 1980 1780
1541 396 356
1542 462 342
1543 770 570
1544 385 285
1545 1782 1602
1546 1386 1246
1547 396 356
1548 154 114
1549 693 513
1550 594 534
1551 308 228
1552 77 57
1553 1188 1068
1554 1782 1602
1555 154 114
1556 231 171
1557 1782 1602
1558 990 890
1559 539 399
1560 198 178
1561 693 513
1562 594 534
1563 77 57
1564 462 342
1565 1782 1602
1566 1980 1780
1567 1188 1068
1568 693 513
1569 154 114
1570 616 456
1571 77 57
1572 1386 1246
1573 154 114
1574 1584 1424
1575 1980 1780
1576 539 399
1577 539 399
1578 616 456
1579 1584 1424
1580 462 342
1581 616 456
1582 990 890
1583 77 57
1584 792 712
1585 693 513
1586 396 356
1587 594 534
1588 693 513
1589 792 712
1590 231 171
1591 385 285
1592 154 114
1593 1980 1780
1594 616 456
1595 1980 1780
1596 1188 1068
1597 693 513
1598 385 285
1599 77 57
1600 308 228
1601 1980 1780
1602 539 399
1603 770 570
1604 1188 1068
1605 693 513
1606 1782 1602
1607 1188 1068
1608 231 171
1609 385 285
1610 154 114
1611 1386 1246
1612 154 114
1613 1386 1246
1614 616 456
1615 1980 1780
1616 594 534
1617 539 399
1618 693 513
1619 462 342
1620 616 456
1621 990 890
1622 1386 1246
1623 594 534
1624 990 890
1625 308 228
1626 231 171
1627 462 342
1628 77 57
1629 594 534
1630 693 513
1631 594 534
1632 770 570
1633 308 228
1634 616 456
1635 770 570
1636 594 534
1637 154 114
1638 396 356
1639 154 114
1640 792 712
1641 198 178
1642 1584 1424
1643 231 171
1644 77 57
1645 693 513
1646 1980 1780
1647 616 456
1648 1188 1068
1649 198 178
1650 308 228
1651 792 712
1652 616 456
1653 462 342
1654 198 178
1655 396 356
1656 594 534
1657 396 356
1658 1584 1424
1659 693 513
1660 1980 1780
1661 462 342
1662 231 171
1663 308 228
1664 396 356
1665 594 534
1666 154 114
1667 594 534
1668 154 114
1669 539 399
1670 792 712
1671 539 399
1672 1188 1068
1673 792 712
1674 1584 1424
1675 462 342
1676 539 399
1677 1980 1780
1678 1188 1068
1679 770 570
1680 154 114
1681 693 513
1682 1584 1424
1683 198 178
1684 462 342
1685 1188 1068
1686 385 285
1687 616 456
1688 770 570
1689 231 171
1690 1188 1068
1691 1386 1246
1692 1782 1602
1693 154 114
1694 1188 1068
1695 462 342
1696 231 171
1697 1584 1424
1698 693 513
1699 1980 1780
1700 1782 1602
1701 1782 1602
1702 231 171
1703 231 171
1704 1188 1068
1705 396 356
1706 308 228
1707 594 534
1708 1386 1246
1709 990 890
1710 1584 1424
1711 792 712
1712 539 399
1713 396 356
1714 594 534
1715 1188 1068
1716 616 456
1717 990 890
1718 385 285
1719 1584 1424
1720 1386 1246
1721 154 114
1722 616 456
1723 154 114
1724 154 114
1725 462 342
1726 770 570
1727 1782 1602
1728 1980 1780
1729 792 712
1730 231 171
1731 539 399
1732 539 399
1733 1980 1780
1734 1386 1246
1735 77 57
1736 594 534
1737 792 712
1738 1980 1780
1739 77 57
1740 792 712
1741 594 534
1742 308 228
1743 594 534
1744 594 534
1745 154 114
1746 539 399
1747 1188 1068
1748 396 356
1749 1584 1424
1750 385 285
1751 308 228
1752 198 178
1753 792 712
1754 77 57
1755 693 513
1756 77 57
1757 770 570
1758 616 456
1759 198 178
1760 792 712
1761 462 342
1762 1584 1424
1763 396 356
1764 396 356
1765 693 513
1766 594 534
1767 462 342
1768 1782 1602
1769 396 356
1770 539 399
1771 1980 1780
1772 1782 1602
1773 154 114
1774 385 285
1775 616 456
1776 462 342
1777 396 356
1778 385 285
1779 231 171
1780 616 456
1781 198 178
1782 594 534
1783 792 712
1784 77 57
1785 1188 1068
1786 1980 1780
1787 1188 1068
1788 396 356
1789 792 712
1790 385 285
1791 1584 1424
1792 594 534
1793 990 890
1794 1782 1602
1795 1782 1602
1796 770 570
1797 308 228
1798 792 712
1799 396 356
1800 1386 1246
1801 990 890
1802 77 57
1803 616 456
1804 396 356
1805 1584 1424
1806 462 342
1807 792 712
1808 770 570
1809 308 228
1810 198 178
1811 990 890
1812 396 356
1813 693 513
1814 77 57
1815 594 534
1816 792 712
1817 693 513
1818 1980 1780
1819 770 570
1820 308 228
1821 154 114
1822 198 178
1823 1584 1424
1824 1980 1780
1825 308 228
1826 1188 1068
1827 462 342
1828 462 342
1829 396 356
1830 77 57
1831 77 57
1832 792 712
1833 990 890
1834 616 456
1835 594 534
1836 792 712
1837 990 890
1838 308 228
1839 792 712
1840 154 114
1841 385 285
1842 77 57
1843 77 57
1844 616 456
1845 594 534
1846 1782 1602
1847 231 171
1848 1980 1780
1849 462 342
1850 462 342
1851 308 228
1852 77 57
1853 770 570
1854 693 513
1855 990 890
1856 154 114
1857 154 114
1858 1386 1246
1859 1782 1602
1860 462 342
1861 770 570
1862 1386 1246
1863 231 171
1864 1782 1602
1865 77 57
1866 77 57
1867 990 890
1868 693 513
1869 693 513
1870 1980 1780
1871 1782 1602
1872 770 570
1873 1980 1780
1874 616 456
1875 154 114
1876 616 456
1877 594 534
1878 198 178
1879 385 285
1880 154 114
1881 770 570
1882 539 399
1883 308 228
1884 1782 1602
1885 462 342
1886 308 228
1887 308 228
1888 154 114
1889 1188 1068
1890 198 178
1891 539 399
1892 77 57
1893 1980 1780
1894 1584 1424
1895 539 399
1896 1386 1246
1897 308 228
1898 396 356
1899 1980 1780
1900 77 57
1901 792 712
1902 1980 1780
1903 1188 1068
1904 693 513
1905 1584 1424
1906 1980 1780
1907 308 228
1908 990 890
1909 990 890
1910 594 534
1911 539 399
1912 616 456
1913 539 399
1914 1386 1246
1915 539 399
1916 154 114
1917 1584 1424
1918 154 114
1919 539 399
1920 198 178
1921 1584 1424
1922 154 114
1923 385 285
1924 77 57
1925 396 356
1926 1584 1424
1927 1584 1424
1928 396 356
1929 1386 1246
1930 1782 1602
1931 231 171
1932 462 342
1933 1980 1780
1934 1188 1068
1935 1980 1780
1936 1584 1424
1937 385 285
1938 231 171
1939 154 114
1940 1386 1246
1941 990 890
1942 77 57
1943 693 513
1944 154 114
1945 616 456
1946 792 712
1947 77 57
1948 1188 1068
1949 396 356
1950 1980 1780
1951 792 712
1952 594 534
1953 385 285
1954 462 342
1955 231 171
1956 396 356
1957 1584 1424
1958 770 570
1959 462 342
1960 1386 1246
1961 792 712
1962 385 285
1963 231 171
1964 1980 1780
1965 594 534
1966 231 171
1967 396 356
1968 308 228
1969 231 171
1970 198 178
1971 1386 1246
1972 462 342
1973 693 513
1974 770 570
1975 77 57
1976 154 114
1977 385 285
1978 198 178
1979 154 114
1980 539 399
1981 1782 1602
1982 539 399
1983 462 342
1984 693 513
1985 1782 1602
1986 462 342
1987 693 513
1988 154 114
1989 616 456
1990 1188 1068
1991 231 171
1992 539 399
1993 385 285
1994 462 342
1995 154 114
1996 1188 1068
1997 77 57
1998 1584 1424
1999 154 114
2000 792 712
2001 693 513
2002 693 513
2003 385 285
2004 231 171
2005 1386 1246
2006 594 534
2007 990 890
2008 1980 1780
2009 1782 1602
2010 792 712
2011 1980 1780
2012 770 570
2013 385 285
2014 77 57
2015 1584 1424
2016 462 342
2017 77 57
2018 462 342
2019 1386 1246
2020 396 356
2021 770 570
2022 154 114
2023 198 178
2024 77 57
2025 792 712
2026 396 356
2027 1188 1068
2028 308 228
2029 539 399
2030 462 342
2031 385 285
2032 792 712
2033 154 114
2034 231 171
2035 308 228
2036 1584 1424
2037 1782 1602
2038 308 228
2039 396 356
2040 77 57
2041 396 356
2042 385 285
2043 1782 1602
2044 693 513
2045 198 178
2046 594 534
2047 308 228
2048 539 399
2049 594 534
2050 1188 1068
2051 231 171
2052 462 342
2053 308 228
2054 154 114
2055 1782 1602
2056 462 342
2057 231 171
2058 462 342
2059 792 712
2060 693 513
2061 231 171
2062 1584 1424
2063 594 534
2064 594 534
2065 154 114
2066 990 890
2067 594 534
2068 1782 1602
2069 990 890
2070 616 456
2071 693 513
2072 198 178
2073 1782 1602
2074 77 57
2075 385 285
2076 154 114
2077 594 534
2078 308 228
2079 1980 1780
2080 1782 1602
2081 770 570
2082 1386 1246
2083 539 399
2084 1386 1246
2085 539 399
2086 990 890
2087 616 456
2088 1386 1246
2089 1782 1602
2090 1584 1424
2091 1782 1602
2092 462 342
2093 792 712
2094 792 712
2095 154 114
2096 1188 1068
2097 77 57
2098 154 114
2099 693 513
2100 616 456
2101 198 178
2102 693 513
2103 77 57
2104 1386 1246
2105 308 228
2106 308 228
2107 594 534
2108 77 57
2109 385 285
2110 1386 1246
2111 462 342
2112 308 228
2113 396 356
2114 385 285
2115 154 114
2116 990 890
2117 462 342
2118 770 570
2119 770 570
2120 990 890
2121 231 171
2122 792 712
2123 154 114
2124 396 356
2125 308 228
2126 198 178
2127 990 890
2128 1980 1780
2129 770 570
2130 1188 1068
2131 154 114
2132 539 399
2133 462 342
2134 396 356
2135 385 285
2136 462 342
2137 308 228
2138 462 342
2139 1980 1780
2140 396 356
2141 1188 1068
2142 1980 1780
2143 385 285
2144 594 534
2145 198 178
2146 462 342
2147 77 57
2148 1980 1780
2149 693 513
2150 1980 1780
2151 693 513
2152 770 570
2153 1584 1424
2154 792 712
2155 77 57
2156 1782 1602
2157 462 342
2158 1188 1068
2159 770 570
2160 616 456
2161 792 712
2162 693 513
2163 594 534
2164 1188 1068
2165 990 890
2166 770 570
2167 693 513
2168 792 712
2169 594 534
2170 1584 1424
2171 594 534
2172 396 356
2173 770 570
2174 154 114
2175 308 228
2176 154 114
2177 1584 1424
2178 1188 1068
2179 616 456
2180 594 534
2181 990 890
2182 990 890
2183 308 228
2184 594 534
2185 693 513
2186 1386 1246
2187 462 342
2188 154 114
2189 396 356
2190 594 534
2191 1188 1068
2192 990 890
2193 1188 1068
2194 1188 1068
2195 385 285
2196 1386 1246
2197 1980 1780
2198 308 228
2199 77 57
2200 396 356
2201 616 456
2202 616 456
2203 462 342
2204 77 57
2205 1386 1246
2206 1980 1780
2207 77 57
2208 1386 1246
2209 792 712
2210 792 712
2211 1386 1246
2212 396 356
2213 1782 1602
2214 792 712
2215 462 342
2216 198 178
2217 1386 1246
2218 990 890
2219 1188 1068
2220 539 399
2221 308 228
2222 462 342
2223 1188 1068
2224 539 399
2225 616 456
2226 77 57
2227 462 342
2228 1386 1246
2229 396 356
2230 594 534
2231 1980 1780
2232 462 342
2233 792 712
2234 396 356
2235 77 57
2236 1386 1246
2237 385 285
2238 1584 1424
2239 616 456
2240 792 712
2241 154 114
2242 308 228
2243 308 228
2244 308 228
2245 385 285
2246 770 570
2247 594 534
2248 616 456
2249 1584 1424
2250 792 712
2251 1584 1424
2252 462 342
2253 1584 1424
2254 1980 1780
2255 308 228
2256 1386 1246
2257 77 57
2258 1980 1780
2259 1584 1424
2260 1584 1424
2261 231 171
2262 1386 1246
2263 396 356
2264 308 228
2265 154 114
2266 231 171
2267 154 114
2268 792 712
2269 1782 1602
2270 594 534
2271 308 228
2272 1188 1068
2273 594 534
2274 616 456
2275 385 285
2276 792 712
2277 1188 1068
2278 231 171
2279 594 534
2280 198 178
2281 77 57
2282 1386 1246
2283 1188 1068
2284 594 534
2285 462 342
2286 1386 1246
2287 462 342
2288 396 356
2289 1782 1602
2290 396 356
2291 616 456
2292 396 356
2293 990 890
2294 396 356
2295 693 513
2296 616 456
2297 198 178
2298 198 178
2299 396 356
2300 462 342
2301 1584 1424
2302 616 456
2303 770 570
2304 539 399
2305 770 570
2306 594 534
2307 462 342
2308 1782 1602
2309 1188 1068
2310 396 356
2311 396 356
2312 1980 1780
2313 693 513
2314 396 356
2315 231 171
2316 1782 1602
2317 1188 1068
2318 231 171
2319 154 114
2320 396 356
2321 1386 1246
2322 231 171
2323 231 171
2324 385 285
2325 539 399
2326 1386 1246
2327 770 570
2328 1188 1068
2329 385 285
2330 462 342
2331 1980 1780
2332 385 285
2333 770 570
2334 990 890
2335 1980 1780
2336 693 513
2337 308 228
2338 539 399
2339 308 228
2340 1980 1780
2341 539 399
2342 308 228
2343 990 890
2344 385 285
2345 77 57
2346 1584 1424
2347 1782 1602
2348 1584 1424
2349 616 456
2350 1584 1424
2351 539 399
2352 594 534
2353 1386 1246
2354 1386 1246
2355 1386 1246
2356 594 534
2357 539 399
2358 385 285
2359 231 171
2360 198 178
2361 792 712
2362 1386 1246
2363 539 399
2364 792 712
2365 198 178
2366 198 178
2367 308 228
2368 594 534
2369 231 171
2370 462 342
2371 693 513
2372 77 57
2373 77 57
2374 385 285
2375 594 534
2376 154 114
2377 693 513
2378 1386 1246
2379 154 114
2380 198 178
2381 616 456
2382 308 228
2383 594 534
2384 616 456
2385 1188 1068
2386 462 342
2387 77 57
2388 77 57
2389 616 456
2390 385 285
2391 396 356
2392 1386 1246
2393 1782 1602
2394 462 342
2395 1188 1068
2396 231 171
2397 990 890
2398 990 890
2399 1584 1424
2400 396 356
2401 231 171
2402 1386 1246
2403 396 356
2404 231 171
2405 1188 1068
2406 396 356
2407 792 712
2408 385 285
2409 396 356
2410 594 534
2411 154 114
2412 396 356
2413 792 712
2414 77 57
2415 1188 1068
2416 1386 1246
2417 1782 1602
2418 990 890
2419 385 285
2420 198 178
2421 462 342
2422 308 228
2423 1980 1780
2424 77 57
2425 154 114
2426 1782 1602
2427 385 285
2428 770 570
2429 154 114
2430 539 399
2431 693 513
2432 154 114
2433 693 513
2434 616 456
2435 462 342
2436 308 228
2437 462 342
2438 396 356
2439 396 356
2440 198 178
2441 1584 1424
2442 396 356
2443 539 399
2444 693 513
2445 770 570
2446 594 534
2447 462 342
2448 385 285
2449 198 178
2450 990 890
2451 539 399
2452 693 513
2453 594 534
2454 770 570
2455 770 570
2456 770 570
2457 385 285
2458 770 570
2459 1188 1068
2460 1980 1780
2461 990 890
2462 396 356
2463 1980 1780
2464 770 570
2465 616 456
2466 594 534
2467 385 285
2468 462 342
2469 539 399
2470 396 356
2471 462 342
2472 396 356
2473 154 114
2474 792 712
2475 77 57
2476 77 57
2477 308 228
2478 462 342
2479 231 171
2480 231 171
2481 990 890
2482 385 285
2483 231 171
2484 77 57
2485 594 534
2486 396 356
2487 539 399
2488 1782 1602
2489 198 178
2490 154 114
2491 77 57
2492 770 570
2493 990 890
2494 1386 1246
2495 231 171
2496 693 513
2497 539 399
2498 385 285
2499 154 114
2500 693 513
2501 990 890
2502 616 456
2503 594 534
2504 1782 1602
2505 231 171
2506 770 570
2507 792 712
2508 616 456
2509 1584 1424
2510 77 57
2511 1782 1602
2512 1782 1602
2513 462 342
2514 1782 1602
2515 990 890
2516 539 399
2517 462 342
2518 385 285
2519 1188 1068
2520 539 399
2521 1584 1424
2522 1782 1602
2523 990 890
2524 1980 1780
2525 792 712
2526 154 114
2527 154 114
2528 1980 1780
2529 396 356
2530 308 228
2531 77 57
2532 693 513
2533 1188 1068
2534 1386 1246
2535 693 513
2536 693 513
2537 770 570
2538 462 342
2539 1584 1424
2540 231 171
2541 462 342
2542 770 570
2543 231 171
2544 1584 1424
2545 385 285
2546 1188 1068
2547 77 57
2548 539 399
2549 154 114
2550 693 513
2551 77 57
2552 462 342
2553 1782 1602
2554 231 171
2555 693 513
2556 77 57
2557 77 57
2558 1980 1780
2559 792 712
2560 1584 1424
2561 1980 1780
2562 1584 1424
2563 1980 1780
2564 1386 1246
2565 1188 1068
2566 770 570
2567 1188 1068
2568 539 399
2569 154 114
2570 539 399
2571 594 534
2572 308 228
2573 198 178
2574 594 534
2575 77 57
2576 154 114
2577 198 178
2578 385 285
2579 396 356
2580 308 228
2581 594 534
2582 770 570
2583 1584 1424
2584 990 890
2585 1584 1424
2586 1386 1246
2587 1584 1424
2588 385 285
2589 990 890
2590 616 456
2591 990 890
2592 616 456
2593 308 228
2594 154 114
2595 539 399
2596 77 57
2597 990 890
2598 539 399
2599 770 570
2600 396 356
2601 594 534
2602 539 399
2603 616 456
2604 1782 1602
2605 539 399
2606 693 513
2607 1386 1246
2608 231 171
2609 198 178
2610 396 356
2611 693 513
2612 1188 1068
2613 462 342
2614 594 534
2615 231 171
2616 693 513
2617 1188 1068
2618 990 890
2619 154 114
2620 1386 1246
2621 1188 1068
2622 154 114
2623 990 890
2624 594 534
2625 693 513
2626 396 356
2627 1188 1068
2628 990 890
2629 231 171
2630 1782 1602
2631 1188 1068
2632 616 456
2633 1386 1246
2634 1980 1780
2635 594 534
2636 308 228
2637 594 534
2638 385 285
2639 154 114
2640 990 890
2641 308 228
2642 594 534
2643 539 399
2644 385 285
2645 198 178
2646 616 456
2647 770 570
2648 990 890
2649 1782 1602
2650 385 285
2651 1386 1246
2652 231 171
2653 385 285
2654 198 178
2655 1782 1602
2656 594 534
2657 231 171
2658 462 342
2659 1782 1602
2660 693 513
2661 396 356
2662 308 228
2663 594 534
2664 308 228
2665 77 57
2666 594 534
2667 1782 1602
2668 396 356
2669 693 513
2670 693 513
2671 539 399
2672 616 456
2673 594 534
2674 770 570
2675 792 712
2676 792 712
2677 990 890
2678 693 513
2679 1980 1780
2680 616 456
2681 792 712
2682 616 456
2683 77 57
2684 1188 1068
2685 396 356
2686 770 570
2687 1980 1780
2688 990 890
2689 770 570
2690 1584 1424
2691 396 356
2692 231 171
2693 539 399
2694 1782 1602
2695 539 399
2696 198 178
2697 1782 1602
2698 308 228
2699 77 57
2700 231 171
2701 308 228
2702 792 712
2703 770 570
2704 693 513
2705 770 570
2706 77 57
2707 1584 1424
2708 308 228
2709 792 712
2710 308 228
2711 198 178
2712 1584 1424
2713 462 342
2714 792 712
2715 1980 1780
2716 693 513
2717 198 178
2718 770 570
2719 154 114
2720 1980 1780
2721 594 534
2722 616 456
2723 1386 1246
2724 154 114
2725 616 456
2726 198 178
2727 1584 1424
2728 1188 1068
2729 693 513
2730 77 57
2731 198 178
2732 616 456
2733 396 356
2734 198 178
2735 77 57
2736 1980 1780
2737 792 712
2738 539 399
2739 154 114
2740 594 534
2741 539 399
2742 693 513
2743 1980 1780
2744 616 456
2745 308 228
2746 990 890
2747 154 114
2748 308 228
2749 616 456
2750 231 171
2751 539 399
2752 1584 1424
2753 77 57
2754 1188 1068
2755 616 456
2756 616 456
2757 308 228
2758 198 178
2759 770 570
2760 1188 1068
2761 396 356
2762 396 356
2763 77 57
2764 198 178
2765 231 171
2766 385 285
2767 308 228
2768 792 712
2769 385 285
2770 990 890
2771 231 171
2772 792 712
2773 396 356
2774 308 228
2775 990 890
2776 594 534
2777 693 513
2778 1980 1780
2779 396 356
2780 1782 1602
2781 594 534
2782 539 399
2783 1584 1424
2784 77 57
2785 385 285
2786 770 570
2787 396 356
2788 539 399
2789 990 890
2790 308 228
2791 396 356
2792 231 171
2793 770 570
2794 1980 1780
2795 616 456
2796 462 342
2797 385 285
2798 1188 1068
2799 308 228
2800 616 456
2801 792 712
2802 990 890
2803 77 57
2804 198 178
2805 462 342
2806 1386 1246
2807 1980 1780
2808 616 456
2809 1584 1424
2810 198 178
2811 616 456
2812 154 114
2813 770 570
2814 770 570
2815 231 171
2816 396 356
2817 154 114
2818 385 285
2819 231 171
2820 594 534
2821 308 228
2822 396 356
2823 594 534
2824 1188 1068
2825 1584 1424
2826 539 399
2827 693 513
2828 792 712
2829 616 456
2830 77 57
2831 1584 1424
2832 693 513
2833 1782 1602
2834 770 570
2835 154 114
2836 594 534
2837 154 114
2838 792 712
2839 308 228
2840 396 356
2841 616 456
2842 1980 1780
2843 693 513
2844 77 57
2845 693 513
2846 990 890
2847 198 178
2848 693 513
2849 693 513
2850 1584 1424
2851 154 114
2852 1188 1068
2853 539 399
2854 1782 1602
2855 385 285
2856 539 399
2857 693 513
2858 385 285
2859 616 456
2860 385 285
2861 1980 1780
2862 594 534
2863 154 114
2864 1980 1780
2865 990 890
2866 77 57
2867 693 513
2868 792 712
2869 308 228
2870 77 57
2871 693 513
2872 231 171
2873 385 285
2874 1980 1780
2875 1980 1780
2876 198 178
2877 396 356
2878 462 342
2879 539 399
2880 198 178
2881 198 178
2882 616 456
2883 616 456
2884 385 285
2885 792 712
2886 792 712
2887 77 57
2888 1980 1780
2889 1188 1068
2890 594 534
2891 770 570
2892 539 399
2893 990 890
2894 770 570
2895 462 342
2896 77 57
2897 990 890
2898 693 513
2899 1782 1602
2900 1782 1602
2901 990 890
2902 308 228
2903 1980 1780
2904 616 456
2905 1782 1602
2906 539 399
2907 198 178
2908 1980 1780
2909 1386 1246
2910 385 285
2911 231 171
2912 1386 1246
2913 1188 1068
2914 594 534
2915 385 285
2916 1584 1424
2917 385 285
2918 462 342
2919 594 534
2920 198 178
2921 1782 1602
2922 594 534
2923 770 570
2924 792 712
2925 198 178
2926 385 285
2927 198 178
2928 990 890
2929 396 356
2930 308 228
2931 154 114
2932 77 57
2933 770 570
2934 693 513
2935 1188 1068
2936 1386 1246
2937 693 513
2938 385 285
2939 198 178
2940 770 570
2941 396 356
2942 539 399
2943 198 178
2944 198 178
2945 308 228
2946 385 285
2947 990 890
2948 1782 1602
2949 198 178
2950 1188 1068
2951 693 513
2952 1188 1068
2953 616 456
2954 77 57
2955 308 228
2956 308 228
2957 462 342
2958 1782 1602
2959 231 171
2960 1386 1246
2961 792 712
2962 792 712
2963 1782 1602
2964 396 356
2965 594 534
2966 693 513
2967 1980 1780
2968 154 114
2969 198 178
2970 990 890
2971 616 456
2972 1386 1246
2973 198 178
2974 308 228
2975 990 890
2976 396 356
2977 308 228
2978 616 456
2979 693 513
2980 616 456
2981 77 57
2982 990 890
2983 1188 1068
2984 462 342
2985 616 456
2986 154 114
2987 1188 1068
2988 693 513
2989 1188 1068
2990 792 712
2991 462 342
2992 396 356
2993 231 171
2994 1782 1602
2995 1782 1602
2996 770 570
2997 1188 1068
2998 616 456
2999 77 57
3000 539 399
3001 231 171
3002 1584 1424
3003 1188 1068
3004 1188 1068
3005 616 456
3006 616 456
3007 1188 1068
3008 539 399
3009 308 228
3010 1980 1780
3011 308 228
3012 693 513
3013 594 534
3014 1386 1246
3015 462 342
3016 385 285
3017 616 456
3018 1980 1780
3019 385 285
3020 198 178
3021 198 178
3022 594 534
3023 792 712
3024 1782 1602
3025 770 570
3026 1584 1424
3027 1584 1424
3028 154 114
3029 1386 1246
3030 792 712
3031 1584 1424
3032 792 712
3033 154 114
3034 539 399
3035 231 171
3036 231 171
3037 693 513
3038 1782 1602
3039 396 356
3040 198 178
3041 231 171
3042 770 570
3043 1584 1424
3044 462 342
3045 990 890
3046 198 178
3047 308 228
3048 1188 1068
3049 1386 1246
3050 693 513
3051 770 570
3052 1782 1602
3053 308 228
3054 231 171
3055 1386 1246
3056 308 228
3057 308 228
3058 792 712
3059 770 570
3060 198 178
3061 462 342
3062 770 570
3063 77 57
3064 396 356
3065 1188 1068
3066 594 534
3067 693 513
3068 770 570
3069 396 356
3070 1980 1780
3071 594 534
3072 539 399
3073 231 171
3074 77 57
3075 770 570
3076 616 456
3077 396 356
3078 308 228
3079 1386 1246
3080 154 114
3081 1584 1424
3082 792 712
3083 990 890
3084 693 513
3085 792 712
3086 1584 1424
3087 231 171
3088 792 712
3089 539 399
3090 792 712
3091 770 570
3092 990 890
3093 792 712
3094 231 171
3095 1188 1068
3096 1386 1246
3097 154 114
3098 385 285
3099 154 114
3100 693 513
3101 308 228
3102 396 356
3103 1782 1602
3104 1188 1068
3105 693 513
3106 1980 1780
3107 154 114
3108 198 178
3109 693 513
3110 154 114
3111 1188 1068
3112 539 399
3113 792 712
3114 594 534
3115 77 57
3116 594 534
3117 594 534
3118 198 178
3119 770 570
3120 154 114
3121 77 57
3122 1584 1424
3123 1782 1602
3124 594 534
3125 1584 1424
3126 77 57
3127 693 513
3128 616 456
3129 539 399
3130 308 228
3131 77 57
3132 154 114
3133 198 178
3134 1980 1780
3135 396 356
3136 1782 1602
3137 385 285
3138 198 178
3139 198 178
3140 594 534
3141 792 712
3142 154 114
3143 770 570
3144 1980 1780
3145 396 356
3146 792 712
3147 308 228
3148 1980 1780
3149 1980 1780
3150 990 890
3151 154 114
3152 594 534
3153 594 534
3154 1386 1246
3155 1386 1246
3156 1386 1246
3157 616 456
3158 990 890
3159 308 228
3160 770 570
3161 616 456
3162 385 285
3163 990 890
3164 231 171
3165 396 356
3166 770 570
3167 616 456
3168 1584 1424
3169 1188 1068
3170 770 570
3171 616 456
3172 308 228
3173 792 712
3174 539 399
3175 1584 1424
3176 792 712
3177 1584 1424
3178 1386 1246
3179 990 890
3180 616 456
3181 693 513
3182 231 171
3183 539 399
3184 1188 1068
3185 308 228
3186 1980 1780
3187 1782 1602
3188 462 342
3189 990 890
3190 770 570
3191 693 513
3192 693 513
3193 198 178
3194 770 570
3195 539 399
3196 1584 1424
3197 770 570
3198 539 399
3199 396 356
3200 1188 1068
3201 385 285
3202 539 399
3203 693 513
3204 1980 1780
3205 1188 1068
3206 1782 1602
3207 990 890
3208 396 356
3209 308 228
3210 539 399
3211 385 285
3212 770 570
3213 462 342
3214 990 890
3215 990 890
3216 1782 1602
3217 594 534
3218 198 178
3219 1386 1246
3220 792 712
3221 792 712
3222 77 57
3223 1584 1424
3224 396 356
3225 396 356
3226 1386 1246
3227 1782 1602
3228 462 342
3229 1386 1246
3230 693 513
3231 462 342
3232 154 114
3233 1386 1246
3234 1386 1246
3235 594 534
3236 396 356
3237 1980 1780
3238 385 285
3239 1980 1780
3240 693 513
3241 539 399
3242 396 356
3243 462 342
3244 1188 1068
3245 231 171
3246 1188 1068
3247 1188 1068
3248 1386 1246
3249 1188 1068
3250 1584 1424
3251 1980 1780
3252 770 570
3253 231 171
3254 539 399
3255 396 356
3256 990 890
3257 1980 1780
3258 770 570
3259 990 890
3260 1386 1246
3261 1584 1424
3262 594 534
3263 1584 1424
3264 1584 1424
3265 990 890
3266 594 534
3267 462 342
3268 462 342
3269 231 171
3270 308 228
3271 1188 1068
3272 770 570
3273 990 890
3274 154 114
3275 616 456
3276 385 285
3277 770 570
3278 693 513
3279 539 399
3280 1386 1246
3281 308 228
3282 990 890
3283 693 513
3284 1782 1602
3285 693 513
3286 616 456
3287 231 171
3288 396 356
3289 792 712
3290 1386 1246
3291 792 712
3292 385 285
3293 308 228
3294 462 342
3295 77 57
3296 231 171
3297 1188 1068
3298 462 342
3299 462 342
3300 154 114
3301 1782 1602
3302 1584 1424
3303 990 890
3304 616 456
3305 594 534
3306 792 712
3307 462 342
3308 770 570
3309 616 456
3310 1584 1424
3311 792 712
3312 308 228
3313 594 534
3314 396 356
3315 1188 1068
3316 539 399
3317 462 342
3318 396 356
3319 77 57
3320 990 890
3321 1386 1246
3322 539 399
3323 1188 1068
3324 385 285
3325 198 178
3326 616 456
3327 594 534
3328 594 534
3329 198 178
3330 616 456
3331 1980 1780
3332 770 570
3333 792 712
3334 1188 1068
3335 792 712
3336 594 534
3337 539 399
3338 154 114
3339 693 513
3340 1782 1602
3341 77 57
3342 308 228
3343 385 285
3344 594 534
3345 616 456
3346 792 712
3347 1188 1068
3348 770 570
3349 616 456
3350 1188 1068
3351 990 890
3352 1980 1780
3353 1584 1424
3354 1188 1068
3355 616 456
3356 231 171
3357 990 890
3358 539 399
3359 1584 1424
3360 990 890
3361 385 285
3362 539 399
3363 77 57
3364 462 342
3365 1782 1602
3366 231 171
3367 616 456
3368 1584 1424
3369 154 114
3370 594 534
3371 231 171
3372 231 171
3373 462 342
3374 154 114
3375 990 890
3376 77 57
3377 231 171
3378 198 178
3379 594 534
3380 1782 1602
3381 1782 1602
3382 198 178
3383 231 171
3384 1188 1068
3385 385 285
3386 462 342
3387 1782 1602
3388 308 228
3389 792 712
3390 990 890
3391 792 712
3392 594 534
3393 198 178
3394 990 890
3395 770 570
3396 154 114
3397 1188 1068
3398 77 57
3399 1188 1068
3400 770 570
3401 1980 1780
3402 77 57
3403 198 178
3404 990 890
3405 792 712
3406 1584 1424
3407 231 171
3408 462 342
3409 385 285
3410 1188 1068
3411 198 178
3412 1980 1780
3413 308 228
3414 396 356
3415 990 890
3416 198 178
3417 462 342
3418 616 456
3419 990 890
3420 385 285
3421 616 456
3422 154 114
3423 594 534
3424 1386 1246
3425 77 57
3426 1584 1424
3427 77 57
3428 198 178
3429 308 228
3430 539 399
3431 1386 1246
3432 990 890
3433 308 228
3434 792 712
3435 1782 1602
3436 77 57
3437 594 534
3438 539 399
3439 1782 1602
3440 231 171
3441 693 513
3442 231 171
3443 539 399
3444 154 114
3445 594 534
3446 770 570
3447 539 399
3448 1188 1068
3449 154 114
3450 308 228
3451 693 513
3452 792 712
3453 1782 1602
3454 154 114
3455 1386 1246
3456 154 114
3457 198 178
3458 990 890
3459 462 342
3460 539 399
3461 990 890
3462 1980 1780
3463 154 114
3464 1188 1068
3465 1782 1602
3466 396 356
3467 154 114
3468 385 285
3469 1584 1424
3470 396 356
3471 1782 1602
3472 539 399
3473 154 114
3474 308 228
3475 792 712
3476 770 570
3477 1386 1246
3478 77 57
3479 77 57
3480 308 228
3481 1188 1068
3482 539 399
3483 594 534
3484 990 890
3485 990 890
3486 231 171
3487 396 356
3488 1188 1068
3489 308 228
3490 990 890
3491 154 114
3492 1188 1068
3493 990 890
3494 770 570
3495 154 114
3496 77 57
3497 154 114
3498 1386 1246
3499 594 534
3500 1980 1780
3501 539 399
3502 1782 1602
3503 198 178
3504 990 890
3505 594 534
3506 154 114
3507 385 285
3508 594 534
3509 462 342
3510 1188 1068
3511 198 178
3512 154 114
3513 231 171
3514 539 399
3515 1188 1068
3516 77 57
3517 385 285
3518 1188 1068
3519 990 890
3520 77 57
3521 1188 1068
3522 616 456
3523 792 712
3524 616 456
3525 396 356
3526 154 114
3527 1188 1068
3528 198 178
3529 792 712
3530 1980 1780
3531 792 712
3532 385 285
3533 154 114
3534 77 57
3535 1188 1068
3536 396 356
3537 231 171
3538 198 178
3539 616 456
3540 462 342
3541 462 342
3542 616 456
3543 231 171
3544 693 513
3545 385 285
3546 770 570
3547 308 228
3548 1188 1068
3549 1188 1068
3550 462 342
3551 693 513
3552 1980 1780
3553 990 890
3554 462 342
3555 594 534
3556 693 513
3557 1980 1780
3558 77 57
3559 198 178
3560 770 570
3561 1980 1780
3562 77 57
3563 792 712
3564 792 712
3565 539 399
3566 1386 1246
3567 198 178
3568 616 456
3569 594 534
3570 1782 1602
3571 594 534
3572 990 890
3573 154 114
3574 77 57
3575 1188 1068
3576 594 534
3577 594 534
3578 594 534
3579 198 178
3580 154 114
3581 792 712
3582 385 285
3583 231 171
3584 396 356
3585 77 57
3586 693 513
3587 77 57
3588 792 712
3589 693 513
3590 616 456
3591 990 890
3592 462 342
3593 231 171
3594 594 534
3595 594 534
3596 462 342
3597 154 114
3598 1386 1246
3599 396 356
3600 154 114
3601 1584 1424
3602 1584 1424
3603 539 399
3604 231 171
3605 792 712
3606 154 114
3607 231 171
3608 198 178
3609 462 342
3610 1980 1780
3611 594 534
3612 198 178
3613 308 228
3614 396 356
3615 1584 1424
3616 198 178
3617 231 171
3618 693 513
3619 616 456
3620 1386 1246
3621 616 456
3622 1782 1602
3623 77 57
3624 616 456
3625 770 570
3626 462 342
3627 231 171
3628 385 285
3629 154 114
3630 396 356
3631 1980 1780
3632 1386 1246
3633 594 534
3634 154 114
3635 539 399
3636 154 114
3637 198 178
3638 1584 1424
3639 77 57
3640 792 712
3641 594 534
3642 693 513
3643 693 513
3644 385 285
3645 1188 1068
3646 231 171
3647 693 513
3648 594 534
3649 1782 1602
3650 385 285
3651 990 890
3652 792 712
3653 990 890
3654 1188 1068
3655 539 399
3656 462 342
3657 1980 1780
3658 616 456
3659 1188 1068
3660 770 570
3661 77 57
3662 385 285
3663 77 57
3664 1584 1424
3665 1782 1602
3666 616 456
3667 1188 1068
3668 1584 1424
3669 594 534
3670 385 285
3671 1386 1246
3672 231 171
3673 308 228
3674 1980 1780
3675 1584 1424
3676 1584 1424
3677 198 178
3678 231 171
3679 1980 1780
3680 990 890
3681 231 171
3682 231 171
3683 594 534
3684 77 57
3685 198 178
3686 594 534
3687 1386 1246
3688 594 534
3689 198 178
3690 1980 1780
3691 462 342
3692 77 57
3693 154 114
3694 77 57
3695 198 178
3696 1188 1068
3697 385 285
3698 990 890
3699 1188 1068
3700 594 534
3701 462 342
3702 385 285
3703 396 356
3704 693 513
3705 990 890
3706 539 399
3707 1782 1602
3708 231 171
3709 594 534
3710 231 171
3711 462 342
3712 693 513
3713 1584 1424
3714 539 399
3715 770 570
3716 539 399
3717 616 456
3718 594 534
3719 1584 1424
3720 1782 1602
3721 1188 1068
3722 1188 1068
3723 693 513
3724 77 57
3725 792 712
3726 396 356
3727 1782 1602
3728 616 456
3729 77 57
3730 1782 1602
3731 539 399
3732 198 178
3733 1584 1424
3734 1386 1246
3735 154 114
3736 1980 1780
3737 990 890
3738 539 399
3739 231 171
3740 154 114
3741 693 513
3742 231 171
3743 693 513
3744 1782 1602
3745 990 890
3746 462 342
3747 616 456
3748 1188 1068
3749 396 356
3750 154 114
3751 539 399
3752 154 114
3753 231 171
3754 154 114
3755 308 228
3756 1386 1246
3757 198 178
3758 539 399
3759 385 285
3760 154 114
3761 770 570
3762 616 456
3763 462 342
3764 385 285
3765 1980 1780
3766 990 890
3767 462 342
3768 539 399
3769 231 171
3770 1782 1602
3771 792 712
3772 990 890
3773 1386 1246
3774 1584 1424
3775 198 178
3776 1386 1246
3777 1386 1246
3778 462 342
3779 792 712
3780 385 285
3781 462 342
3782 396 356
3783 1584 1424
3784 594 534
3785 539 399
3786 616 456
3787 1980 1780
3788 990 890
3789 1584 1424
3790 990 890
3791 385 285
3792 1386 1246
3793 396 356
3794 792 712
3795 594 534
3796 990 890
3797 1980 1780
3798 1386 1246
3799 308 228
3800 231 171
3801 462 342
3802 792 712
3803 990 890
3804 396 356
3805 1386 1246
3806 594 534
3807 1782 1602
3808 616 456
3809 77 57
3810 616 456
3811 1782 1602
3812 198 178
3813 462 342
3814 792 712
3815 539 399
3816 1584 1424
3817 770 570
3818 990 890
3819 1584 1424
3820 594 534
3821 462 342
3822 308 228
3823 792 712
3824 792 712
3825 462 342
3826 990 890
3827 990 890
3828 594 534
3829 594 534
3830 231 171
3831 1980 1780
3832 594 534
3833 990 890
3834 77 57
3835 154 114
3836 594 534
3837 231 171
3838 1386 1246
3839 1782 1602
3840 770 570
3841 396 356
3842 770 570
3843 539 399
3844 1584 1424
3845 693 513
3846 1782 1602
3847 594 534
3848 1188 1068
3849 1386 1246
3850 1386 1246
3851 462 342
3852 1980 1780
3853 1782 1602
3854 231 171
3855 77 57
3856 77 57
3857 1584 1424
3858 616 456
3859 231 171
3860 231 171
3861 462 342
3862 594 534
3863 990 890
3864 792 712
3865 1782 1602
3866 77 57
3867 1188 1068
3868 198 178
3869 198 178
3870 385 285
3871 1584 1424
3872 616 456
3873 539 399
3874 1188 1068
3875 539 399
3876 1188 1068
3877 308 228
3878 770 570
3879 792 712
3880 1386 1246
3881 792 712
3882 770 570
3883 1980 1780
3884 1584 1424
3885 1782 1602
3886 1188 1068
3887 770 570
3888 385 285
3889 198 178
3890 385 285
3891 77 57
3892 770 570
3893 198 178
3894 770 570
3895 693 513
3896 792 712
3897 1386 1246
3898 1782 1602
3899 1188 1068
3900 1584 1424
3901 1782 1602
3902 990 890
3903 1584 1424
3904 198 178
3905 77 57
3906 1980 1780
3907 1584 1424
3908 462 342
3909 1386 1246
3910 396 356
3911 770 570
3912 792 712
3913 396 356
3914 539 399
3915 462 342
3916 693 513
3917 308 228
3918 154 114
3919 539 399
3920 308 228
3921 308 228
3922 1584 1424
3923 616 456
3924 792 712
3925 792 712
3926 308 228
3927 539 399
3928 616 456
3929 198 178
3930 396 356
3931 396 356
3932 770 570
3933 1782 1602
3934 594 534
3935 77 57
3936 154 114
3937 594 534
3938 1188 1068
3939 1584 1424
3940 1188 1068
3941 154 114
3942 198 178
3943 770 570
3944 308 228
3945 198 178
3946 396 356
3947 1782 1602
3948 594 534
3949 1980 1780
3950 396 356
3951 77 57
3952 594 534
3953 154 114
3954 770 570
3955 770 570
3956 396 356
3957 990 890
3958 385 285
3959 396 356
3960 1386 1246
3961 231 171
3962 770 570
3963 385 285
3964 1782 1602
3965 77 57
3966 462 342
3967 231 171
3968 198 178
3969 594 534
3970 1782 1602
3971 990 890
3972 1188 1068
3973 231 171
3974 1980 1780
3975 693 513
3976 1386 1246
3977 616 456
3978 594 534
3979 308 228
3980 308 228
3981 1188 1068
3982 1386 1246
3983 231 171
3984 1188 1068
3985 1188 1068
3986 594 534
3987 462 342
3988 990 890
3989 1782 1602
3990 1584 1424
3991 693 513
3992 462 342
3993 792 712
3994 1782 1602
3995 77 57
3996 77 57
3997 693 513
3998 385 285
3999 792 712
4000 693 513
4001 770 570
4002 616 456
4003 792 712
4004 462 342
4005 308 228
4006 462 342
4007 385 285
4008 616 456
4009 396 356
4010 693 513
4011 1188 1068
4012 396 356
4013 1782 1602
4014 308 228
4015 385 285
4016 231 171
4017 594 534
4018 154 114
4019 1188 1068
4020 198 178
4021 693 513
4022 1188 1068
4023 594 534
4024 792 712
4025 1980 1780
4026 462 342
4027 198 178
4028 792 712
4029 231 171
4030 77 57
4031 385 285
4032 308 228
4033 396 356
4034 385 285
4035 1188 1068
4036 616 456
4037 594 534
4038 1386 1246
4039 770 570
4040 308 228
4041 1584 1424
4042 1980 1780
4043 231 171
4044 1386 1246
4045 231 171
4046 198 178
4047 231 171
4048 198 178
4049 396 356
4050 385 285
4051 693 513
4052 1584 1424
4053 770 570
4054 693 513
4055 385 285
4056 792 712
4057 1188 1068
4058 693 513
4059 154 114
4060 396 356
4061 1980 1780
4062 77 57
4063 594 534
4064 792 712
4065 154 114
4066 462 342
4067 231 171
4068 1188 1068
4069 616 456
4070 231 171
4071 396 356
4072 308 228
4073 693 513
4074 154 114
4075 1782 1602
4076 616 456
4077 539 399
4078 594 534
4079 1782 1602
4080 396 356
4081 1584 1424
4082 396 356
4083 1188 1068
4084 693 513
4085 594 534
4086 1188 1068
4087 231 171
4088 1782 1602
4089 792 712
4090 1584 1424
4091 77 57
4092 1584 1424
4093 770 570
4094 385 285
4095 77 57
4096 539 399
4097 1584 1424
4098 1386 1246
4099 1188 1068
4100 77 57
4101 1782 1602
4102 77 57
4103 792 712
4104 1782 1602
4105 1188 1068
4106 462 342
4107 1188 1068
4108 385 285
4109 462 342
4110 1386 1246
4111 770 570
4112 990 890
4113 396 356
4114 308 228
4115 198 178
4116 792 712
4117 792 712
4118 1188 1068
4119 1782 1602
4120 990 890
4121 693 513
4122 308 228
4123 385 285
4124 1386 1246
4125 616 456
4126 1584 1424
4127 990 890
4128 77 57
4129 539 399
4130 1980 1780
4131 616 456
4132 693 513
4133 1980 1780
4134 1386 1246
4135 231 171
4136 770 570
4137 770 570
4138 792 712
4139 1188 1068
4140 308 228
4141 792 712
4142 385 285
4143 198 178
4144 792 712
4145 198 178
4146 1584 1424
4147 990 890
4148 693 513
4149 231 171
4150 1584 1424
4151 693 513
4152 231 171
4153 77 57
4154 1386 1246
4155 1980 1780
4156 1188 1068
4157 792 712
4158 594 534
4159 770 570
4160 990 890
4161 792 712
4162 308 228
4163 693 513
4164 154 114
4165 396 356
4166 693 513
4167 594 534
4168 594 534
4169 1386 1246
4170 770 570
4171 693 513
4172 1584 1424
4173 308 228
4174 990 890
4175 154 114
4176 594 534
4177 396 356
4178 385 285
4179 308 228
4180 1584 1424
4181 1188 1068
4182 308 228
4183 594 534
4184 1188 1068
4185 1386 1246
4186 594 534
4187 1188 1068
4188 385 285
4189 77 57
4190 1980 1780
4191 539 399
4192 385 285
4193 1980 1780
4194 231 171
4195 231 171
4196 1980 1780
4197 616 456
4198 198 178
4199 308 228
4200 693 513
4201 616 456
4202 792 712
4203 1584 1424
4204 1584 1424
4205 154 114
4206 396 356
4207 198 178
4208 231 171
4209 770 570
4210 396 356
4211 594 534
4212 990 890
4213 616 456
4214 539 399
4215 693 513
4216 1584 1424
4217 462 342
4218 594 534
4219 539 399
4220 693 513
4221 693 513
4222 693 513
4223 693 513
4224 396 356
4225 594 534
4226 792 712
4227 1782 1602
4228 539 399
4229 1584 1424
4230 594 534
4231 198 178
4232 990 890
4233 594 534
4234 990 890
4235 385 285
4236 770 570
4237 792 712
4238 462 342
4239 462 342
4240 1188 1068
4241 616 456
4242 616 456
4243 462 342
4244 385 285
4245 308 228
4246 1980 1780
4247 1386 1246
4248 396 356
4249 231 171
4250 1782 1602
4251 1188 1068
4252 1188 1068
4253 693 513
4254 198 178
4255 385 285
4256 594 534
4257 1782 1602
4258 1386 1246
4259 616 456
4260 308 228
4261 77 57
4262 198 178
4263 198 178
4264 792 712
4265 594 534
4266 594 534
4267 1782 1602
4268 594 534
4269 231 171
4270 385 285
4271 308 228
4272 231 171
4273 1188 1068
4274 396 356
4275 198 178
4276 616 456
4277 462 342
4278 693 513
4279 462 342
4280 77 57
4281 198 178
4282 539 399
4283 594 534
4284 462 342
4285 1980 1780
4286 462 342
4287 154 114
4288 77 57
4289 693 513
4290 462 342
4291 1980 1780
4292 385 285
4293 385 285
4294 231 171
4295 770 570
4296 231 171
4297 385 285
4298 1188 1068
4299 539 399
4300 231 171
4301 539 399
4302 539 399
4303 792 712
4304 1188 1068
4305 1782 1602
4306 616 456
4307 396 356
4308 231 171
4309 77 57
4310 539 399
4311 616 456
4312 1584 1424
4313 385 285
4314 1980 1780
4315 1782 1602
4316 77 57
4317 154 114
4318 1980 1780
4319 693 513
4320 198 178
4321 1584 1424
4322 616 456
4323 462 342
4324 396 356
4325 693 513
4326 990 890
4327 616 456
4328 792 712
4329 385 285
4330 198 178
4331 594 534
4332 1782 1602
4333 539 399
4334 308 228
4335 1188 1068
4336 792 712
4337 385 285
4338 792 712
4339 1386 1246
4340 198 178
4341 1782 1602
4342 539 399
4343 77 57
4344 792 712
4345 396 356
4346 462 342
4347 693 513
4348 594 534
4349 1782 1602
4350 990 890
4351 693 513
4352 198 178
4353 231 171
4354 792 712
4355 77 57
4356 693 513
4357 198 178
4358 1386 1246
4359 1782 1602
4360 154 114
4361 1584 1424
4362 792 712
4363 1188 1068
4364 1386 1246
4365 1386 1246
4366 770 570
4367 990 890
4368 1584 1424
4369 693 513
4370 77 57
4371 154 114
4372 1386 1246
4373 770 570
4374 385 285
4375 154 114
4376 770 570
4377 693 513
4378 1782 1602
4379 77 57
4380 396 356
4381 1386 1246
4382 594 534
4383 594 534
4384 462 342
4385 693 513
4386 693 513
4387 1386 1246
4388 1980 1780
4389 308 228
4390 594 534
4391 770 570
4392 308 228
4393 1188 1068
4394 1188 1068
4395 1782 1602
4396 396 356
4397 385 285
4398 1782 1602
4399 1782 1602
4400 308 228
4401 693 513
4402 462 342
4403 594 534
4404 308 228
4405 616 456
4406 1188 1068
4407 990 890
4408 385 285
4409 693 513
4410 1980 1780
4411 693 513
4412 594 534
4413 1188 1068
4414 462 342
4415 539 399
4416 594 534
4417 396 356
4418 154 114
4419 396 356
4420 396 356
4421 1584 1424
4422 231 171
4423 396 356
4424 385 285
4425 594 534
4426 1386 1246
4427 396 356
4428 1386 1246
4429 231 171
4430 1188 1068
4431 308 228
4432 231 171
4433 154 114
4434 1386 1246
4435 462 342
4436 1584 1424
4437 693 513
4438 594 534
4439 616 456
4440 990 890
4441 990 890
4442 1386 1246
4443 1980 1780
4444 792 712
4445 308 228
4446 792 712
4447 616 456
4448 308 228
4449 616 456
4450 1980 1780
4451 385 285
4452 77 57
4453 990 890
4454 594 534
4455 77 57
4456 308 228
4457 1584 1424
4458 198 178
4459 77 57
4460 1584 1424
4461 1782 1602
4462 1188 1068
4463 231 171
4464 792 712
4465 693 513
4466 231 171
4467 539 399
4468 154 114
4469 594 534
4470 1188 1068
4471 385 285
4472 231 171
4473 1188 1068
4474 1584 1424
4475 1386 1246
4476 198 178
4477 1782 1602
4478 1386 1246
4479 616 456
4480 792 712
4481 616 456
4482 770 570
4483 198 178
4484 770 570
4485 990 890
4486 1188 1068
4487 385 285
4488 396 356
4489 396 356
4490 308 228
4491 539 399
4492 385 285
4493 154 114
4494 462 342
4495 1188 1068
4496 616 456
4497 77 57
4498 198 178
4499 231 171
4500 770 570
4501 616 456
4502 792 712
4503 792 712
4504 462 342
4505 616 456
4506 198 178
4507 396 356
4508 231 171
4509 693 513
4510 1386 1246
4511 990 890
4512 594 534
4513 231 171
4514 198 178
4515 1980 1780
4516 308 228
4517 770 570
4518 1386 1246
4519 198 178
4520 1782 1602
4521 792 712
4522 792 712
4523 385 285
4524 231 171
4525 770 570
4526 990 890
4527 1188 1068
4528 154 114
4529 385 285
4530 1584 1424
4531 462 342
4532 616 456
4533 1980 1780
4534 154 114
4535 594 534
4536 385 285
4537 616 456
4538 198 178
4539 1584 1424
4540 1782 1602
4541 154 114
4542 1584 1424
4543 154 114
4544 396 356
4545 462 342
4546 792 712
4547 396 356
4548 770 570
4549 792 712
4550 770 570
4551 792 712
4552 770 570
4553 1386 1246
4554 770 570
4555 1386 1246
4556 77 57
4557 1584 1424
4558 385 285
4559 693 513
4560 1782 1602
4561 1188 1068
4562 616 456
4563 693 513
4564 198 178
4565 198 178
4566 990 890
4567 1188 1068
4568 539 399
4569 308 228
4570 462 342
4571 231 171
4572 385 285
4573 539 399
4574 1980 1780
4575 396 356
4576 693 513
4577 990 890
4578 385 285
4579 1584 1424
4580 1386 1246
4581 77 57
4582 1980 1780
4583 1584 1424
4584 1584 1424
4585 396 356
4586 308 228
4587 385 285
4588 231 171
4589 154 114
4590 1188 1068
4591 198 178
4592 1980 1780
4593 990 890
4594 198 178
4595 1386 1246
4596 594 534
4597 594 534
4598 594 534
4599 396 356
4600 308 228
4601 1386 1246
4602 308 228
4603 1980 1780
4604 1584 1424
4605 1386 1246
4606 462 342
4607 198 178
4608 616 456
4609 1782 1602
4610 792 712
4611 77 57
4612 693 513
4613 539 399
4614 77 57
4615 594 534
4616 1980 1780
4617 308 228
4618 1782 1602
4619 770 570
4620 154 114
4621 462 342
4622 1980 1780
4623 1782 1602
4624 77 57
4625 77 57
4626 990 890
4627 396 356
4628 539 399
4629 1980 1780
4630 594 534
4631 792 712
4632 231 171
4633 1782 1602
4634 616 456
4635 462 342
4636 396 356
4637 616 456
4638 308 228
4639 198 178
4640 792 712
4641 385 285
4642 385 285
4643 1782 1602
4644 594 534
4645 616 456
4646 616 456
4647 594 534
4648 198 178
4649 154 114
4650 77 57
4651 198 178
4652 792 712
4653 77 57
4654 1386 1246
4655 308 228
4656 385 285
4657 693 513
4658 77 57
4659 693 513
4660 154 114
4661 308 228
4662 616 456
4663 1386 1246
4664 693 513
4665 1386 1246
4666 616 456
4667 1386 1246
4668 231 171
4669 385 285
4670 462 342
4671 1782 1602
4672 385 285
4673 308 228
4674 990 890
4675 231 171
4676 231 171
4677 1980 1780
4678 1980 1780
4679 77 57
4680 594 534
4681 1386 1246
4682 396 356
4683 1188 1068
4684 154 114
4685 1782 1602
4686 154 114
4687 396 356
4688 594 534
4689 792 712
4690 539 399
4691 770 570
4692 396 356
4693 693 513
4694 1188 1068
4695 1980 1780
4696 77 57
4697 792 712
4698 792 712
4699 396 356
4700 396 356
4701 1584 1424
4702 385 285
4703 1782 1602
4704 770 570
4705 792 712
4706 231 171
4707 770 570
4708 594 534
4709 308 228
4710 308 228
4711 462 342
4712 594 534
4713 616 456
4714 1782 1602
4715 396 356
4716 792 712
4717 231 171
4718 1980 1780
4719 1782 1602
4720 539 399
4721 539 399
4722 198 178
4723 1782 1602
4724 693 513
4725 990 890
4726 1980 1780
4727 308 228
4728 396 356
4729 385 285
4730 990 890
4731 693 513
4732 385 285
4733 539 399
4734 396 356
4735 594 534
4736 539 399
4737 77 57
4738 396 356
4739 770 570
4740 1188 1068
4741 1188 1068
4742 1584 1424
4743 792 712
4744 792 712
4745 616 456
4746 308 228
4747 616 456
4748 77 57
4749 154 114
4750 231 171
4751 396 356
4752 462 342
4753 1584 1424
4754 792 712
4755 1584 1424
4756 1980 1780
4757 693 513
4758 990 890
4759 594 534
4760 792 712
4761 539 399
4762 231 171
4763 154 114
4764 1386 1246
4765 231 171
4766 594 534
4767 462 342
4768 693 513
4769 792 712
4770 308 228
4771 154 114
4772 308 228
4773 594 534
4774 1386 1246
4775 594 534
4776 594 534
4777 198 178
4778 231 171
4779 1584 1424
4780 154 114
4781 396 356
4782 1188 1068
4783 1782 1602
4784 1584 1424
4785 396 356
4786 154 114
4787 385 285
4788 198 178
4789 539 399
4790 1782 1602
4791 770 570
4792 792 712
4793 77 57
4794 616 456
4795 770 570
4796 1386 1246
4797 792 712
4798 594 534
4799 231 171
4800 385 285
4801 154 114
4802 198 178
4803 396 356
4804 616 456
4805 385 285
4806 1584 1424
4807 1980 1780
4808 198 178
4809 462 342
4810 792 712
4811 1980 1780
4812 1386 1246
4813 308 228
4814 1386 1246
4815 198 178
4816 198 178
4817 990 890
4818 231 171
4819 154 114
4820 770 570
4821 1584 1424
4822 198 178
4823 594 534
4824 77 57
4825 1188 1068
4826 1782 1602
4827 1584 1424
4828 1980 1780
4829 539 399
4830 77 57
4831 792 712
4832 1782 1602
4833 396 356
4834 385 285
4835 616 456
4836 594 534
4837 231 171
4838 231 171
4839 594 534
4840 616 456
4841 1782 1602
4842 396 356
4843 539 399
4844 154 114
4845 231 171
4846 1386 1246
4847 792 712
4848 462 342
4849 154 114
4850 77 57
4851 1584 1424
4852 231 171
4853 792 712
4854 462 342
4855 616 456
4856 308 228
4857 198 178
4858 396 356
4859 1386 1246
4860 594 534
4861 1188 1068
4862 1980 1780
4863 539 399
4864 616 456
4865 539 399
4866 198 178
4867 396 356
4868 396 356
4869 1782 1602
4870 198 178
4871 1584 1424
4872 539 399
4873 693 513
4874 77 57
4875 396 356
4876 1584 1424
4877 231 171
4878 231 171
4879 770 570
4880 770 570
4881 1386 1246
4882 1782 1602
4883 1980 1780
4884 308 228
4885 462 342
4886 308 228
4887 1584 1424
4888 616 456
4889 693 513
4890 231 171
4891 1386 1246
4892 396 356
4893 539 399
4894 198 178
4895 198 178
4896 990 890
4897 693 513
4898 990 890
4899 1584 1424
4900 462 342
4901 396 356
4902 990 890
4903 770 570
4904 77 57
4905 396 356
4906 693 513
4907 1386 1246
4908 231 171
4909 1980 1780
4910 770 570
4911 1584 1424
4912 1782 1602
4913 539 399
4914 792 712
4915 693 513
4916 594 534
4917 1188 1068
4918 1980 1780
4919 198 178
4920 990 890
4921 1782 1602
4922 539 399
4923 462 342
4924 770 570
4925 308 228
4926 1980 1780
4927 154 114
4928 231 171
4929 1188 1068
4930 693 513
4931 792 712
4932 198 178
4933 594 534
4934 1980 1780
4935 308 228
4936 1386 1246
4937 1386 1246
4938 198 178
4939 385 285
4940 231 171
4941 396 356
4942 693 513
4943 594 534
4944 154 114
4945 693 513
4946 1386 1246
4947 693 513
4948 1782 1602
4949 396 356
4950 1386 1246
4951 1584 1424
4952 792 712
4953 462 342
4954 792 712
4955 693 513
4956 231 171
4957 231 171
4958 693 513
4959 1188 1068
4960 231 171
4961 990 890
4962 1188 1068
4963 594 534
4964 616 456
4965 1188 1068
4966 462 342
4967 462 342
4968 1188 1068
4969 539 399
4970 594 534
4971 231 171
4972 770 570
4973 1386 1246
4974 1584 1424
4975 231 171
4976 308 228
4977 1584 1424
4978 616 456
4979 154 114
4980 462 342
4981 154 114
4982 1386 1246
4983 1188 1068
4984 616 456
4985 990 890
4986 1584 1424
4987 385 285
4988 990 890
4989 616 456
4990 1782 1602
4991 1584 1424
4992 616 456
4993 231 171
4994 154 114
4995 462 342
4996 594 534
4997 385 285
4998 198 178
4999 770 570
5000 1386 1246
