500 124465 15_500_1000_1449
1 87 86
2 252 250
3 153 152
4 465 464
5 522 521
6 927 925
7 234 233
8 888 887
9 735 734
10 831 830
11 168 167
12 681 679
13 237 235
14 30 30
15 921 919
16 834 832
17 294 294
18 54 54
19 147 146
20 645 645
21 450 449
22 525 523
23 348 348
24 501 500
25 819 817
26 642 642
27 537 536
28 732 731
29 108 106
30 852 852
31 582 581
32 36 36
33 765 764
34 123 123
35 189 187
36 3 1
37 3 1
38 723 723
39 72 70
40 336 335
41 21 20
42 57 57
43 699 697
44 321 319
45 747 746
46 207 207
47 117 116
48 96 96
49 318 316
50 135 133
51 831 831
52 735 734
53 804 803
54 921 921
55 318 316
56 471 470
57 588 586
58 393 392
59 90 88
60 423 423
61 672 672
62 60 58
63 51 49
64 897 897
65 843 842
66 267 265
67 882 881
68 129 129
69 357 356
70 450 449
71 321 321
72 84 83
73 819 817
74 738 737
75 552 550
76 207 206
77 624 622
78 282 281
79 24 24
80 507 507
81 660 659
82 27 26
83 678 677
84 312 310
85 777 777
86 672 672
87 804 802
88 861 859
89 741 740
90 372 370
91 579 578
92 906 905
93 291 289
94 480 480
95 414 412
96 603 602
97 417 417
98 405 404
99 618 616
100 120 120
101 612 612
102 570 569
103 468 466
104 297 297
105 663 663
106 864 863
107 864 862
108 270 268
109 216 214
110 741 740
111 225 225
112 363 362
113 825 825
114 339 339
115 726 726
116 525 525
117 981 979
118 42 41
119 672 670
120 243 243
121 390 389
122 612 610
123 54 54
124 372 371
125 432 431
126 288 288
127 45 44
128 678 678
129 39 39
130 765 764
131 66 66
132 705 703
133 714 712
134 348 346
135 891 889
136 747 747
137 21 20
138 249 249
139 561 559
140 339 337
141 882 882
142 873 872
143 195 193
144 243 243
145 864 864
146 315 314
147 834 833
148 387 387
149 600 600
150 267 266
151 354 352
152 615 614
153 177 175
154 63 63
155 870 868
156 324 324
157 513 513
158 105 105
159 804 803
160 654 653
161 624 622
162 723 721
163 510 510
164 414 413
165 522 520
166 750 749
167 825 823
168 576 576
169 156 154
170 930 929
171 60 58
172 168 166
173 723 722
174 279 278
175 903 903
176 816 816
177 489 487
178 471 470
179 96 94
180 216 216
181 819 819
182 279 277
183 81 81
184 501 501
185 57 57
186 969 969
187 534 533
188 237 236
189 615 615
190 333 331
191 504 504
192 303 303
193 423 421
194 726 724
195 180 180
196 267 265
197 438 436
198 672 672
199 147 146
200 642 640
201 249 248
202 735 733
203 690 688
204 75 74
205 615 614
206 54 52
207 420 419
208 303 303
209 750 750
210 687 687
211 591 589
212 423 421
213 978 977
214 666 665
215 663 663
216 630 630
217 483 483
218 27 25
219 951 951
220 819 819
221 42 41
222 726 726
223 612 611
224 996 996
225 468 468
226 771 771
227 516 516
228 471 469
229 924 924
230 318 316
231 213 212
232 219 219
233 918 918
234 681 679
235 969 967
236 900 900
237 831 830
238 366 364
239 390 389
240 756 754
241 351 349
242 846 845
243 855 854
244 777 776
245 756 755
246 984 982
247 948 948
248 228 227
249 654 653
250 981 981
251 45 44
252 915 913
253 681 680
254 444 442
255 780 780
256 654 653
257 27 27
258 810 808
259 576 574
260 624 624
261 249 249
262 642 642
263 411 411
264 531 529
265 990 988
266 855 854
267 450 449
268 126 126
269 444 443
270 759 757
271 399 397
272 810 808
273 534 532
274 24 24
275 987 985
276 972 971
277 234 234
278 486 484
279 312 311
280 387 386
281 567 567
282 48 47
283 861 859
284 936 935
285 330 330
286 840 840
287 132 132
288 378 376
289 909 907
290 138 138
291 402 402
292 723 723
293 291 289
294 273 273
295 177 177
296 444 442
297 939 938
298 90 90
299 174 173
300 945 943
301 219 219
302 609 607
303 693 692
304 27 25
305 165 163
306 561 561
307 288 286
308 60 60
309 588 588
310 900 899
311 354 352
312 366 365
313 762 762
314 606 605
315 726 724
316 588 587
317 186 185
318 399 398
319 969 969
320 831 831
321 738 738
322 882 881
323 795 793
324 357 356
325 342 342
326 960 960
327 783 781
328 345 343
329 210 209
330 381 379
331 93 91
332 609 607
333 210 208
334 306 306
335 306 304
336 477 477
337 516 515
338 534 534
339 606 606
340 543 541
341 276 275
342 756 756
343 207 207
344 963 963
345 828 828
346 441 441
347 831 831
348 432 431
349 333 332
350 951 950
351 471 469
352 402 401
353 114 113
354 567 565
355 372 370
356 246 244
357 465 463
358 777 777
359 456 455
360 264 262
361 9 7
362 258 258
363 291 291
364 630 630
365 642 641
366 840 838
367 309 307
368 717 717
369 747 746
370 945 945
371 753 752
372 39 37
373 903 902
374 270 269
375 420 420
376 804 804
377 735 735
378 579 578
379 510 508
380 828 826
381 876 875
382 471 471
383 687 686
384 504 502
385 987 985
386 519 518
387 165 164
388 732 732
389 741 740
390 165 163
391 666 664
392 858 857
393 312 310
394 453 453
395 837 837
396 366 365
397 918 918
398 435 435
399 516 516
400 672 671
401 636 634
402 321 320
403 60 59
404 732 732
405 534 533
406 849 848
407 81 79
408 786 785
409 762 761
410 792 792
411 741 739
412 267 267
413 96 94
414 786 785
415 15 14
416 48 46
417 387 385
418 822 820
419 939 937
420 675 674
421 165 165
422 72 70
423 750 750
424 831 831
425 678 677
426 150 150
427 339 338
428 963 962
429 168 167
430 330 330
431 756 754
432 903 901
433 522 522
434 477 477
435 873 873
436 588 586
437 201 200
438 453 451
439 513 512
440 825 824
441 54 52
442 516 515
443 909 909
444 213 212
445 447 445
446 885 884
447 957 956
448 690 689
449 945 945
450 282 280
451 168 168
452 522 520
453 138 138
454 300 299
455 147 146
456 978 976
457 780 780
458 756 755
459 849 848
460 783 783
461 756 756
462 642 642
463 495 495
464 24 22
465 114 114
466 897 895
467 402 401
468 762 760
469 567 567
470 624 624
471 249 248
472 603 602
473 969 967
474 876 875
475 681 680
476 591 589
477 9 8
478 810 808
479 873 872
480 528 527
481 795 793
482 858 856
483 315 313
484 669 669
485 699 699
486 873 872
487 975 973
488 180 180
489 861 859
490 288 286
491 267 265
492 234 234
493 789 789
494 603 602
495 597 595
496 675 673
497 123 122
498 654 654
499 261 259
500 486 484
