1000 43658 14_1000_1000_2209
1 510 210
2 714 414
3 1104 804
4 604 404
5 661 461
6 777 577
7 669 469
8 1027 827
9 1194 994
10 906 706
11 779 579
12 955 755
13 295 95
14 546 346
15 819 619
16 508 308
17 1194 994
18 298 98
19 378 78
20 385 185
21 469 269
22 279 79
23 624 424
24 768 568
25 477 277
26 1194 894
27 1164 964
28 671 471
29 262 62
30 672 472
31 569 369
32 352 152
33 684 384
34 503 303
35 1095 895
36 557 357
37 373 173
38 831 631
39 826 626
40 995 795
41 348 48
42 1029 829
43 717 517
44 323 123
45 1030 830
46 379 179
47 348 48
48 312 12
49 564 264
50 1105 905
51 787 587
52 1158 858
53 783 583
54 397 197
55 984 784
56 298 98
57 1002 702
58 1020 820
59 388 188
60 363 163
61 988 788
62 738 438
63 557 357
64 517 317
65 670 470
66 309 109
67 757 557
68 1085 885
69 612 312
70 757 557
71 1005 805
72 431 231
73 421 221
74 269 69
75 354 154
76 306 106
77 318 18
78 213 13
79 648 348
80 703 503
81 935 735
82 978 678
83 1121 921
84 1146 946
85 461 261
86 648 348
87 498 198
88 535 335
89 688 488
90 1146 846
91 678 478
92 509 309
93 637 437
94 408 108
95 528 328
96 286 86
97 501 301
98 528 328
99 580 380
100 348 148
101 1236 936
102 493 293
103 894 694
104 741 541
105 635 435
106 739 539
107 1134 834
108 1072 872
109 834 634
110 348 48
111 509 309
112 1266 966
113 1141 941
114 399 199
115 882 682
116 745 545
117 439 239
118 765 565
119 642 442
120 647 447
121 273 73
122 426 126
123 586 386
124 247 47
125 1067 867
126 312 12
127 1008 808
128 778 578
129 251 51
130 900 600
131 786 486
132 371 171
133 516 316
134 366 166
135 381 181
136 935 735
137 328 128
138 965 765
139 483 283
140 1101 901
141 622 422
142 540 340
143 1109 909
144 831 631
145 1108 908
146 622 422
147 373 173
148 751 551
149 588 388
150 702 502
151 892 692
152 514 314
153 627 427
154 227 27
155 672 472
156 420 120
157 1021 821
158 797 597
159 767 567
160 1113 913
161 318 18
162 269 69
163 366 66
164 281 81
165 648 348
166 465 265
167 203 3
168 1200 900
169 798 598
170 453 253
171 1074 774
172 682 482
173 358 158
174 810 610
175 475 275
176 252 52
177 227 27
178 582 282
179 1194 994
180 780 580
181 1119 919
182 1057 857
183 293 93
184 665 465
185 445 245
186 405 205
187 305 105
188 792 592
189 611 411
190 527 327
191 772 572
192 1011 811
193 985 785
194 900 600
195 804 504
196 981 781
197 256 56
198 396 196
199 546 246
200 1036 836
201 1008 708
202 449 249
203 1044 844
204 882 582
205 250 50
206 1020 720
207 879 679
208 595 395
209 234 34
210 979 779
211 689 489
212 833 633
213 349 149
214 1189 989
215 803 603
216 462 162
217 447 247
218 325 125
219 835 635
220 967 767
221 1117 917
222 678 378
223 639 439
224 1080 880
225 912 712
226 807 607
227 1044 744
228 329 129
229 588 288
230 1284 984
231 264 64
232 615 415
233 250 50
234 1035 835
235 1011 811
236 876 576
237 898 698
238 852 552
239 769 569
240 502 302
241 505 305
242 409 209
243 1138 938
244 276 76
245 991 791
246 714 514
247 876 576
248 423 223
249 569 369
250 1153 953
251 744 544
252 629 429
253 1164 964
254 222 22
255 880 680
256 833 633
257 943 743
258 708 508
259 546 346
260 1164 964
261 541 341
262 954 654
263 903 703
264 941 741
265 780 480
266 870 570
267 285 85
268 442 242
269 759 559
270 969 769
271 641 441
272 204 4
273 420 120
274 268 68
275 549 349
276 1039 839
277 454 254
278 360 160
279 795 595
280 238 38
281 435 235
282 219 19
283 879 679
284 435 235
285 822 622
286 984 684
287 472 272
288 964 764
289 919 719
290 618 318
291 414 214
292 1071 871
293 269 69
294 445 245
295 653 453
296 886 686
297 810 510
298 550 350
299 1113 913
300 211 11
301 575 375
302 1067 867
303 840 640
304 501 301
305 871 671
306 365 165
307 1026 826
308 1120 920
309 1044 744
310 567 367
311 612 412
312 305 105
313 966 766
314 321 121
315 480 280
316 383 183
317 317 117
318 514 314
319 869 669
320 435 235
321 1150 950
322 1125 925
323 1197 997
324 880 680
325 750 450
326 576 276
327 289 89
328 1019 819
329 405 205
330 1135 935
331 247 47
332 635 435
333 1176 876
334 502 302
335 408 108
336 465 265
337 407 207
338 490 290
339 978 778
340 961 761
341 247 47
342 336 136
343 867 667
344 367 167
345 1080 880
346 309 109
347 835 635
348 923 723
349 1120 920
350 658 458
351 809 609
352 517 317
353 205 5
354 529 329
355 670 470
356 256 56
357 419 219
358 789 589
359 1195 995
360 414 114
361 707 507
362 478 278
363 631 431
364 1114 914
365 877 677
366 1026 826
367 919 719
368 1129 929
369 1174 974
370 765 565
371 1012 812
372 425 225
373 750 450
374 297 97
375 312 112
376 684 384
377 427 227
378 678 478
379 636 336
380 1006 806
381 959 759
382 411 211
383 894 594
384 570 370
385 1069 869
386 870 570
387 720 520
388 588 288
389 444 144
390 239 39
391 396 196
392 725 525
393 318 18
394 425 225
395 537 337
396 297 97
397 1002 802
398 935 735
399 696 496
400 1123 923
401 870 670
402 1132 932
403 319 119
404 936 736
405 897 697
406 924 724
407 835 635
408 853 653
409 317 117
410 268 68
411 663 463
412 423 223
413 498 298
414 1013 813
415 426 226
416 1098 898
417 805 605
418 696 496
419 613 413
420 670 470
421 449 249
422 546 346
423 486 186
424 1195 995
425 233 33
426 678 378
427 474 174
428 870 670
429 611 411
430 934 734
431 714 414
432 1193 993
433 574 374
434 825 625
435 1101 901
436 1102 902
437 348 148
438 647 447
439 324 124
440 432 132
441 520 320
442 279 79
443 1161 961
444 972 672
445 521 321
446 324 24
447 1164 864
448 349 149
449 1021 821
450 984 684
451 684 484
452 844 644
453 1110 910
454 279 79
455 750 550
456 1108 908
457 400 200
458 759 559
459 756 556
460 1195 995
461 852 552
462 558 358
463 1003 803
464 250 50
465 670 470
466 443 243
467 365 165
468 720 420
469 699 499
470 1176 876
471 1108 908
472 942 742
473 779 579
474 607 407
475 1296 996
476 873 673
477 888 588
478 600 300
479 220 20
480 1011 811
481 525 325
482 412 212
483 541 341
484 1001 801
485 1047 847
486 876 676
487 1169 969
488 592 392
489 287 87
490 754 554
491 381 181
492 214 14
493 209 9
494 906 606
495 575 375
496 1173 973
497 846 646
498 582 282
499 639 439
500 1116 816
501 966 766
502 994 794
503 1050 850
504 532 332
505 1134 934
506 277 77
507 306 106
508 360 160
509 635 435
510 1137 937
511 510 310
512 624 324
513 317 117
514 258 58
515 684 384
516 637 437
517 1061 861
518 1051 851
519 1098 898
520 383 183
521 510 310
522 306 106
523 975 775
524 913 713
525 375 175
526 744 544
527 240 40
528 1032 732
529 654 454
530 294 94
531 1132 932
532 888 588
533 834 534
534 1105 905
535 461 261
536 845 645
537 802 602
538 599 399
539 846 546
540 430 230
541 1119 919
542 271 71
543 519 319
544 953 753
545 253 53
546 412 212
547 622 422
548 1092 792
549 834 534
550 1042 842
551 713 513
552 545 345
553 1181 981
554 271 71
555 700 500
556 515 315
557 328 128
558 1067 867
559 671 471
560 910 710
561 1026 726
562 1144 944
563 1182 882
564 615 415
565 961 761
566 606 306
567 967 767
568 345 145
569 485 285
570 1135 935
571 700 500
572 348 148
573 834 534
574 311 111
575 573 373
576 881 681
577 678 478
578 988 788
579 973 773
580 723 523
581 348 148
582 491 291
583 414 214
584 679 479
585 805 605
586 497 297
587 515 315
588 696 396
589 886 686
590 767 567
591 645 445
592 360 60
593 863 663
594 990 790
595 987 787
596 1024 824
597 409 209
598 251 51
599 1111 911
600 880 680
601 672 472
602 675 475
603 400 200
604 972 672
605 726 426
606 396 96
607 1026 826
608 347 147
609 502 302
610 1105 905
611 263 63
612 372 172
613 462 262
614 925 725
615 537 337
616 999 799
617 900 700
618 209 9
619 516 316
620 220 20
621 1152 952
622 624 324
623 876 576
624 292 92
625 567 367
626 666 466
627 477 277
628 673 473
629 269 69
630 358 158
631 822 622
632 978 778
633 1068 868
634 789 589
635 1074 774
636 444 244
637 750 450
638 505 305
639 669 469
640 921 721
641 1071 871
642 988 788
643 390 90
644 517 317
645 651 451
646 1092 792
647 1090 890
648 1075 875
649 1176 876
650 949 749
651 1072 872
652 228 28
653 334 134
654 1011 811
655 226 26
656 415 215
657 1072 872
658 1187 987
659 1074 874
660 750 450
661 1117 917
662 1193 993
663 954 754
664 871 671
665 528 328
666 460 260
667 334 134
668 983 783
669 294 94
670 1164 964
671 781 581
672 726 426
673 711 511
674 971 771
675 648 448
676 456 156
677 565 365
678 336 36
679 289 89
680 942 642
681 336 36
682 791 591
683 629 429
684 942 642
685 288 88
686 586 386
687 582 282
688 1098 798
689 289 89
690 808 608
691 1185 985
692 225 25
693 313 113
694 598 398
695 384 84
696 431 231
697 1008 708
698 1020 720
699 496 296
700 841 641
701 918 718
702 396 96
703 1020 820
704 967 767
705 1072 872
706 663 463
707 528 328
708 387 187
709 936 636
710 1254 954
711 1063 863
712 996 796
713 364 164
714 565 365
715 436 236
716 432 232
717 342 142
718 539 339
719 424 224
720 720 520
721 858 658
722 403 203
723 442 242
724 575 375
725 1185 985
726 564 364
727 1173 973
728 371 171
729 768 568
730 918 618
731 349 149
732 538 338
733 258 58
734 1069 869
735 1049 849
736 1086 886
737 553 353
738 1185 985
739 558 258
740 521 321
741 1014 814
742 384 184
743 1170 970
744 297 97
745 204 4
746 1137 937
747 822 622
748 996 796
749 424 224
750 660 460
751 636 436
752 429 229
753 979 779
754 451 251
755 1061 861
756 413 213
757 1002 702
758 363 163
759 1139 939
760 342 42
761 508 308
762 1212 912
763 840 540
764 1186 986
765 379 179
766 828 628
767 789 589
768 376 176
769 1114 914
770 911 711
771 1174 974
772 934 734
773 604 404
774 804 504
775 1180 980
776 785 585
777 1092 892
778 1162 962
779 682 482
780 852 552
781 415 215
782 903 703
783 646 446
784 557 357
785 732 532
786 1185 985
787 918 618
788 881 681
789 1126 926
790 1163 963
791 636 336
792 1163 963
793 544 344
794 576 276
795 984 684
796 798 498
797 1111 911
798 203 3
799 786 486
800 858 558
801 532 332
802 427 227
803 997 797
804 954 754
805 767 567
806 732 432
807 864 564
808 360 60
809 940 740
810 1284 984
811 696 496
812 1091 891
813 985 785
814 835 635
815 1063 863
816 856 656
817 493 293
818 811 611
819 1278 978
820 365 165
821 827 627
822 684 484
823 411 211
824 760 560
825 508 308
826 1012 812
827 463 263
828 736 536
829 480 280
830 1084 884
831 437 237
832 858 558
833 1085 885
834 1248 948
835 469 269
836 437 237
837 693 493
838 658 458
839 442 242
840 915 715
841 893 693
842 923 723
843 684 384
844 397 197
845 888 688
846 1164 864
847 341 141
848 978 678
849 911 711
850 1075 875
851 1091 891
852 660 360
853 291 91
854 1174 974
855 456 156
856 600 400
857 1065 865
858 1186 986
859 556 356
860 498 198
861 557 357
862 437 237
863 675 475
864 1014 714
865 935 735
866 802 602
867 1068 768
868 636 336
869 420 120
870 669 469
871 1110 910
872 1044 844
873 597 397
874 1296 996
875 1146 946
876 522 222
877 619 419
878 982 782
879 1042 842
880 703 503
881 960 760
882 303 103
883 303 103
884 798 498
885 324 24
886 1158 858
887 787 587
888 955 755
889 877 677
890 957 757
891 732 532
892 339 139
893 1174 974
894 456 256
895 271 71
896 841 641
897 984 784
898 1117 917
899 1053 853
900 1193 993
901 231 31
902 593 393
903 312 112
904 857 657
905 334 134
906 969 769
907 498 198
908 279 79
909 882 682
910 550 350
911 477 277
912 1132 932
913 1098 898
914 313 113
915 677 477
916 203 3
917 825 625
918 327 127
919 1025 825
920 529 329
921 702 402
922 589 389
923 285 85
924 631 431
925 251 51
926 1020 820
927 496 296
928 995 795
929 534 234
930 942 742
931 307 107
932 738 538
933 658 458
934 1218 918
935 833 633
936 1009 809
937 1055 855
938 924 724
939 1084 884
940 498 198
941 965 765
942 1074 774
943 834 534
944 939 739
945 732 532
946 408 208
947 677 477
948 443 243
949 766 566
950 1012 812
951 1044 844
952 339 139
953 327 127
954 370 170
955 856 656
956 870 570
957 276 76
958 201 1
959 504 304
960 372 72
961 468 268
962 1051 851
963 924 724
964 202 2
965 689 489
966 1101 901
967 255 55
968 984 684
969 1039 839
970 571 371
971 637 437
972 645 445
973 1296 996
974 420 120
975 261 61
976 654 454
977 354 54
978 516 316
979 759 559
980 846 546
981 855 655
982 1107 907
983 1086 886
984 1151 951
985 388 188
986 780 580
987 958 758
988 244 44
989 513 313
990 903 703
991 310 110
992 1000 800
993 1038 838
994 334 134
995 903 703
996 849 649
997 557 357
998 756 556
999 720 420
1000 658 458
