5000 2442758 15_5000_1000_1198
1 579 578
2 660 659
3 894 892
4 744 744
5 150 150
6 966 965
7 327 326
8 705 704
9 75 75
10 753 751
11 348 347
12 336 335
13 951 951
14 255 254
15 645 643
16 930 928
17 132 130
18 408 406
19 840 839
20 759 758
21 102 102
22 93 91
23 393 392
24 366 364
25 894 893
26 252 251
27 222 220
28 846 844
29 606 606
30 927 925
31 963 961
32 636 636
33 288 288
34 516 515
35 81 80
36 3 1
37 669 669
38 771 771
39 27 27
40 753 752
41 816 816
42 531 530
43 399 398
44 879 879
45 753 751
46 831 831
47 219 217
48 474 473
49 777 777
50 375 374
51 291 291
52 72 71
53 327 327
54 339 337
55 120 120
56 822 822
57 297 295
58 129 128
59 972 972
60 561 559
61 645 644
62 90 90
63 39 38
64 891 890
65 999 999
66 657 657
67 357 357
68 132 130
69 978 977
70 138 138
71 87 85
72 660 659
73 741 741
74 147 146
75 237 235
76 912 910
77 675 674
78 753 753
79 372 372
80 900 900
81 39 39
82 690 690
83 546 546
84 798 798
85 333 333
86 225 225
87 720 718
88 987 987
89 552 552
90 948 947
91 438 438
92 411 410
93 144 142
94 978 977
95 96 96
96 555 555
97 462 461
98 117 116
99 141 141
100 258 257
101 153 153
102 699 698
103 63 63
104 315 314
105 603 603
106 567 567
107 882 882
108 477 477
109 42 42
110 183 181
111 687 686
112 435 434
113 846 846
114 501 500
115 852 850
116 477 477
117 960 959
118 603 601
119 363 362
120 627 627
121 819 818
122 540 539
123 732 730
124 237 235
125 774 772
126 603 601
127 681 681
128 264 262
129 774 772
130 477 477
131 375 375
132 375 375
133 549 548
134 123 123
135 480 478
136 150 148
137 321 321
138 123 122
139 156 155
140 588 586
141 831 830
142 777 777
143 678 678
144 942 940
145 21 20
146 468 467
147 159 157
148 501 499
149 573 573
150 996 995
151 687 685
152 225 223
153 366 364
154 249 248
155 267 265
156 837 836
157 39 38
158 786 785
159 873 872
160 999 997
161 444 443
162 420 418
163 372 370
164 231 229
165 381 381
166 549 549
167 645 643
168 618 616
169 24 22
170 465 465
171 711 711
172 408 406
173 456 454
174 519 518
175 21 19
176 657 656
177 996 995
178 999 998
179 714 714
180 921 921
181 936 935
182 975 974
183 933 933
184 198 197
185 837 837
186 354 354
187 969 969
188 981 980
189 165 164
190 837 835
191 6 5
192 936 936
193 330 330
194 45 44
195 984 984
196 42 42
197 753 753
198 930 928
199 576 575
200 297 296
201 405 404
202 648 646
203 117 116
204 786 786
205 411 410
206 879 877
207 471 471
208 90 88
209 954 954
210 105 103
211 459 457
212 534 533
213 213 213
214 66 65
215 468 468
216 417 415
217 24 23
218 3 1
219 462 460
220 27 27
221 246 246
222 657 655
223 714 712
224 198 197
225 9 9
226 366 364
227 984 984
228 936 934
229 834 833
230 981 981
231 705 704
232 483 483
233 243 242
234 600 600
235 780 780
236 333 333
237 588 587
238 693 693
239 675 674
240 213 211
241 315 313
242 846 845
243 18 18
244 498 496
245 24 24
246 759 758
247 450 448
248 645 643
249 459 457
250 687 686
251 72 72
252 819 818
253 669 668
254 651 651
255 873 873
256 510 509
257 48 48
258 978 976
259 51 51
260 66 65
261 645 645
262 426 426
263 210 208
264 60 58
265 522 521
266 984 983
267 495 494
268 705 703
269 375 375
270 237 237
271 612 610
272 594 593
273 744 744
274 81 81
275 702 702
276 885 883
277 270 270
278 951 949
279 507 507
280 468 467
281 477 476
282 360 359
283 567 567
284 360 359
285 615 615
286 681 680
287 426 424
288 378 377
289 504 503
290 843 842
291 912 911
292 285 283
293 423 422
294 297 297
295 303 302
296 612 611
297 231 231
298 900 899
299 537 537
300 504 503
301 810 808
302 264 263
303 522 520
304 372 370
305 240 240
306 33 33
307 261 259
308 486 485
309 417 417
310 300 300
311 204 204
312 336 334
313 303 302
314 798 798
315 690 688
316 708 708
317 477 477
318 129 127
319 543 542
320 567 567
321 552 550
322 738 737
323 333 333
324 93 92
325 165 163
326 867 865
327 690 690
328 135 135
329 975 973
330 558 556
331 753 751
332 522 520
333 252 252
334 186 186
335 135 133
336 951 950
337 87 87
338 912 911
339 42 42
340 888 886
341 39 39
342 333 332
343 579 579
344 237 236
345 162 161
346 531 529
347 339 339
348 15 15
349 786 784
350 318 318
351 627 625
352 921 921
353 87 86
354 549 549
355 918 918
356 774 773
357 627 627
358 963 962
359 36 36
360 735 735
361 174 172
362 60 58
363 111 111
364 384 383
365 909 909
366 15 15
367 567 567
368 54 53
369 279 279
370 897 897
371 660 660
372 687 686
373 684 682
374 495 494
375 489 488
376 639 637
377 60 59
378 27 26
379 618 616
380 642 642
381 81 79
382 783 783
383 549 547
384 903 902
385 960 958
386 558 558
387 675 673
388 525 524
389 666 664
390 789 788
391 942 940
392 732 730
393 555 555
394 408 406
395 276 274
396 270 269
397 444 442
398 6 4
399 984 984
400 945 944
401 606 606
402 651 649
403 249 248
404 510 509
405 291 289
406 186 184
407 630 628
408 273 273
409 615 614
410 753 752
411 216 216
412 732 732
413 138 138
414 897 897
415 573 571
416 879 878
417 447 445
418 855 853
419 687 686
420 819 819
421 267 265
422 111 111
423 180 178
424 489 487
425 603 601
426 351 350
427 735 734
428 747 747
429 651 651
430 468 466
431 552 551
432 405 405
433 543 542
434 168 166
435 6 6
436 51 51
437 420 420
438 948 948
439 231 229
440 258 256
441 603 601
442 237 235
443 585 585
444 687 685
445 210 209
446 501 500
447 75 73
448 963 961
449 135 133
450 897 896
451 414 412
452 258 257
453 888 886
454 492 491
455 264 263
456 522 520
457 792 792
458 516 516
459 141 141
460 705 703
461 816 816
462 195 194
463 789 788
464 336 334
465 216 214
466 408 408
467 591 590
468 153 152
469 972 972
470 321 321
471 132 132
472 108 107
473 774 772
474 54 52
475 807 805
476 429 429
477 813 812
478 834 832
479 582 581
480 648 648
481 693 693
482 657 657
483 639 638
484 855 854
485 273 272
486 771 769
487 450 450
488 30 28
489 528 527
490 543 543
491 927 925
492 669 667
493 714 714
494 795 795
495 249 247
496 300 298
497 408 406
498 288 287
499 120 120
500 135 133
501 807 807
502 903 903
503 252 250
504 273 273
505 768 767
506 498 497
507 972 970
508 606 604
509 102 100
510 621 621
511 81 79
512 537 537
513 399 397
514 54 54
515 177 177
516 666 666
517 951 949
518 648 647
519 828 826
520 822 820
521 903 902
522 273 271
523 849 848
524 798 798
525 672 671
526 294 293
527 330 328
528 249 249
529 63 63
530 573 571
531 156 156
532 633 632
533 711 710
534 624 622
535 351 350
536 690 689
537 219 218
538 861 860
539 546 546
540 660 659
541 240 239
542 141 140
543 816 815
544 912 910
545 318 318
546 618 617
547 366 366
548 957 957
549 825 823
550 768 767
551 147 145
552 735 734
553 864 862
554 765 764
555 159 157
556 552 552
557 57 57
558 993 992
559 954 952
560 612 611
561 111 111
562 237 236
563 885 883
564 420 419
565 546 546
566 390 390
567 162 160
568 831 829
569 78 77
570 84 83
571 276 276
572 264 264
573 489 487
574 525 523
575 783 782
576 453 453
577 366 366
578 345 345
579 648 646
580 648 647
581 900 900
582 762 760
583 735 734
584 741 739
585 390 389
586 318 318
587 846 844
588 33 33
589 327 326
590 141 140
591 678 677
592 816 816
593 792 791
594 309 307
595 795 795
596 165 165
597 570 570
598 840 840
599 273 272
600 732 732
601 195 193
602 234 232
603 306 304
604 237 237
605 453 451
606 300 300
607 699 698
608 777 776
609 81 79
610 951 950
611 759 759
612 249 249
613 120 118
614 147 146
615 561 561
616 885 884
617 189 189
618 309 309
619 741 741
620 891 889
621 816 816
622 729 729
623 963 961
624 570 568
625 657 656
626 30 30
627 471 470
628 24 22
629 231 229
630 804 802
631 774 774
632 174 174
633 279 277
634 498 498
635 264 262
636 369 369
637 453 451
638 183 182
639 21 21
640 606 606
641 15 15
642 546 544
643 981 979
644 306 305
645 726 724
646 678 677
647 858 858
648 105 104
649 702 700
650 435 434
651 600 600
652 138 136
653 78 78
654 984 983
655 213 211
656 909 908
657 129 129
658 489 487
659 429 427
660 519 518
661 894 893
662 519 518
663 924 922
664 342 340
665 489 488
666 249 249
667 681 679
668 285 283
669 735 735
670 123 121
671 750 750
672 423 423
673 72 72
674 351 351
675 426 425
676 633 633
677 96 94
678 537 537
679 771 770
680 759 758
681 606 604
682 267 267
683 255 253
684 879 879
685 201 200
686 576 575
687 51 51
688 891 891
689 867 865
690 645 645
691 18 17
692 69 69
693 531 530
694 348 346
695 246 245
696 702 700
697 990 988
698 639 637
699 426 425
700 741 741
701 831 831
702 981 981
703 855 853
704 948 947
705 819 817
706 573 572
707 705 705
708 696 696
709 237 236
710 918 918
711 855 855
712 969 968
713 420 420
714 90 90
715 333 333
716 717 716
717 855 854
718 399 399
719 555 553
720 534 532
721 252 250
722 144 144
723 522 522
724 942 940
725 612 610
726 801 800
727 261 261
728 513 511
729 402 400
730 990 990
731 600 598
732 615 615
733 531 531
734 12 10
735 660 658
736 132 130
737 570 570
738 213 213
739 819 819
740 375 373
741 726 726
742 807 805
743 453 451
744 270 269
745 726 724
746 270 270
747 903 903
748 177 177
749 555 553
750 858 857
751 789 789
752 18 17
753 228 227
754 825 824
755 159 158
756 987 985
757 207 206
758 375 375
759 837 836
760 927 926
761 726 724
762 246 245
763 309 308
764 777 775
765 69 67
766 984 984
767 159 157
768 582 581
769 861 859
770 540 540
771 327 327
772 813 811
773 741 741
774 372 372
775 759 757
776 126 126
777 333 332
778 264 263
779 948 946
780 357 357
781 111 111
782 156 156
783 183 183
784 465 465
785 975 973
786 39 37
787 645 643
788 846 846
789 537 535
790 408 407
791 483 481
792 18 16
793 33 32
794 48 48
795 630 629
796 135 134
797 33 32
798 672 672
799 759 758
800 675 674
801 30 28
802 729 728
803 375 373
804 600 599
805 873 871
806 135 133
807 966 964
808 705 705
809 285 285
810 117 117
811 474 472
812 882 880
813 843 842
814 825 824
815 831 831
816 909 908
817 552 550
818 1002 1000
819 90 90
820 345 345
821 708 707
822 786 785
823 294 292
824 303 301
825 669 669
826 186 185
827 153 152
828 414 413
829 912 912
830 42 40
831 879 878
832 453 451
833 279 278
834 81 81
835 975 974
836 267 266
837 279 278
838 624 623
839 282 282
840 327 327
841 615 613
842 354 352
843 288 288
844 660 658
845 138 136
846 726 725
847 30 30
848 642 642
849 759 759
850 225 223
851 396 396
852 621 620
853 621 620
854 333 331
855 21 21
856 246 245
857 249 249
858 390 390
859 519 517
860 60 58
861 543 541
862 492 490
863 813 811
864 663 663
865 687 687
866 864 863
867 921 920
868 582 580
869 627 625
870 723 722
871 480 478
872 363 361
873 96 94
874 288 288
875 228 226
876 324 323
877 723 723
878 213 211
879 180 178
880 30 28
881 267 265
882 102 100
883 9 7
884 399 398
885 417 417
886 288 286
887 132 132
888 426 424
889 798 798
890 954 953
891 150 148
892 840 839
893 918 918
894 348 348
895 96 95
896 30 30
897 378 377
898 747 746
899 303 301
900 750 750
901 576 576
902 759 758
903 378 377
904 141 141
905 840 838
906 696 694
907 393 391
908 867 867
909 300 298
910 852 850
911 135 133
912 258 256
913 972 971
914 807 805
915 381 381
916 543 543
917 258 258
918 516 515
919 51 49
920 438 438
921 924 923
922 171 169
923 903 901
924 828 827
925 21 19
926 930 928
927 723 721
928 873 872
929 468 467
930 468 466
931 174 172
932 423 423
933 981 979
934 60 59
935 42 41
936 342 341
937 279 279
938 402 400
939 909 909
940 603 603
941 87 85
942 108 107
943 822 822
944 384 384
945 324 324
946 117 116
947 279 277
948 570 568
949 312 311
950 921 921
951 204 204
952 201 199
953 720 719
954 246 246
955 681 681
956 222 222
957 501 500
958 87 85
959 153 153
960 951 949
961 414 412
962 690 688
963 495 493
964 600 598
965 354 354
966 234 233
967 279 279
968 177 176
969 882 880
970 720 720
971 246 245
972 627 625
973 54 52
974 6 4
975 534 533
976 978 978
977 168 166
978 969 968
979 504 503
980 591 591
981 585 584
982 666 664
983 591 590
984 780 780
985 885 884
986 345 345
987 855 854
988 921 920
989 387 385
990 156 155
991 777 775
992 399 397
993 384 382
994 540 538
995 441 440
996 510 509
997 957 957
998 138 136
999 765 764
1000 840 838
1001 945 945
1002 534 533
1003 648 648
1004 489 487
1005 1002 1000
1006 168 167
1007 708 706
1008 921 920
1009 858 857
1010 618 617
1011 516 515
1012 735 733
1013 207 205
1014 216 216
1015 39 38
1016 819 819
1017 684 682
1018 714 712
1019 399 398
1020 51 49
1021 837 835
1022 747 747
1023 84 83
1024 153 152
1025 714 713
1026 708 706
1027 813 813
1028 948 947
1029 630 629
1030 738 737
1031 9 7
1032 528 527
1033 210 210
1034 231 231
1035 525 525
1036 654 652
1037 192 191
1038 12 11
1039 639 637
1040 819 817
1041 357 355
1042 672 671
1043 156 154
1044 309 307
1045 375 375
1046 402 401
1047 597 595
1048 144 142
1049 585 583
1050 495 493
1051 546 544
1052 66 66
1053 474 472
1054 795 795
1055 957 957
1056 825 823
1057 981 979
1058 39 38
1059 822 820
1060 435 433
1061 738 736
1062 261 259
1063 600 600
1064 822 820
1065 123 123
1066 984 982
1067 957 956
1068 288 288
1069 27 27
1070 720 720
1071 207 207
1072 447 445
1073 117 117
1074 669 667
1075 363 362
1076 978 976
1077 765 764
1078 165 163
1079 393 391
1080 102 100
1081 117 116
1082 630 630
1083 342 340
1084 819 817
1085 162 162
1086 534 533
1087 384 382
1088 177 177
1089 813 813
1090 225 224
1091 606 606
1092 15 13
1093 552 552
1094 759 757
1095 423 423
1096 117 115
1097 558 557
1098 852 850
1099 711 709
1100 789 787
1101 444 442
1102 855 854
1103 702 702
1104 990 989
1105 648 647
1106 981 979
1107 693 692
1108 717 716
1109 351 350
1110 543 542
1111 426 425
1112 15 13
1113 330 330
1114 318 317
1115 123 122
1116 465 464
1117 624 624
1118 960 959
1119 486 484
1120 486 485
1121 450 448
1122 807 807
1123 267 265
1124 792 792
1125 429 427
1126 258 257
1127 708 708
1128 831 830
1129 672 670
1130 531 531
1131 282 280
1132 255 253
1133 816 814
1134 447 445
1135 318 316
1136 840 839
1137 36 34
1138 579 577
1139 609 609
1140 561 559
1141 342 340
1142 267 267
1143 906 906
1144 579 577
1145 705 703
1146 666 665
1147 660 658
1148 72 70
1149 684 682
1150 747 747
1151 843 841
1152 543 541
1153 468 466
1154 102 100
1155 255 255
1156 780 779
1157 180 179
1158 744 742
1159 720 719
1160 723 723
1161 744 744
1162 948 946
1163 270 269
1164 678 678
1165 126 126
1166 543 541
1167 258 256
1168 774 772
1169 861 861
1170 462 460
1171 465 464
1172 138 137
1173 126 126
1174 552 552
1175 624 624
1176 594 592
1177 903 901
1178 924 922
1179 93 92
1180 939 939
1181 1002 1000
1182 240 240
1183 582 580
1184 936 936
1185 471 469
1186 21 21
1187 417 415
1188 477 476
1189 495 495
1190 765 765
1191 345 344
1192 918 916
1193 924 922
1194 909 909
1195 654 652
1196 663 663
1197 402 402
1198 423 423
1199 363 362
1200 279 277
1201 624 624
1202 885 883
1203 627 625
1204 378 378
1205 36 36
1206 873 871
1207 60 60
1208 492 491
1209 507 507
1210 432 432
1211 858 857
1212 441 439
1213 915 914
1214 72 70
1215 270 269
1216 792 790
1217 945 944
1218 837 835
1219 369 369
1220 150 149
1221 609 608
1222 966 964
1223 546 544
1224 690 688
1225 462 460
1226 792 790
1227 687 686
1228 471 470
1229 402 402
1230 321 321
1231 636 634
1232 441 441
1233 117 115
1234 570 568
1235 630 628
1236 42 42
1237 168 166
1238 168 167
1239 345 343
1240 186 184
1241 195 193
1242 915 915
1243 495 495
1244 219 218
1245 528 528
1246 741 741
1247 198 196
1248 858 856
1249 516 515
1250 816 815
1251 966 965
1252 54 53
1253 654 652
1254 261 260
1255 525 525
1256 375 375
1257 648 646
1258 60 60
1259 3 1
1260 813 813
1261 471 471
1262 111 109
1263 432 432
1264 273 271
1265 774 774
1266 156 154
1267 186 185
1268 243 242
1269 606 605
1270 264 264
1271 417 415
1272 825 825
1273 39 39
1274 366 364
1275 105 104
1276 36 36
1277 891 890
1278 717 717
1279 675 673
1280 477 476
1281 936 934
1282 447 447
1283 852 851
1284 174 172
1285 333 332
1286 735 734
1287 723 721
1288 291 289
1289 690 688
1290 129 127
1291 984 983
1292 843 843
1293 519 519
1294 900 898
1295 588 588
1296 297 297
1297 786 785
1298 291 290
1299 696 696
1300 690 688
1301 735 735
1302 852 850
1303 528 526
1304 477 477
1305 822 821
1306 387 385
1307 276 275
1308 975 973
1309 153 153
1310 537 535
1311 198 196
1312 222 220
1313 801 801
1314 390 389
1315 150 148
1316 516 514
1317 105 105
1318 402 401
1319 621 619
1320 792 791
1321 996 994
1322 657 655
1323 336 335
1324 57 56
1325 645 644
1326 498 496
1327 264 262
1328 768 767
1329 309 308
1330 855 854
1331 195 194
1332 912 910
1333 696 694
1334 951 949
1335 276 275
1336 996 996
1337 507 507
1338 630 628
1339 768 768
1340 735 734
1341 516 515
1342 363 361
1343 279 278
1344 606 606
1345 846 845
1346 681 680
1347 438 438
1348 786 784
1349 555 553
1350 270 268
1351 84 83
1352 384 383
1353 183 181
1354 333 332
1355 99 97
1356 405 404
1357 876 876
1358 888 887
1359 288 287
1360 423 423
1361 810 808
1362 225 224
1363 438 437
1364 156 155
1365 144 144
1366 306 306
1367 927 926
1368 288 286
1369 372 370
1370 651 651
1371 168 167
1372 918 918
1373 435 434
1374 231 229
1375 429 429
1376 861 860
1377 297 296
1378 282 280
1379 915 915
1380 204 204
1381 567 566
1382 531 529
1383 657 657
1384 315 315
1385 696 695
1386 255 254
1387 519 517
1388 135 135
1389 90 89
1390 921 919
1391 552 550
1392 828 826
1393 939 939
1394 264 262
1395 867 867
1396 192 191
1397 855 855
1398 807 807
1399 225 223
1400 597 595
1401 714 713
1402 528 528
1403 489 488
1404 612 612
1405 165 165
1406 882 882
1407 411 411
1408 927 925
1409 108 108
1410 813 813
1411 9 9
1412 906 904
1413 72 71
1414 552 551
1415 597 597
1416 498 497
1417 243 242
1418 630 630
1419 60 59
1420 27 25
1421 516 514
1422 147 145
1423 219 218
1424 9 9
1425 576 575
1426 579 578
1427 579 579
1428 36 34
1429 60 58
1430 750 750
1431 288 287
1432 300 299
1433 399 399
1434 540 538
1435 363 363
1436 84 82
1437 909 908
1438 777 776
1439 855 855
1440 339 337
1441 210 208
1442 522 520
1443 954 954
1444 972 970
1445 798 796
1446 135 134
1447 168 168
1448 876 875
1449 174 173
1450 228 226
1451 693 692
1452 285 283
1453 471 471
1454 36 35
1455 837 837
1456 267 266
1457 459 459
1458 579 579
1459 453 452
1460 222 220
1461 147 145
1462 255 253
1463 549 548
1464 375 374
1465 759 758
1466 186 185
1467 9 9
1468 945 943
1469 585 583
1470 696 695
1471 225 225
1472 657 656
1473 780 780
1474 231 231
1475 183 181
1476 366 364
1477 534 533
1478 144 143
1479 90 88
1480 873 872
1481 792 792
1482 957 956
1483 720 718
1484 828 827
1485 768 768
1486 465 463
1487 783 782
1488 696 695
1489 297 295
1490 201 201
1491 9 8
1492 471 470
1493 150 148
1494 774 774
1495 120 120
1496 6 5
1497 990 989
1498 183 182
1499 696 696
1500 267 267
1501 984 982
1502 39 39
1503 675 673
1504 684 682
1505 48 48
1506 501 500
1507 171 170
1508 447 445
1509 963 963
1510 474 472
1511 9 7
1512 993 992
1513 981 979
1514 204 203
1515 708 707
1516 204 203
1517 255 254
1518 276 275
1519 591 589
1520 753 751
1521 396 395
1522 198 196
1523 360 359
1524 615 614
1525 372 372
1526 513 512
1527 666 665
1528 936 934
1529 894 892
1530 936 935
1531 546 546
1532 585 583
1533 540 538
1534 210 208
1535 471 471
1536 546 544
1537 789 788
1538 342 341
1539 618 617
1540 711 709
1541 150 148
1542 507 507
1543 771 771
1544 741 739
1545 912 910
1546 177 175
1547 276 274
1548 330 330
1549 633 631
1550 603 601
1551 717 715
1552 315 314
1553 537 535
1554 684 684
1555 777 775
1556 198 198
1557 288 287
1558 453 451
1559 129 129
1560 492 491
1561 747 747
1562 303 302
1563 768 766
1564 618 617
1565 537 537
1566 363 362
1567 396 395
1568 144 144
1569 528 528
1570 894 892
1571 813 811
1572 789 788
1573 891 889
1574 24 22
1575 726 726
1576 339 338
1577 858 857
1578 408 408
1579 651 650
1580 408 408
1581 951 949
1582 714 712
1583 264 262
1584 129 128
1585 372 371
1586 210 209
1587 282 281
1588 990 988
1589 48 47
1590 129 128
1591 897 895
1592 468 467
1593 219 219
1594 306 305
1595 972 972
1596 660 658
1597 423 421
1598 687 686
1599 984 982
1600 837 836
1601 588 588
1602 330 328
1603 270 270
1604 771 770
1605 933 931
1606 60 59
1607 921 919
1608 123 123
1609 141 141
1610 591 590
1611 942 941
1612 381 381
1613 888 886
1614 42 40
1615 456 455
1616 282 281
1617 882 880
1618 228 228
1619 696 694
1620 234 234
1621 555 555
1622 957 957
1623 987 987
1624 726 726
1625 411 410
1626 12 10
1627 660 660
1628 477 475
1629 231 229
1630 324 323
1631 30 30
1632 525 523
1633 162 161
1634 402 401
1635 948 948
1636 321 320
1637 954 953
1638 57 57
1639 408 406
1640 258 256
1641 345 344
1642 3 1
1643 867 867
1644 18 17
1645 69 68
1646 273 273
1647 192 191
1648 822 821
1649 597 596
1650 285 283
1651 333 332
1652 816 815
1653 747 746
1654 126 124
1655 999 997
1656 798 796
1657 594 594
1658 474 472
1659 240 238
1660 909 907
1661 258 256
1662 816 816
1663 447 445
1664 678 677
1665 768 766
1666 423 423
1667 396 396
1668 822 820
1669 252 251
1670 498 496
1671 750 748
1672 471 471
1673 150 148
1674 108 106
1675 843 842
1676 900 900
1677 174 174
1678 198 196
1679 39 37
1680 174 173
1681 531 529
1682 912 912
1683 591 589
1684 915 915
1685 192 190
1686 732 731
1687 165 165
1688 6 5
1689 90 90
1690 27 27
1691 435 434
1692 963 962
1693 792 792
1694 759 759
1695 156 154
1696 507 506
1697 915 914
1698 387 386
1699 495 493
1700 321 320
1701 147 145
1702 210 208
1703 81 79
1704 972 970
1705 666 664
1706 465 463
1707 492 491
1708 336 335
1709 429 428
1710 609 607
1711 609 609
1712 816 815
1713 222 222
1714 810 810
1715 465 464
1716 57 55
1717 600 598
1718 573 572
1719 837 836
1720 660 658
1721 873 873
1722 477 475
1723 153 153
1724 120 120
1725 543 541
1726 873 871
1727 831 829
1728 498 498
1729 984 983
1730 771 771
1731 387 385
1732 204 203
1733 540 539
1734 900 898
1735 138 136
1736 48 48
1737 555 555
1738 498 498
1739 15 15
1740 864 864
1741 240 238
1742 693 692
1743 99 99
1744 231 229
1745 549 547
1746 153 153
1747 309 309
1748 585 585
1749 843 843
1750 696 694
1751 306 304
1752 585 585
1753 282 281
1754 192 192
1755 945 945
1756 717 717
1757 591 589
1758 474 472
1759 630 630
1760 765 765
1761 462 460
1762 81 80
1763 735 735
1764 309 309
1765 561 561
1766 573 572
1767 210 208
1768 459 457
1769 738 736
1770 996 994
1771 822 820
1772 297 297
1773 102 100
1774 3 1
1775 123 123
1776 399 398
1777 594 592
1778 534 533
1779 894 892
1780 843 842
1781 348 347
1782 753 753
1783 861 859
1784 150 148
1785 978 978
1786 789 787
1787 156 156
1788 723 721
1789 603 601
1790 627 627
1791 159 157
1792 357 355
1793 939 937
1794 588 587
1795 546 544
1796 726 726
1797 189 188
1798 297 296
1799 816 814
1800 270 269
1801 12 12
1802 927 927
1803 660 660
1804 402 401
1805 177 175
1806 114 112
1807 777 777
1808 636 634
1809 222 221
1810 567 566
1811 261 261
1812 285 283
1813 225 223
1814 405 405
1815 750 748
1816 372 370
1817 60 58
1818 387 386
1819 513 513
1820 942 941
1821 963 962
1822 198 198
1823 555 554
1824 885 885
1825 831 831
1826 339 339
1827 468 466
1828 438 438
1829 762 762
1830 333 332
1831 60 58
1832 597 597
1833 72 72
1834 138 137
1835 144 142
1836 810 808
1837 309 309
1838 432 432
1839 549 549
1840 849 849
1841 546 546
1842 303 301
1843 282 281
1844 588 587
1845 546 544
1846 426 426
1847 987 987
1848 60 58
1849 378 378
1850 120 119
1851 450 448
1852 921 919
1853 846 846
1854 468 467
1855 696 694
1856 618 618
1857 606 604
1858 378 376
1859 864 862
1860 645 645
1861 501 501
1862 186 186
1863 21 19
1864 96 95
1865 438 436
1866 744 744
1867 99 98
1868 480 478
1869 441 440
1870 273 273
1871 369 368
1872 909 907
1873 609 608
1874 594 592
1875 432 430
1876 786 786
1877 654 653
1878 984 984
1879 912 912
1880 711 710
1881 780 779
1882 633 632
1883 162 161
1884 729 729
1885 135 135
1886 66 64
1887 513 511
1888 867 865
1889 315 314
1890 267 266
1891 645 645
1892 885 884
1893 372 372
1894 570 569
1895 228 228
1896 807 805
1897 435 433
1898 237 236
1899 162 160
1900 780 779
1901 792 791
1902 243 243
1903 930 929
1904 426 424
1905 21 21
1906 690 689
1907 462 462
1908 546 544
1909 558 558
1910 936 936
1911 867 867
1912 567 566
1913 756 755
1914 993 991
1915 117 116
1916 987 985
1917 69 68
1918 360 359
1919 960 959
1920 654 652
1921 249 247
1922 147 145
1923 447 446
1924 114 113
1925 297 295
1926 801 801
1927 42 42
1928 69 69
1929 918 918
1930 414 414
1931 9 8
1932 183 183
1933 747 746
1934 87 87
1935 864 863
1936 594 593
1937 837 835
1938 543 542
1939 969 968
1940 351 349
1941 123 123
1942 921 921
1943 468 468
1944 984 984
1945 342 340
1946 723 723
1947 987 985
1948 114 113
1949 870 869
1950 216 215
1951 519 517
1952 996 994
1953 405 405
1954 78 77
1955 642 641
1956 480 478
1957 30 30
1958 123 122
1959 783 782
1960 723 721
1961 426 426
1962 6 4
1963 477 475
1964 819 819
1965 633 633
1966 957 955
1967 708 708
1968 804 804
1969 3 1
1970 162 161
1971 918 916
1972 675 673
1973 525 524
1974 483 482
1975 822 820
1976 270 269
1977 6 5
1978 246 244
1979 561 561
1980 297 296
1981 42 42
1982 960 960
1983 618 617
1984 276 275
1985 315 315
1986 273 271
1987 693 693
1988 459 458
1989 906 905
1990 510 509
1991 345 345
1992 657 656
1993 720 719
1994 729 728
1995 855 855
1996 582 581
1997 12 12
1998 723 721
1999 729 727
2000 300 299
2001 408 407
2002 633 633
2003 804 802
2004 990 988
2005 81 81
2006 990 989
2007 66 65
2008 336 334
2009 72 70
2010 381 379
2011 282 282
2012 807 806
2013 708 707
2014 915 914
2015 684 683
2016 57 56
2017 522 521
2018 615 613
2019 303 301
2020 807 805
2021 288 288
2022 513 512
2023 561 561
2024 306 306
2025 108 108
2026 387 385
2027 303 302
2028 273 271
2029 339 339
2030 777 775
2031 522 520
2032 375 373
2033 822 821
2034 879 878
2035 546 546
2036 513 511
2037 540 538
2038 930 929
2039 909 909
2040 585 585
2041 432 431
2042 606 606
2043 918 918
2044 780 780
2045 129 129
2046 885 885
2047 789 787
2048 327 327
2049 393 391
2050 657 657
2051 318 318
2052 927 927
2053 84 83
2054 495 493
2055 936 936
2056 633 631
2057 531 530
2058 561 559
2059 606 606
2060 882 880
2061 375 375
2062 168 167
2063 618 616
2064 738 738
2065 453 451
2066 384 384
2067 876 876
2068 576 576
2069 258 256
2070 711 710
2071 807 807
2072 66 64
2073 90 88
2074 111 111
2075 678 676
2076 129 128
2077 579 578
2078 819 818
2079 756 754
2080 852 850
2081 429 429
2082 795 794
2083 27 25
2084 888 888
2085 324 323
2086 396 394
2087 477 477
2088 474 472
2089 288 287
2090 420 418
2091 9 9
2092 552 552
2093 375 374
2094 522 520
2095 606 605
2096 315 314
2097 714 713
2098 24 24
2099 753 753
2100 321 321
2101 723 721
2102 726 724
2103 663 663
2104 27 26
2105 402 402
2106 501 500
2107 597 595
2108 492 492
2109 930 928
2110 816 815
2111 990 990
2112 471 471
2113 852 852
2114 303 303
2115 879 879
2116 378 376
2117 600 599
2118 153 153
2119 906 904
2120 69 67
2121 414 412
2122 243 242
2123 918 918
2124 639 639
2125 378 378
2126 402 402
2127 210 208
2128 414 413
2129 672 672
2130 189 188
2131 225 223
2132 177 177
2133 384 383
2134 324 324
2135 735 733
2136 681 679
2137 852 851
2138 735 735
2139 894 894
2140 159 158
2141 450 450
2142 726 726
2143 474 473
2144 345 344
2145 723 722
2146 300 298
2147 951 950
2148 177 175
2149 774 774
2150 186 185
2151 123 121
2152 828 826
2153 474 474
2154 105 103
2155 486 485
2156 894 893
2157 819 818
2158 72 70
2159 939 938
2160 300 300
2161 519 518
2162 912 910
2163 321 320
2164 729 728
2165 114 113
2166 414 412
2167 906 905
2168 351 351
2169 6 5
2170 615 615
2171 939 938
2172 714 712
2173 528 527
2174 174 174
2175 105 105
2176 828 828
2177 411 409
2178 468 467
2179 858 856
2180 312 310
2181 891 890
2182 732 730
2183 138 136
2184 429 427
2185 111 111
2186 924 922
2187 207 207
2188 699 699
2189 336 334
2190 306 306
2191 987 986
2192 957 957
2193 303 301
2194 879 877
2195 738 738
2196 87 86
2197 975 975
2198 543 542
2199 837 835
2200 810 810
2201 159 158
2202 588 588
2203 249 248
2204 369 369
2205 282 281
2206 966 966
2207 120 120
2208 363 363
2209 954 952
2210 672 672
2211 21 20
2212 636 636
2213 459 458
2214 813 812
2215 6 5
2216 9 8
2217 783 781
2218 915 913
2219 618 618
2220 33 31
2221 912 910
2222 639 639
2223 9 8
2224 123 122
2225 228 228
2226 489 488
2227 375 375
2228 813 811
2229 570 569
2230 441 441
2231 588 587
2232 498 497
2233 888 888
2234 768 766
2235 114 112
2236 690 689
2237 456 456
2238 474 472
2239 261 261
2240 366 365
2241 174 174
2242 579 578
2243 75 74
2244 864 864
2245 375 374
2246 759 759
2247 99 97
2248 201 200
2249 651 651
2250 528 526
2251 423 423
2252 924 923
2253 867 866
2254 120 118
2255 300 300
2256 522 521
2257 108 107
2258 882 881
2259 663 662
2260 873 872
2261 216 215
2262 822 820
2263 300 298
2264 723 722
2265 756 754
2266 447 445
2267 357 355
2268 609 608
2269 570 570
2270 741 740
2271 177 176
2272 219 218
2273 693 693
2274 834 834
2275 411 410
2276 36 36
2277 561 559
2278 990 988
2279 987 987
2280 732 731
2281 930 929
2282 360 360
2283 72 71
2284 543 541
2285 762 762
2286 591 590
2287 942 942
2288 141 140
2289 939 938
2290 624 624
2291 336 336
2292 684 683
2293 177 177
2294 786 785
2295 753 751
2296 672 671
2297 678 676
2298 411 410
2299 480 480
2300 567 566
2301 633 632
2302 345 344
2303 906 905
2304 939 939
2305 150 149
2306 408 406
2307 237 236
2308 609 607
2309 636 635
2310 345 345
2311 12 10
2312 345 345
2313 936 935
2314 576 575
2315 243 241
2316 183 183
2317 921 919
2318 711 710
2319 912 910
2320 876 874
2321 531 529
2322 804 803
2323 651 651
2324 6 6
2325 264 264
2326 168 168
2327 162 161
2328 888 886
2329 225 223
2330 276 275
2331 264 262
2332 606 604
2333 60 59
2334 93 93
2335 561 561
2336 102 102
2337 390 388
2338 1002 1000
2339 66 64
2340 99 98
2341 990 988
2342 72 72
2343 984 984
2344 171 170
2345 198 198
2346 804 803
2347 414 413
2348 528 528
2349 552 551
2350 993 992
2351 639 637
2352 972 971
2353 858 857
2354 603 603
2355 570 568
2356 345 343
2357 690 690
2358 408 407
2359 522 522
2360 690 689
2361 105 105
2362 858 858
2363 72 71
2364 480 480
2365 321 321
2366 996 996
2367 936 934
2368 981 981
2369 876 875
2370 921 919
2371 945 943
2372 117 115
2373 432 432
2374 969 968
2375 228 228
2376 225 223
2377 405 404
2378 804 804
2379 771 771
2380 105 104
2381 708 708
2382 396 395
2383 3 1
2384 273 271
2385 801 800
2386 219 217
2387 552 552
2388 369 368
2389 801 801
2390 417 415
2391 210 209
2392 783 783
2393 996 995
2394 159 157
2395 636 634
2396 189 188
2397 636 636
2398 84 83
2399 3 2
2400 537 535
2401 348 347
2402 549 547
2403 63 63
2404 420 419
2405 633 633
2406 234 233
2407 816 814
2408 600 598
2409 972 971
2410 723 722
2411 891 891
2412 720 719
2413 879 877
2414 144 144
2415 126 124
2416 120 119
2417 144 144
2418 597 595
2419 225 225
2420 258 256
2421 996 996
2422 522 521
2423 672 671
2424 312 312
2425 792 790
2426 495 494
2427 777 776
2428 897 895
2429 84 83
2430 21 20
2431 765 763
2432 837 836
2433 450 450
2434 501 500
2435 522 522
2436 420 419
2437 654 654
2438 405 403
2439 63 62
2440 42 41
2441 225 225
2442 567 566
2443 639 637
2444 102 102
2445 564 562
2446 495 493
2447 366 364
2448 666 665
2449 81 79
2450 243 243
2451 591 589
2452 825 823
2453 741 739
2454 324 323
2455 339 338
2456 534 533
2457 954 953
2458 558 556
2459 768 767
2460 393 392
2461 582 582
2462 639 638
2463 516 515
2464 237 236
2465 411 410
2466 525 523
2467 753 751
2468 522 522
2469 609 607
2470 366 366
2471 669 669
2472 129 127
2473 744 744
2474 879 878
2475 858 857
2476 804 803
2477 309 307
2478 780 779
2479 108 107
2480 720 719
2481 327 327
2482 330 328
2483 669 667
2484 744 742
2485 606 606
2486 705 703
2487 549 547
2488 693 692
2489 366 364
2490 231 231
2491 594 592
2492 51 49
2493 375 373
2494 723 721
2495 867 865
2496 855 855
2497 714 714
2498 462 462
2499 807 806
2500 696 695
2501 918 916
2502 180 178
2503 915 913
2504 192 192
2505 711 711
2506 453 452
2507 864 864
2508 369 368
2509 42 40
2510 549 547
2511 825 824
2512 930 928
2513 519 519
2514 411 410
2515 84 83
2516 261 259
2517 765 765
2518 204 204
2519 684 683
2520 936 935
2521 375 375
2522 720 720
2523 420 420
2524 492 490
2525 576 576
2526 774 773
2527 183 181
2528 981 981
2529 786 786
2530 456 455
2531 216 215
2532 294 292
2533 903 901
2534 552 552
2535 780 780
2536 750 748
2537 78 78
2538 471 471
2539 600 600
2540 60 59
2541 33 33
2542 237 236
2543 387 387
2544 285 283
2545 495 495
2546 786 785
2547 591 589
2548 72 71
2549 609 609
2550 516 514
2551 810 808
2552 654 652
2553 540 538
2554 135 133
2555 339 338
2556 483 481
2557 498 496
2558 219 219
2559 135 135
2560 33 31
2561 258 258
2562 261 260
2563 555 554
2564 897 896
2565 516 515
2566 846 846
2567 285 285
2568 939 939
2569 807 805
2570 456 455
2571 948 947
2572 912 910
2573 720 719
2574 432 430
2575 15 13
2576 300 298
2577 456 455
2578 870 869
2579 225 225
2580 684 683
2581 648 648
2582 729 729
2583 453 452
2584 510 509
2585 837 837
2586 600 600
2587 297 297
2588 327 327
2589 300 299
2590 105 105
2591 570 568
2592 180 179
2593 762 762
2594 327 327
2595 711 711
2596 267 267
2597 45 44
2598 327 326
2599 12 11
2600 375 373
2601 846 845
2602 765 764
2603 66 64
2604 513 512
2605 474 472
2606 18 17
2607 636 636
2608 630 628
2609 546 544
2610 183 182
2611 504 504
2612 399 398
2613 30 28
2614 306 305
2615 894 894
2616 81 81
2617 297 296
2618 576 575
2619 843 843
2620 933 933
2621 555 555
2622 18 16
2623 672 670
2624 741 739
2625 675 675
2626 9 7
2627 288 287
2628 903 902
2629 378 378
2630 441 439
2631 24 24
2632 459 459
2633 444 444
2634 831 830
2635 576 575
2636 297 297
2637 255 254
2638 966 965
2639 147 146
2640 723 722
2641 417 416
2642 207 205
2643 561 560
2644 210 208
2645 891 891
2646 795 795
2647 294 294
2648 240 240
2649 276 276
2650 774 772
2651 768 767
2652 723 721
2653 30 30
2654 714 713
2655 564 563
2656 669 669
2657 900 899
2658 390 388
2659 90 88
2660 321 319
2661 237 236
2662 843 841
2663 876 875
2664 765 763
2665 828 827
2666 837 837
2667 681 680
2668 507 505
2669 570 568
2670 660 658
2671 174 173
2672 324 322
2673 594 593
2674 129 128
2675 108 107
2676 552 552
2677 720 719
2678 735 733
2679 396 396
2680 675 674
2681 255 255
2682 408 406
2683 606 606
2684 879 877
2685 408 406
2686 165 163
2687 303 301
2688 75 75
2689 213 212
2690 687 686
2691 6 4
2692 744 744
2693 963 962
2694 93 92
2695 693 693
2696 528 527
2697 156 155
2698 666 666
2699 813 811
2700 291 289
2701 279 278
2702 792 792
2703 153 151
2704 885 885
2705 666 665
2706 3 1
2707 762 760
2708 90 89
2709 576 575
2710 90 89
2711 483 481
2712 855 855
2713 771 771
2714 543 541
2715 639 638
2716 792 792
2717 252 250
2718 360 358
2719 744 742
2720 300 300
2721 390 389
2722 309 309
2723 972 970
2724 456 455
2725 822 820
2726 24 24
2727 366 364
2728 735 734
2729 732 731
2730 213 211
2731 90 89
2732 504 503
2733 42 40
2734 240 240
2735 39 39
2736 669 668
2737 771 770
2738 840 839
2739 168 167
2740 330 328
2741 621 619
2742 30 29
2743 948 947
2744 567 567
2745 561 559
2746 867 865
2747 96 96
2748 666 666
2749 258 258
2750 171 170
2751 966 965
2752 249 249
2753 24 22
2754 18 18
2755 372 370
2756 759 758
2757 315 314
2758 501 501
2759 393 393
2760 912 912
2761 603 603
2762 396 394
2763 576 576
2764 285 285
2765 999 998
2766 825 824
2767 798 797
2768 912 910
2769 267 267
2770 60 58
2771 753 752
2772 768 766
2773 420 420
2774 252 251
2775 684 684
2776 219 219
2777 669 667
2778 858 858
2779 693 693
2780 651 651
2781 648 647
2782 993 991
2783 258 258
2784 138 136
2785 9 7
2786 813 811
2787 477 476
2788 102 100
2789 69 68
2790 909 908
2791 669 669
2792 30 29
2793 780 779
2794 6 6
2795 27 26
2796 723 721
2797 336 336
2798 603 602
2799 585 585
2800 99 99
2801 333 332
2802 3 2
2803 837 835
2804 870 868
2805 753 752
2806 516 514
2807 588 586
2808 732 730
2809 480 479
2810 99 97
2811 300 299
2812 165 163
2813 624 623
2814 174 173
2815 831 829
2816 210 210
2817 408 408
2818 972 970
2819 729 728
2820 219 217
2821 915 915
2822 492 491
2823 495 495
2824 711 709
2825 3 3
2826 600 599
2827 312 310
2828 255 253
2829 504 503
2830 519 517
2831 117 115
2832 36 35
2833 573 573
2834 552 551
2835 792 792
2836 906 904
2837 33 32
2838 444 442
2839 696 695
2840 723 723
2841 708 707
2842 540 540
2843 708 708
2844 501 499
2845 660 660
2846 327 325
2847 207 207
2848 273 272
2849 306 305
2850 768 766
2851 351 351
2852 783 781
2853 246 245
2854 324 324
2855 72 71
2856 417 416
2857 261 259
2858 453 453
2859 636 635
2860 522 520
2861 291 289
2862 858 857
2863 381 380
2864 864 862
2865 447 447
2866 588 586
2867 240 240
2868 765 764
2869 183 181
2870 702 700
2871 243 242
2872 1002 1000
2873 129 128
2874 663 661
2875 432 431
2876 786 785
2877 324 324
2878 447 445
2879 774 774
2880 456 456
2881 186 186
2882 975 975
2883 345 343
2884 18 17
2885 981 980
2886 174 174
2887 462 461
2888 735 735
2889 966 964
2890 642 640
2891 861 859
2892 180 178
2893 768 768
2894 30 30
2895 180 178
2896 12 12
2897 936 936
2898 603 601
2899 243 241
2900 375 375
2901 102 102
2902 504 502
2903 261 259
2904 681 680
2905 102 100
2906 372 370
2907 285 284
2908 609 607
2909 138 137
2910 639 639
2911 405 404
2912 45 44
2913 324 324
2914 117 117
2915 90 90
2916 876 875
2917 447 447
2918 234 233
2919 249 249
2920 81 80
2921 237 236
2922 816 816
2923 63 62
2924 387 387
2925 660 659
2926 252 252
2927 855 855
2928 63 61
2929 555 554
2930 111 110
2931 855 853
2932 633 633
2933 906 906
2934 969 969
2935 507 506
2936 75 75
2937 243 241
2938 453 453
2939 69 67
2940 894 892
2941 636 634
2942 18 17
2943 465 463
2944 12 11
2945 936 934
2946 792 792
2947 414 414
2948 774 772
2949 117 117
2950 519 517
2951 276 275
2952 510 509
2953 438 437
2954 816 814
2955 852 850
2956 396 396
2957 795 794
2958 93 91
2959 873 873
2960 147 146
2961 900 899
2962 432 431
2963 99 98
2964 3 2
2965 165 163
2966 168 166
2967 552 551
2968 900 898
2969 711 709
2970 78 77
2971 270 269
2972 9 8
2973 936 935
2974 351 349
2975 570 569
2976 309 309
2977 135 135
2978 393 392
2979 717 717
2980 645 645
2981 666 664
2982 180 178
2983 525 523
2984 255 253
2985 447 446
2986 552 552
2987 762 760
2988 444 443
2989 846 845
2990 390 388
2991 972 970
2992 993 993
2993 375 373
2994 510 510
2995 564 562
2996 267 266
2997 819 817
2998 630 628
2999 117 115
3000 957 955
3001 300 298
3002 162 162
3003 624 624
3004 123 123
3005 42 40
3006 84 82
3007 825 825
3008 60 58
3009 234 233
3010 672 670
3011 207 206
3012 807 805
3013 576 576
3014 912 912
3015 924 922
3016 1002 1000
3017 81 79
3018 513 512
3019 570 569
3020 282 282
3021 21 20
3022 918 917
3023 441 441
3024 924 924
3025 264 263
3026 939 938
3027 372 372
3028 603 601
3029 444 442
3030 933 931
3031 846 844
3032 537 535
3033 711 711
3034 846 845
3035 591 590
3036 534 533
3037 870 869
3038 522 521
3039 48 47
3040 834 834
3041 852 851
3042 921 920
3043 210 209
3044 876 876
3045 333 331
3046 855 855
3047 870 870
3048 312 310
3049 249 248
3050 471 469
3051 684 683
3052 255 255
3053 375 375
3054 432 432
3055 342 342
3056 243 242
3057 42 41
3058 243 243
3059 267 265
3060 561 560
3061 696 695
3062 579 579
3063 669 668
3064 927 927
3065 717 716
3066 837 836
3067 135 133
3068 792 790
3069 441 439
3070 969 968
3071 828 827
3072 96 94
3073 333 333
3074 969 968
3075 879 878
3076 474 474
3077 195 194
3078 576 576
3079 459 457
3080 663 663
3081 441 441
3082 792 791
3083 930 928
3084 942 940
3085 225 223
3086 966 964
3087 786 786
3088 117 115
3089 219 219
3090 147 145
3091 504 503
3092 615 614
3093 801 801
3094 918 916
3095 747 746
3096 684 682
3097 900 898
3098 417 417
3099 975 975
3100 207 206
3101 21 20
3102 432 432
3103 288 286
3104 990 988
3105 816 816
3106 639 637
3107 327 326
3108 969 967
3109 918 918
3110 978 978
3111 108 106
3112 756 755
3113 876 874
3114 999 998
3115 408 407
3116 402 400
3117 972 970
3118 930 929
3119 723 723
3120 255 255
3121 174 174
3122 615 613
3123 471 471
3124 612 610
3125 768 766
3126 78 78
3127 759 758
3128 906 904
3129 96 95
3130 450 450
3131 963 963
3132 864 862
3133 144 142
3134 594 594
3135 903 902
3136 207 206
3137 747 746
3138 912 910
3139 561 559
3140 627 627
3141 6 5
3142 228 228
3143 786 785
3144 75 75
3145 333 332
3146 588 586
3147 762 760
3148 651 651
3149 762 762
3150 255 255
3151 12 11
3152 807 806
3153 474 472
3154 885 885
3155 603 602
3156 198 198
3157 753 752
3158 729 729
3159 921 920
3160 747 745
3161 222 220
3162 723 721
3163 81 81
3164 582 580
3165 981 979
3166 390 388
3167 909 909
3168 723 723
3169 375 373
3170 63 61
3171 36 35
3172 273 271
3173 594 593
3174 138 136
3175 663 662
3176 615 613
3177 141 141
3178 60 59
3179 555 555
3180 741 741
3181 438 438
3182 720 718
3183 426 424
3184 201 200
3185 468 467
3186 525 523
3187 552 550
3188 402 401
3189 54 54
3190 951 950
3191 153 152
3192 813 813
3193 930 930
3194 366 365
3195 3 1
3196 60 58
3197 423 421
3198 744 744
3199 777 777
3200 117 115
3201 849 847
3202 507 506
3203 474 472
3204 234 233
3205 891 889
3206 549 549
3207 843 841
3208 675 675
3209 9 7
3210 228 226
3211 777 776
3212 96 95
3213 294 294
3214 486 486
3215 198 196
3216 687 686
3217 318 318
3218 846 846
3219 63 61
3220 924 923
3221 705 704
3222 684 683
3223 567 566
3224 549 548
3225 504 504
3226 384 382
3227 972 972
3228 423 423
3229 99 99
3230 990 989
3231 549 548
3232 726 726
3233 948 946
3234 51 51
3235 585 584
3236 132 131
3237 525 525
3238 966 964
3239 957 955
3240 765 764
3241 642 641
3242 165 165
3243 576 576
3244 417 415
3245 276 274
3246 393 392
3247 447 446
3248 543 542
3249 594 592
3250 102 101
3251 150 150
3252 846 844
3253 576 574
3254 858 858
3255 813 811
3256 696 694
3257 807 806
3258 597 596
3259 432 432
3260 837 835
3261 519 517
3262 525 523
3263 198 197
3264 918 916
3265 534 533
3266 465 465
3267 714 714
3268 420 420
3269 174 173
3270 693 691
3271 963 962
3272 513 512
3273 531 531
3274 942 942
3275 753 753
3276 153 151
3277 612 610
3278 594 594
3279 768 766
3280 492 490
3281 117 115
3282 492 490
3283 849 849
3284 453 453
3285 858 856
3286 954 954
3287 789 789
3288 612 612
3289 285 284
3290 585 583
3291 192 191
3292 816 814
3293 204 204
3294 588 586
3295 621 620
3296 351 349
3297 513 512
3298 366 365
3299 687 686
3300 573 572
3301 426 426
3302 699 699
3303 624 624
3304 393 391
3305 399 397
3306 45 44
3307 870 869
3308 630 630
3309 672 670
3310 270 270
3311 606 604
3312 786 785
3313 855 854
3314 807 805
3315 270 270
3316 117 116
3317 342 342
3318 60 59
3319 423 422
3320 924 924
3321 402 402
3322 273 272
3323 807 807
3324 426 425
3325 183 182
3326 570 570
3327 51 49
3328 66 66
3329 468 467
3330 606 605
3331 30 29
3332 516 515
3333 882 882
3334 549 549
3335 69 67
3336 171 169
3337 375 375
3338 735 735
3339 306 306
3340 291 291
3341 945 943
3342 267 267
3343 81 80
3344 693 691
3345 132 130
3346 276 276
3347 471 469
3348 885 883
3349 267 265
3350 150 149
3351 837 837
3352 897 896
3353 168 168
3354 582 581
3355 594 594
3356 75 74
3357 486 485
3358 852 852
3359 399 397
3360 651 649
3361 735 734
3362 237 235
3363 591 589
3364 339 337
3365 855 855
3366 408 408
3367 846 845
3368 504 502
3369 762 761
3370 504 503
3371 564 562
3372 648 648
3373 708 707
3374 858 857
3375 603 603
3376 162 160
3377 438 437
3378 690 688
3379 393 391
3380 993 993
3381 273 271
3382 672 672
3383 771 769
3384 15 15
3385 744 742
3386 906 904
3387 177 175
3388 876 874
3389 96 95
3390 630 630
3391 198 198
3392 420 420
3393 330 330
3394 471 470
3395 936 935
3396 792 790
3397 687 687
3398 867 867
3399 30 29
3400 864 863
3401 315 315
3402 294 292
3403 21 20
3404 453 452
3405 678 676
3406 864 864
3407 747 747
3408 480 480
3409 129 128
3410 162 162
3411 852 850
3412 486 485
3413 684 682
3414 471 469
3415 117 116
3416 489 489
3417 438 437
3418 921 919
3419 720 718
3420 564 562
3421 750 750
3422 642 642
3423 840 838
3424 132 130
3425 30 29
3426 174 174
3427 852 852
3428 579 579
3429 876 876
3430 786 784
3431 924 923
3432 195 194
3433 774 774
3434 534 534
3435 585 584
3436 777 776
3437 363 361
3438 354 352
3439 162 162
3440 21 20
3441 414 412
3442 273 272
3443 954 952
3444 651 649
3445 882 881
3446 252 250
3447 567 566
3448 654 654
3449 501 499
3450 198 196
3451 912 911
3452 738 737
3453 651 649
3454 63 63
3455 909 907
3456 627 626
3457 882 881
3458 900 899
3459 861 859
3460 390 390
3461 270 269
3462 864 862
3463 858 856
3464 483 481
3465 441 441
3466 798 798
3467 873 871
3468 948 946
3469 483 482
3470 522 522
3471 159 159
3472 162 162
3473 450 448
3474 477 476
3475 360 360
3476 399 397
3477 564 564
3478 921 921
3479 327 325
3480 999 998
3481 291 290
3482 942 942
3483 669 667
3484 960 959
3485 81 80
3486 510 509
3487 663 663
3488 78 78
3489 759 757
3490 894 894
3491 180 179
3492 249 249
3493 306 306
3494 726 726
3495 954 954
3496 819 819
3497 411 411
3498 642 642
3499 903 903
3500 156 155
3501 807 807
3502 573 572
3503 498 497
3504 174 172
3505 285 283
3506 351 349
3507 132 130
3508 591 591
3509 492 491
3510 531 529
3511 228 226
3512 690 690
3513 891 889
3514 966 965
3515 738 736
3516 108 108
3517 12 11
3518 708 708
3519 210 209
3520 462 462
3521 744 744
3522 78 77
3523 846 846
3524 780 779
3525 804 803
3526 678 678
3527 114 114
3528 216 216
3529 399 398
3530 798 796
3531 3 1
3532 981 980
3533 738 736
3534 426 424
3535 858 858
3536 546 544
3537 129 127
3538 132 131
3539 399 398
3540 954 952
3541 966 966
3542 243 241
3543 279 278
3544 480 480
3545 504 504
3546 12 10
3547 129 128
3548 360 360
3549 780 778
3550 621 620
3551 483 481
3552 609 608
3553 876 876
3554 114 114
3555 141 140
3556 732 731
3557 666 664
3558 543 543
3559 306 305
3560 138 136
3561 834 833
3562 243 243
3563 840 838
3564 54 52
3565 966 965
3566 462 460
3567 747 746
3568 216 216
3569 348 347
3570 903 902
3571 558 556
3572 99 97
3573 822 822
3574 348 347
3575 648 648
3576 468 466
3577 735 735
3578 597 595
3579 603 601
3580 21 19
3581 318 318
3582 45 45
3583 495 495
3584 870 869
3585 531 529
3586 564 563
3587 459 459
3588 78 76
3589 378 378
3590 660 658
3591 360 358
3592 363 363
3593 702 701
3594 465 463
3595 855 853
3596 108 106
3597 657 655
3598 18 18
3599 432 431
3600 924 923
3601 978 976
3602 135 134
3603 357 356
3604 81 80
3605 906 905
3606 648 646
3607 336 335
3608 648 647
3609 327 326
3610 714 714
3611 909 909
3612 966 965
3613 975 973
3614 216 215
3615 270 268
3616 990 990
3617 198 197
3618 483 482
3619 645 644
3620 645 643
3621 423 423
3622 126 125
3623 450 449
3624 243 241
3625 690 688
3626 345 344
3627 543 542
3628 888 888
3629 510 508
3630 306 305
3631 738 738
3632 642 641
3633 534 532
3634 564 563
3635 855 855
3636 855 855
3637 354 353
3638 573 571
3639 981 981
3640 624 622
3641 255 254
3642 957 957
3643 411 411
3644 72 71
3645 90 89
3646 468 467
3647 183 182
3648 297 297
3649 315 313
3650 48 46
3651 81 80
3652 450 449
3653 483 481
3654 450 450
3655 306 305
3656 603 603
3657 324 323
3658 360 358
3659 291 289
3660 615 613
3661 63 62
3662 123 121
3663 516 516
3664 474 474
3665 408 408
3666 456 454
3667 156 155
3668 342 341
3669 900 900
3670 810 808
3671 123 121
3672 387 385
3673 189 189
3674 39 38
3675 957 955
3676 66 64
3677 864 864
3678 177 176
3679 87 87
3680 402 400
3681 735 734
3682 33 31
3683 78 77
3684 462 462
3685 15 15
3686 153 152
3687 330 329
3688 72 71
3689 417 415
3690 243 241
3691 534 534
3692 348 346
3693 756 756
3694 546 546
3695 483 483
3696 513 511
3697 462 461
3698 942 941
3699 714 714
3700 354 354
3701 924 924
3702 543 543
3703 411 411
3704 378 376
3705 822 821
3706 630 628
3707 150 149
3708 471 471
3709 12 12
3710 438 437
3711 543 541
3712 498 498
3713 603 602
3714 261 261
3715 807 805
3716 747 747
3717 714 713
3718 279 279
3719 216 214
3720 39 39
3721 660 659
3722 699 698
3723 375 373
3724 102 101
3725 582 582
3726 189 189
3727 291 289
3728 942 942
3729 867 866
3730 234 234
3731 666 666
3732 558 558
3733 633 632
3734 606 606
3735 414 412
3736 561 561
3737 846 844
3738 225 223
3739 531 529
3740 72 70
3741 84 84
3742 237 236
3743 627 626
3744 609 607
3745 903 903
3746 504 504
3747 663 663
3748 168 167
3749 783 783
3750 255 255
3751 546 545
3752 978 978
3753 846 846
3754 201 199
3755 663 662
3756 639 639
3757 684 684
3758 345 344
3759 534 533
3760 450 449
3761 648 647
3762 21 20
3763 957 957
3764 219 217
3765 282 280
3766 951 951
3767 636 634
3768 909 909
3769 813 812
3770 696 695
3771 657 656
3772 189 188
3773 9 8
3774 654 652
3775 477 477
3776 753 751
3777 741 740
3778 507 505
3779 867 867
3780 945 945
3781 330 329
3782 810 809
3783 3 3
3784 945 944
3785 114 114
3786 867 866
3787 444 442
3788 339 337
3789 591 590
3790 477 477
3791 945 943
3792 33 31
3793 300 300
3794 603 603
3795 492 490
3796 621 619
3797 837 836
3798 459 457
3799 504 503
3800 999 997
3801 486 484
3802 333 332
3803 345 344
3804 330 329
3805 243 241
3806 150 149
3807 216 214
3808 957 955
3809 177 177
3810 408 406
3811 57 57
3812 789 787
3813 177 175
3814 645 643
3815 426 426
3816 123 121
3817 159 158
3818 204 202
3819 402 400
3820 267 266
3821 822 820
3822 147 146
3823 873 871
3824 681 679
3825 147 145
3826 432 431
3827 84 82
3828 6 5
3829 78 77
3830 750 748
3831 579 577
3832 63 63
3833 612 612
3834 975 975
3835 51 51
3836 120 118
3837 477 477
3838 312 312
3839 303 301
3840 315 313
3841 990 990
3842 498 497
3843 57 57
3844 429 428
3845 603 601
3846 951 951
3847 441 440
3848 93 93
3849 66 66
3850 984 983
3851 936 935
3852 186 185
3853 816 815
3854 315 313
3855 759 757
3856 36 35
3857 183 182
3858 648 648
3859 789 787
3860 111 110
3861 18 17
3862 417 416
3863 690 690
3864 927 925
3865 174 173
3866 768 766
3867 930 928
3868 987 985
3869 573 573
3870 900 899
3871 651 651
3872 459 458
3873 684 683
3874 273 273
3875 660 659
3876 228 228
3877 105 104
3878 204 203
3879 156 156
3880 213 212
3881 417 415
3882 579 577
3883 450 449
3884 393 392
3885 903 901
3886 147 145
3887 636 634
3888 123 122
3889 861 859
3890 615 615
3891 327 326
3892 735 733
3893 834 834
3894 957 957
3895 939 937
3896 726 726
3897 213 213
3898 876 875
3899 273 271
3900 942 940
3901 546 546
3902 576 576
3903 159 158
3904 105 103
3905 9 9
3906 246 246
3907 858 856
3908 438 436
3909 660 659
3910 786 785
3911 510 510
3912 105 103
3913 516 515
3914 360 360
3915 174 173
3916 294 294
3917 48 48
3918 498 498
3919 228 228
3920 294 293
3921 459 457
3922 522 522
3923 294 292
3924 348 348
3925 936 935
3926 693 691
3927 696 694
3928 915 914
3929 615 613
3930 774 772
3931 162 160
3932 486 485
3933 204 203
3934 270 269
3935 984 984
3936 441 439
3937 864 862
3938 888 888
3939 447 446
3940 420 418
3941 897 897
3942 72 72
3943 552 550
3944 852 852
3945 336 336
3946 453 452
3947 987 987
3948 789 788
3949 120 119
3950 198 196
3951 237 237
3952 27 26
3953 87 86
3954 387 387
3955 747 747
3956 435 434
3957 537 535
3958 300 299
3959 843 841
3960 819 817
3961 462 462
3962 669 667
3963 84 83
3964 102 102
3965 729 728
3966 837 836
3967 207 207
3968 747 746
3969 333 332
3970 264 263
3971 855 855
3972 48 48
3973 900 900
3974 72 72
3975 246 244
3976 231 229
3977 981 980
3978 423 422
3979 780 779
3980 897 896
3981 987 986
3982 984 984
3983 198 196
3984 810 810
3985 141 140
3986 306 304
3987 855 853
3988 729 727
3989 318 316
3990 972 972
3991 843 843
3992 909 907
3993 345 343
3994 15 15
3995 345 344
3996 159 158
3997 786 785
3998 300 300
3999 990 989
4000 969 968
4001 363 362
4002 444 443
4003 450 450
4004 348 348
4005 195 195
4006 498 497
4007 186 184
4008 513 513
4009 435 433
4010 30 28
4011 384 382
4012 675 675
4013 723 721
4014 333 332
4015 96 96
4016 360 358
4017 522 522
4018 453 451
4019 402 401
4020 27 27
4021 879 877
4022 885 885
4023 444 442
4024 387 385
4025 777 776
4026 186 184
4027 921 920
4028 807 805
4029 222 222
4030 525 525
4031 345 345
4032 555 553
4033 681 680
4034 726 725
4035 945 943
4036 522 520
4037 135 135
4038 117 116
4039 444 443
4040 888 888
4041 807 806
4042 864 864
4043 459 458
4044 735 734
4045 180 180
4046 924 922
4047 621 619
4048 663 661
4049 273 272
4050 924 923
4051 855 855
4052 513 511
4053 108 107
4054 474 472
4055 384 383
4056 27 25
4057 387 385
4058 735 735
4059 987 985
4060 363 363
4061 408 407
4062 504 503
4063 540 539
4064 150 149
4065 990 990
4066 756 755
4067 831 830
4068 357 355
4069 606 606
4070 705 703
4071 525 524
4072 339 338
4073 669 667
4074 330 329
4075 321 321
4076 258 256
4077 21 19
4078 627 625
4079 573 573
4080 441 439
4081 216 214
4082 912 912
4083 417 415
4084 474 473
4085 924 924
4086 606 604
4087 228 227
4088 237 237
4089 924 922
4090 555 554
4091 303 301
4092 450 448
4093 108 108
4094 36 34
4095 981 979
4096 270 269
4097 318 316
4098 39 39
4099 321 319
4100 735 733
4101 291 289
4102 630 628
4103 858 858
4104 216 215
4105 762 760
4106 279 279
4107 180 178
4108 105 105
4109 753 751
4110 696 696
4111 6 4
4112 669 668
4113 165 164
4114 669 667
4115 291 289
4116 411 411
4117 771 769
4118 210 209
4119 783 781
4120 789 788
4121 852 851
4122 315 315
4123 564 563
4124 774 773
4125 600 598
4126 489 487
4127 786 786
4128 864 863
4129 372 370
4130 480 480
4131 651 650
4132 918 918
4133 954 953
4134 459 457
4135 288 287
4136 72 71
4137 456 454
4138 882 882
4139 591 589
4140 561 560
4141 639 638
4142 699 697
4143 873 873
4144 798 796
4145 108 106
4146 843 842
4147 822 822
4148 348 348
4149 411 411
4150 873 871
4151 207 205
4152 687 685
4153 492 492
4154 546 544
4155 963 963
4156 561 560
4157 708 708
4158 468 468
4159 864 862
4160 111 109
4161 186 184
4162 711 709
4163 738 736
4164 825 823
4165 717 716
4166 888 888
4167 972 970
4168 642 642
4169 339 339
4170 204 202
4171 186 186
4172 306 304
4173 579 578
4174 267 267
4175 231 229
4176 153 151
4177 114 113
4178 342 342
4179 942 940
4180 36 35
4181 483 481
4182 216 215
4183 324 323
4184 972 970
4185 543 542
4186 795 795
4187 15 13
4188 765 763
4189 870 869
4190 357 355
4191 939 937
4192 159 158
4193 192 191
4194 570 568
4195 711 711
4196 240 238
4197 933 932
4198 825 824
4199 693 691
4200 858 857
4201 858 857
4202 120 119
4203 546 545
4204 384 382
4205 114 114
4206 351 351
4207 351 350
4208 39 37
4209 399 399
4210 792 792
4211 573 573
4212 348 346
4213 291 291
4214 495 495
4215 384 383
4216 882 882
4217 687 687
4218 243 243
4219 987 985
4220 951 949
4221 531 531
4222 675 675
4223 162 162
4224 747 746
4225 678 678
4226 498 497
4227 459 457
4228 222 221
4229 681 680
4230 369 369
4231 354 354
4232 291 291
4233 366 366
4234 90 90
4235 843 842
4236 261 259
4237 255 254
4238 204 203
4239 918 918
4240 207 207
4241 534 534
4242 201 199
4243 456 456
4244 171 169
4245 546 545
4246 699 697
4247 9 9
4248 126 126
4249 249 249
4250 384 384
4251 504 503
4252 453 453
4253 78 77
4254 981 980
4255 330 328
4256 177 177
4257 804 804
4258 894 894
4259 918 917
4260 738 738
4261 360 360
4262 843 843
4263 114 112
4264 465 464
4265 948 948
4266 297 297
4267 846 845
4268 666 664
4269 198 198
4270 258 256
4271 516 516
4272 597 595
4273 150 149
4274 660 658
4275 429 429
4276 864 862
4277 741 739
4278 948 948
4279 786 786
4280 861 860
4281 27 27
4282 810 810
4283 864 864
4284 981 981
4285 477 475
4286 648 646
4287 942 941
4288 699 699
4289 828 827
4290 336 336
4291 147 147
4292 696 695
4293 420 420
4294 192 190
4295 924 923
4296 9 7
4297 948 946
4298 183 182
4299 747 747
4300 867 867
4301 738 738
4302 783 783
4303 978 976
4304 156 155
4305 381 380
4306 84 83
4307 126 124
4308 924 922
4309 585 585
4310 552 552
4311 978 976
4312 792 790
4313 711 709
4314 378 377
4315 507 506
4316 693 693
4317 318 318
4318 867 865
4319 906 904
4320 960 960
4321 588 586
4322 408 408
4323 165 163
4324 996 995
4325 126 125
4326 933 931
4327 621 621
4328 141 139
4329 354 352
4330 66 64
4331 627 626
4332 246 246
4333 459 458
4334 639 639
4335 819 818
4336 471 470
4337 165 163
4338 195 194
4339 30 29
4340 78 78
4341 51 51
4342 174 173
4343 990 989
4344 924 922
4345 600 599
4346 456 454
4347 48 47
4348 627 627
4349 885 884
4350 735 733
4351 882 882
4352 24 24
4353 609 609
4354 798 797
4355 351 349
4356 744 742
4357 753 753
4358 336 336
4359 237 237
4360 411 409
4361 414 414
4362 609 607
4363 813 812
4364 90 88
4365 960 959
4366 864 863
4367 306 306
4368 822 820
4369 36 34
4370 663 661
4371 354 352
4372 18 16
4373 498 498
4374 987 987
4375 921 920
4376 3 2
4377 849 849
4378 969 967
4379 984 982
4380 858 856
4381 174 174
4382 306 306
4383 345 345
4384 132 132
4385 426 425
4386 303 302
4387 651 650
4388 480 480
4389 843 841
4390 855 855
4391 3 2
4392 540 538
4393 900 900
4394 915 915
4395 225 224
4396 795 793
4397 585 583
4398 786 785
4399 474 473
4400 567 565
4401 657 657
4402 279 277
4403 966 965
4404 660 658
4405 300 300
4406 99 98
4407 195 193
4408 630 629
4409 12 12
4410 480 478
4411 249 247
4412 198 197
4413 741 741
4414 570 569
4415 816 814
4416 357 355
4417 192 192
4418 702 701
4419 801 800
4420 219 217
4421 264 262
4422 873 871
4423 744 742
4424 864 862
4425 939 939
4426 60 60
4427 447 446
4428 633 633
4429 765 764
4430 150 149
4431 294 293
4432 330 329
4433 210 209
4434 276 275
4435 93 93
4436 468 467
4437 459 459
4438 570 570
4439 576 576
4440 516 515
4441 798 798
4442 105 105
4443 747 746
4444 426 424
4445 138 136
4446 960 960
4447 786 786
4448 534 532
4449 138 136
4450 282 281
4451 825 825
4452 546 546
4453 48 47
4454 840 840
4455 345 344
4456 471 470
4457 939 937
4458 114 114
4459 6 6
4460 945 944
4461 630 629
4462 801 801
4463 240 240
4464 672 672
4465 561 560
4466 318 317
4467 321 319
4468 435 435
4469 639 638
4470 909 908
4471 351 349
4472 189 188
4473 51 49
4474 315 314
4475 681 679
4476 627 627
4477 327 327
4478 225 225
4479 93 92
4480 642 641
4481 297 295
4482 588 586
4483 315 315
4484 786 785
4485 69 68
4486 396 394
4487 441 441
4488 585 585
4489 474 472
4490 150 150
4491 921 920
4492 303 302
4493 819 818
4494 294 294
4495 930 929
4496 396 395
4497 306 304
4498 759 757
4499 267 266
4500 330 330
4501 765 765
4502 615 614
4503 144 144
4504 369 368
4505 75 75
4506 426 424
4507 303 302
4508 429 429
4509 27 26
4510 708 707
4511 357 355
4512 315 313
4513 951 951
4514 369 369
4515 696 696
4516 225 224
4517 909 909
4518 837 837
4519 999 999
4520 879 878
4521 216 215
4522 504 502
4523 798 797
4524 246 244
4525 972 971
4526 639 637
4527 498 496
4528 273 272
4529 408 408
4530 282 282
4531 24 24
4532 450 448
4533 489 488
4534 852 850
4535 939 937
4536 498 496
4537 159 158
4538 276 275
4539 432 432
4540 927 926
4541 171 169
4542 78 78
4543 123 121
4544 732 732
4545 735 735
4546 270 268
4547 567 567
4548 846 846
4549 963 962
4550 723 721
4551 123 123
4552 975 975
4553 702 702
4554 132 132
4555 852 851
4556 24 24
4557 312 312
4558 828 828
4559 831 829
4560 354 353
4561 9 8
4562 756 756
4563 945 944
4564 39 37
4565 249 247
4566 519 519
4567 66 65
4568 282 282
4569 954 953
4570 750 748
4571 972 971
4572 792 790
4573 126 124
4574 162 162
4575 894 893
4576 924 923
4577 231 231
4578 477 477
4579 312 312
4580 453 451
4581 771 771
4582 984 983
4583 471 470
4584 291 291
4585 846 845
4586 120 119
4587 948 948
4588 294 292
4589 963 961
4590 789 789
4591 360 360
4592 111 109
4593 1002 1000
4594 747 747
4595 3 2
4596 282 282
4597 258 258
4598 102 101
4599 744 743
4600 120 120
4601 222 220
4602 771 769
4603 651 649
4604 213 213
4605 645 643
4606 378 376
4607 384 384
4608 525 524
4609 375 375
4610 3 2
4611 804 803
4612 39 39
4613 66 65
4614 933 933
4615 687 687
4616 309 307
4617 708 708
4618 609 607
4619 678 678
4620 543 543
4621 807 807
4622 15 15
4623 825 825
4624 909 908
4625 546 544
4626 135 135
4627 72 71
4628 141 141
4629 762 762
4630 453 452
4631 204 202
4632 48 48
4633 705 704
4634 900 900
4635 315 313
4636 6 4
4637 303 303
4638 840 838
4639 729 728
4640 201 201
4641 63 63
4642 213 213
4643 594 593
4644 570 570
4645 162 162
4646 870 869
4647 840 838
4648 45 45
4649 957 955
4650 309 308
4651 228 227
4652 267 265
4653 177 176
4654 978 978
4655 882 880
4656 342 342
4657 945 944
4658 522 520
4659 693 693
4660 513 512
4661 534 533
4662 630 628
4663 684 684
4664 396 396
4665 741 739
4666 867 867
4667 549 547
4668 651 649
4669 927 927
4670 342 341
4671 912 910
4672 594 592
4673 138 136
4674 462 461
4675 384 384
4676 468 468
4677 186 184
4678 648 646
4679 372 371
4680 762 762
4681 804 803
4682 438 438
4683 387 386
4684 162 162
4685 942 942
4686 15 14
4687 336 334
4688 171 171
4689 627 625
4690 249 247
4691 942 942
4692 948 946
4693 255 253
4694 456 454
4695 156 156
4696 219 219
4697 903 902
4698 978 976
4699 201 199
4700 534 534
4701 90 90
4702 471 470
4703 156 155
4704 309 307
4705 810 808
4706 507 506
4707 402 402
4708 558 558
4709 339 338
4710 705 704
4711 480 478
4712 843 843
4713 939 938
4714 639 637
4715 483 483
4716 474 474
4717 18 16
4718 900 899
4719 345 345
4720 828 828
4721 75 73
4722 99 98
4723 369 368
4724 285 283
4725 138 137
4726 465 464
4727 483 483
4728 765 765
4729 147 146
4730 468 466
4731 654 653
4732 882 882
4733 243 242
4734 504 504
4735 471 470
4736 939 937
4737 186 185
4738 726 724
4739 447 445
4740 798 798
4741 303 303
4742 525 523
4743 777 775
4744 777 775
4745 948 946
4746 27 26
4747 336 335
4748 729 729
4749 984 982
4750 153 153
4751 780 779
4752 591 591
4753 756 754
4754 93 91
4755 981 981
4756 549 547
4757 243 241
4758 357 356
4759 855 855
4760 795 795
4761 678 678
4762 507 505
4763 999 997
4764 501 501
4765 216 214
4766 69 67
4767 567 566
4768 876 874
4769 810 810
4770 357 355
4771 324 323
4772 879 878
4773 642 642
4774 177 175
4775 600 598
4776 927 925
4777 756 754
4778 411 411
4779 534 532
4780 594 592
4781 714 712
4782 498 497
4783 876 875
4784 510 510
4785 579 579
4786 291 289
4787 21 20
4788 756 754
4789 270 269
4790 456 456
4791 897 897
4792 459 459
4793 108 106
4794 207 205
4795 825 824
4796 87 87
4797 870 870
4798 447 447
4799 582 581
4800 615 614
4801 300 298
4802 720 720
4803 141 139
4804 294 293
4805 1002 1000
4806 198 196
4807 396 396
4808 825 823
4809 588 586
4810 411 410
4811 684 684
4812 30 29
4813 471 470
4814 681 681
4815 777 777
4816 105 103
4817 534 532
4818 534 532
4819 813 813
4820 930 929
4821 237 237
4822 942 942
4823 924 922
4824 558 558
4825 312 310
4826 960 958
4827 702 700
4828 666 664
4829 555 554
4830 828 828
4831 171 170
4832 285 285
4833 237 235
4834 459 457
4835 495 493
4836 708 707
4837 51 50
4838 669 667
4839 312 311
4840 573 572
4841 180 178
4842 183 182
4843 174 173
4844 396 394
4845 816 816
4846 123 123
4847 87 85
4848 108 108
4849 375 373
4850 21 20
4851 729 728
4852 792 790
4853 570 570
4854 189 189
4855 801 800
4856 189 189
4857 60 58
4858 222 221
4859 21 19
4860 600 600
4861 99 99
4862 84 82
4863 351 350
4864 834 832
4865 462 461
4866 570 568
4867 3 2
4868 504 504
4869 576 576
4870 315 314
4871 345 345
4872 663 661
4873 963 962
4874 783 783
4875 522 521
4876 768 766
4877 480 479
4878 96 94
4879 855 855
4880 60 60
4881 846 846
4882 513 513
4883 447 445
4884 597 595
4885 588 586
4886 165 165
4887 453 453
4888 177 175
4889 942 942
4890 672 672
4891 588 588
4892 873 871
4893 153 151
4894 420 418
4895 471 471
4896 69 69
4897 495 494
4898 366 364
4899 969 968
4900 381 380
4901 828 827
4902 420 419
4903 411 409
4904 90 88
4905 108 106
4906 669 669
4907 375 375
4908 153 153
4909 675 673
4910 51 50
4911 978 976
4912 513 511
4913 39 39
4914 852 852
4915 495 493
4916 648 647
4917 369 367
4918 552 551
4919 897 896
4920 894 892
4921 930 930
4922 177 177
4923 543 542
4924 663 662
4925 66 64
4926 810 810
4927 240 238
4928 288 286
4929 408 407
4930 855 853
4931 81 80
4932 960 959
4933 132 130
4934 630 629
4935 777 775
4936 759 758
4937 819 819
4938 168 168
4939 288 287
4940 660 659
4941 264 264
4942 888 887
4943 639 638
4944 381 381
4945 585 585
4946 219 219
4947 342 342
4948 315 313
4949 120 119
4950 363 361
4951 849 849
4952 174 172
4953 72 71
4954 360 358
4955 822 820
4956 45 43
4957 399 397
4958 717 716
4959 102 100
4960 588 586
4961 369 369
4962 699 699
4963 909 907
4964 27 25
4965 774 772
4966 450 448
4967 492 491
4968 786 784
4969 861 859
4970 570 568
4971 993 993
4972 621 620
4973 204 203
4974 741 741
4975 597 595
4976 465 463
4977 435 435
4978 546 544
4979 714 714
4980 660 659
4981 573 572
4982 189 188
4983 960 960
4984 360 359
4985 981 979
4986 258 257
4987 651 651
4988 810 808
4989 519 518
4990 384 383
4991 849 848
4992 201 201
4993 339 338
4994 486 486
4995 417 416
4996 555 555
4997 444 443
4998 285 284
4999 414 413
5000 999 997
