5000 368493 14_5000_1000_2015
1 821 621
2 1193 993
3 735 535
4 751 551
5 708 408
6 456 156
7 1104 904
8 1198 998
9 693 493
10 869 669
11 606 406
12 426 126
13 778 578
14 1005 805
15 750 550
16 1007 807
17 1101 901
18 797 597
19 929 729
20 604 404
21 784 584
22 678 378
23 1019 819
24 1155 955
25 1032 832
26 433 233
27 1023 823
28 1122 922
29 801 601
30 467 267
31 348 148
32 731 531
33 779 579
34 1002 802
35 1162 962
36 912 712
37 600 400
38 666 466
39 1149 949
40 814 614
41 779 579
42 1192 992
43 732 432
44 882 582
45 873 673
46 1110 910
47 1035 835
48 407 207
49 619 419
50 528 228
51 382 182
52 581 381
53 654 354
54 976 776
55 1147 947
56 501 301
57 217 17
58 327 127
59 711 511
60 966 766
61 1127 927
62 481 281
63 520 320
64 792 592
65 761 561
66 900 600
67 976 776
68 904 704
69 563 363
70 288 88
71 288 88
72 1230 930
73 640 440
74 1096 896
75 781 581
76 709 509
77 1165 965
78 880 680
79 231 31
80 610 410
81 906 706
82 1009 809
83 1116 916
84 797 597
85 1056 856
86 367 167
87 409 209
88 370 170
89 611 411
90 1081 881
91 617 417
92 1116 816
93 736 536
94 823 623
95 459 259
96 1145 945
97 336 136
98 619 419
99 519 319
100 791 591
101 379 179
102 376 176
103 345 145
104 996 696
105 1110 910
106 406 206
107 677 477
108 299 99
109 685 485
110 611 411
111 540 240
112 617 417
113 880 680
114 846 546
115 1133 933
116 492 292
117 1050 850
118 804 504
119 365 165
120 922 722
121 312 12
122 505 305
123 277 77
124 490 290
125 1134 934
126 471 271
127 411 211
128 317 117
129 414 214
130 283 83
131 1073 873
132 798 598
133 1143 943
134 881 681
135 852 552
136 510 210
137 483 283
138 1008 808
139 1030 830
140 760 560
141 417 217
142 455 255
143 1008 808
144 870 570
145 655 455
146 777 577
147 996 696
148 918 618
149 231 31
150 561 361
151 791 591
152 973 773
153 606 406
154 426 126
155 475 275
156 859 659
157 360 160
158 912 712
159 558 258
160 300 100
161 1029 829
162 1164 864
163 877 677
164 252 52
165 871 671
166 1108 908
167 790 590
168 695 495
169 673 473
170 360 160
171 337 137
172 405 205
173 1137 937
174 525 325
175 1134 934
176 1087 887
177 358 158
178 925 725
179 1109 909
180 943 743
181 930 730
182 556 356
183 1068 768
184 988 788
185 288 88
186 1152 952
187 508 308
188 859 659
189 1174 974
190 510 210
191 935 735
192 870 670
193 1248 948
194 715 515
195 1123 923
196 312 112
197 763 563
198 935 735
199 681 481
200 839 639
201 751 551
202 816 516
203 415 215
204 929 729
205 405 205
206 779 579
207 402 202
208 846 646
209 1109 909
210 318 118
211 516 316
212 816 516
213 288 88
214 420 120
215 750 550
216 573 373
217 750 450
218 1260 960
219 1062 862
220 522 322
221 856 656
222 533 333
223 474 274
224 451 251
225 867 667
226 778 578
227 507 307
228 1080 780
229 1139 939
230 307 107
231 827 627
232 706 506
233 869 669
234 618 318
235 214 14
236 1083 883
237 765 565
238 547 347
239 1080 780
240 505 305
241 1020 820
242 1084 884
243 205 5
244 1055 855
245 942 642
246 1037 837
247 331 131
248 582 282
249 1132 932
250 1272 972
251 843 643
252 1008 808
253 975 775
254 297 97
255 307 107
256 724 524
257 318 18
258 503 303
259 1045 845
260 351 151
261 768 568
262 817 617
263 1062 762
264 688 488
265 1147 947
266 333 133
267 1072 872
268 1021 821
269 774 474
270 532 332
271 676 476
272 407 207
273 755 555
274 255 55
275 936 736
276 894 594
277 825 625
278 1003 803
279 882 582
280 393 193
281 270 70
282 526 326
283 682 482
284 1054 854
285 305 105
286 575 375
287 1075 875
288 791 591
289 426 226
290 441 241
291 745 545
292 858 658
293 976 776
294 876 576
295 568 368
296 241 41
297 601 401
298 361 161
299 1164 964
300 1198 998
301 522 322
302 678 478
303 907 707
304 1168 968
305 342 42
306 516 216
307 621 421
308 779 579
309 267 67
310 282 82
311 1103 903
312 444 244
313 545 345
314 676 476
315 691 491
316 726 426
317 468 168
318 709 509
319 952 752
320 1078 878
321 833 633
322 312 112
323 1008 808
324 235 35
325 269 69
326 623 423
327 964 764
328 630 430
329 912 712
330 822 522
331 874 674
332 246 46
333 687 487
334 1185 985
335 279 79
336 268 68
337 918 618
338 597 397
339 717 517
340 1104 804
341 370 170
342 443 243
343 774 574
344 666 466
345 787 587
346 832 632
347 594 294
348 958 758
349 579 379
350 693 493
351 988 788
352 376 176
353 448 248
354 244 44
355 417 217
356 1051 851
357 1150 950
358 1120 920
359 726 526
360 765 565
361 582 382
362 1025 825
363 822 522
364 589 389
365 1080 880
366 549 349
367 486 186
368 612 412
369 761 561
370 696 496
371 991 791
372 1180 980
373 301 101
374 432 132
375 1035 835
376 211 11
377 306 6
378 793 593
379 259 59
380 673 473
381 370 170
382 762 462
383 405 205
384 749 549
385 1092 792
386 1165 965
387 611 411
388 387 187
389 915 715
390 690 490
391 367 167
392 1284 984
393 773 573
394 1224 924
395 612 412
396 252 52
397 373 173
398 514 314
399 211 11
400 238 38
401 209 9
402 1191 991
403 486 186
404 691 491
405 628 428
406 751 551
407 1122 822
408 208 8
409 420 120
410 759 559
411 798 498
412 1038 738
413 997 797
414 756 456
415 821 621
416 573 373
417 208 8
418 403 203
419 312 112
420 945 745
421 1104 804
422 325 125
423 629 429
424 1174 974
425 988 788
426 629 429
427 881 681
428 649 449
429 430 230
430 529 329
431 1153 953
432 456 156
433 273 73
434 600 300
435 856 656
436 937 737
437 479 279
438 642 442
439 759 559
440 807 607
441 515 315
442 1038 738
443 1080 780
444 1179 979
445 948 748
446 1179 979
447 963 763
448 504 304
449 948 648
450 367 167
451 607 407
452 967 767
453 321 121
454 1162 962
455 233 33
456 759 559
457 787 587
458 1018 818
459 1071 871
460 1266 966
461 891 691
462 521 321
463 954 654
464 693 493
465 1073 873
466 450 150
467 568 368
468 871 671
469 474 174
470 591 391
471 823 623
472 921 721
473 390 190
474 630 330
475 255 55
476 940 740
477 575 375
478 1079 879
479 1007 807
480 498 198
481 1048 848
482 615 415
483 660 360
484 996 796
485 510 210
486 911 711
487 1152 852
488 651 451
489 750 450
490 437 237
491 864 664
492 1121 921
493 1188 988
494 585 385
495 846 546
496 240 40
497 385 185
498 773 573
499 1098 898
500 219 19
501 505 305
502 597 397
503 861 661
504 335 135
505 545 345
506 1020 720
507 341 141
508 235 35
509 270 70
510 748 548
511 289 89
512 807 607
513 996 696
514 365 165
515 323 123
516 376 176
517 1192 992
518 502 302
519 437 237
520 874 674
521 753 553
522 933 733
523 210 10
524 580 380
525 1066 866
526 235 35
527 403 203
528 431 231
529 793 593
530 601 401
531 1167 967
532 1031 831
533 577 377
534 636 436
535 432 232
536 376 176
537 813 613
538 1074 874
539 1069 869
540 833 633
541 330 130
542 870 570
543 510 210
544 1008 708
545 336 136
546 1031 831
547 513 313
548 251 51
549 1073 873
550 1149 949
551 1152 852
552 1188 988
553 768 568
554 370 170
555 903 703
556 438 238
557 899 699
558 306 6
559 318 18
560 1113 913
561 217 17
562 283 83
563 357 157
564 834 634
565 372 172
566 373 173
567 1002 802
568 556 356
569 400 200
570 1014 714
571 903 703
572 727 527
573 601 401
574 594 394
575 360 160
576 748 548
577 393 193
578 615 415
579 1200 1000
580 930 630
581 1159 959
582 1062 862
583 489 289
584 1074 874
585 1212 912
586 408 108
587 1182 982
588 647 447
589 801 601
590 390 90
591 732 432
592 551 351
593 342 42
594 257 57
595 1030 830
596 1059 859
597 576 276
598 486 286
599 306 106
600 955 755
601 1059 859
602 886 686
603 355 155
604 403 203
605 877 677
606 1059 859
607 213 13
608 1182 982
609 1121 921
610 816 516
611 1114 914
612 855 655
613 481 281
614 732 432
615 1080 780
616 1090 890
617 1159 959
618 924 724
619 719 519
620 351 151
621 875 675
622 559 359
623 275 75
624 223 23
625 1158 858
626 893 693
627 864 664
628 564 364
629 552 352
630 209 9
631 1113 913
632 389 189
633 407 207
634 216 16
635 833 633
636 327 127
637 309 109
638 1188 988
639 876 576
640 696 396
641 942 642
642 743 543
643 1157 957
644 852 552
645 438 238
646 1187 987
647 669 469
648 1194 894
649 487 287
650 1120 920
651 515 315
652 415 215
653 329 129
654 430 230
655 381 181
656 298 98
657 731 531
658 786 486
659 1189 989
660 341 141
661 1000 800
662 828 628
663 469 269
664 1182 882
665 507 307
666 247 47
667 1177 977
668 442 242
669 385 185
670 247 47
671 444 144
672 1069 869
673 1026 826
674 1158 958
675 731 531
676 623 423
677 1152 952
678 431 231
679 768 468
680 957 757
681 503 303
682 726 426
683 1044 744
684 1085 885
685 963 763
686 709 509
687 397 197
688 257 57
689 360 60
690 723 523
691 516 316
692 960 660
693 652 452
694 457 257
695 1047 847
696 546 346
697 775 575
698 867 667
699 683 483
700 1180 980
701 465 265
702 707 507
703 943 743
704 274 74
705 651 451
706 558 258
707 1075 875
708 618 318
709 1079 879
710 837 637
711 846 546
712 1015 815
713 1103 903
714 732 432
715 887 687
716 459 259
717 809 609
718 1078 878
719 627 427
720 947 747
721 669 469
722 1062 862
723 877 677
724 894 594
725 408 108
726 655 455
727 696 496
728 430 230
729 1035 835
730 381 181
731 1168 968
732 437 237
733 877 677
734 832 632
735 900 700
736 817 617
737 1008 708
738 696 396
739 877 677
740 900 700
741 241 41
742 611 411
743 853 653
744 1020 820
745 295 95
746 408 108
747 897 697
748 263 63
749 1035 835
750 775 575
751 615 415
752 328 128
753 246 46
754 366 166
755 648 448
756 564 264
757 313 113
758 966 766
759 1126 926
760 573 373
761 543 343
762 1107 907
763 1111 911
764 349 149
765 390 190
766 1063 863
767 856 656
768 555 355
769 789 589
770 1074 874
771 273 73
772 441 241
773 615 415
774 451 251
775 1103 903
776 948 748
777 623 423
778 317 117
779 205 5
780 739 539
781 226 26
782 1146 946
783 961 761
784 396 96
785 455 255
786 348 148
787 1005 805
788 960 660
789 801 601
790 1126 926
791 883 683
792 834 534
793 627 427
794 375 175
795 303 103
796 557 357
797 1230 930
798 522 222
799 273 73
800 521 321
801 807 607
802 1014 814
803 492 192
804 725 525
805 990 690
806 1147 947
807 303 103
808 535 335
809 207 7
810 915 715
811 715 515
812 1006 806
813 348 148
814 502 302
815 586 386
816 363 163
817 1056 856
818 694 494
819 221 21
820 1020 720
821 214 14
822 775 575
823 306 6
824 827 627
825 831 631
826 295 95
827 1158 858
828 1099 899
829 419 219
830 895 695
831 864 664
832 705 505
833 976 776
834 663 463
835 880 680
836 808 608
837 672 472
838 757 557
839 221 21
840 966 766
841 456 256
842 522 222
843 779 579
844 472 272
845 803 603
846 251 51
847 1116 816
848 601 401
849 786 586
850 786 486
851 646 446
852 539 339
853 1014 814
854 433 233
855 231 31
856 707 507
857 732 532
858 989 789
859 735 535
860 745 545
861 780 480
862 1192 992
863 630 430
864 461 261
865 1194 994
866 229 29
867 867 667
868 395 195
869 427 227
870 736 536
871 593 393
872 823 623
873 928 728
874 719 519
875 1125 925
876 265 65
877 834 534
878 825 625
879 1125 925
880 498 298
881 355 155
882 834 634
883 834 634
884 853 653
885 323 123
886 741 541
887 862 662
888 738 438
889 1200 1000
890 424 224
891 479 279
892 582 382
893 689 489
894 955 755
895 558 258
896 912 612
897 747 547
898 976 776
899 1116 816
900 276 76
901 562 362
902 384 84
903 803 603
904 1056 756
905 761 561
906 528 228
907 1049 849
908 226 26
909 493 293
910 985 785
911 1044 744
912 1023 823
913 605 405
914 1084 884
915 852 552
916 1134 934
917 672 372
918 666 466
919 964 764
920 360 60
921 453 253
922 324 24
923 864 664
924 706 506
925 366 166
926 1103 903
927 987 787
928 834 534
929 573 373
930 585 385
931 718 518
932 685 485
933 1077 877
934 1009 809
935 1180 980
936 1056 756
937 1170 970
938 535 335
939 223 23
940 1161 961
941 468 168
942 625 425
943 577 377
944 1062 862
945 327 127
946 923 723
947 264 64
948 1050 750
949 201 1
950 751 551
951 351 151
952 978 678
953 1138 938
954 981 781
955 811 611
956 989 789
957 1199 999
958 1156 956
959 1035 835
960 883 683
961 943 743
962 958 758
963 215 15
964 205 5
965 336 36
966 1140 840
967 1146 946
968 1199 999
969 642 442
970 910 710
971 360 160
972 312 112
973 983 783
974 611 411
975 588 288
976 257 57
977 353 153
978 815 615
979 1086 786
980 885 685
981 490 290
982 318 118
983 1161 961
984 250 50
985 207 7
986 535 335
987 465 265
988 295 95
989 396 196
990 1114 914
991 985 785
992 403 203
993 1193 993
994 873 673
995 1018 818
996 948 748
997 1096 896
998 807 607
999 935 735
1000 445 245
1001 619 419
1002 235 35
1003 251 51
1004 429 229
1005 202 2
1006 701 501
1007 293 93
1008 967 767
1009 1035 835
1010 376 176
1011 534 334
1012 468 268
1013 996 696
1014 1182 982
1015 256 56
1016 706 506
1017 576 276
1018 815 615
1019 465 265
1020 424 224
1021 1005 805
1022 897 697
1023 1038 838
1024 1183 983
1025 475 275
1026 256 56
1027 208 8
1028 346 146
1029 591 391
1030 503 303
1031 321 121
1032 858 558
1033 509 309
1034 813 613
1035 495 295
1036 870 570
1037 298 98
1038 1153 953
1039 816 616
1040 928 728
1041 973 773
1042 786 486
1043 852 652
1044 1066 866
1045 481 281
1046 215 15
1047 534 334
1048 1165 965
1049 673 473
1050 643 443
1051 466 266
1052 504 304
1053 1131 931
1054 402 202
1055 720 520
1056 429 229
1057 829 629
1058 901 701
1059 271 71
1060 447 247
1061 243 43
1062 577 377
1063 514 314
1064 930 730
1065 1290 990
1066 964 764
1067 522 222
1068 702 502
1069 733 533
1070 330 30
1071 761 561
1072 1044 844
1073 616 416
1074 345 145
1075 340 140
1076 750 550
1077 951 751
1078 1113 913
1079 802 602
1080 963 763
1081 231 31
1082 997 797
1083 534 334
1084 1056 856
1085 580 380
1086 819 619
1087 468 168
1088 863 663
1089 408 208
1090 1087 887
1091 1140 840
1092 235 35
1093 418 218
1094 660 460
1095 953 753
1096 226 26
1097 263 63
1098 708 408
1099 343 143
1100 1113 913
1101 1101 901
1102 1036 836
1103 241 41
1104 275 75
1105 558 258
1106 654 354
1107 711 511
1108 1062 762
1109 849 649
1110 317 117
1111 600 300
1112 1164 964
1113 396 196
1114 747 547
1115 1176 876
1116 262 62
1117 202 2
1118 1266 966
1119 463 263
1120 412 212
1121 258 58
1122 654 454
1123 1188 988
1124 751 551
1125 214 14
1126 648 448
1127 838 638
1128 276 76
1129 321 121
1130 298 98
1131 298 98
1132 899 699
1133 489 289
1134 1036 836
1135 678 478
1136 493 293
1137 933 733
1138 695 495
1139 984 684
1140 789 589
1141 1006 806
1142 601 401
1143 628 428
1144 1152 952
1145 610 410
1146 687 487
1147 933 733
1148 552 252
1149 1060 860
1150 1074 874
1151 228 28
1152 468 268
1153 781 581
1154 1254 954
1155 1254 954
1156 233 33
1157 598 398
1158 1101 901
1159 641 441
1160 354 154
1161 371 171
1162 1260 960
1163 431 231
1164 605 405
1165 240 40
1166 1116 916
1167 402 202
1168 899 699
1169 559 359
1170 990 690
1171 1018 818
1172 919 719
1173 736 536
1174 583 383
1175 714 514
1176 1119 919
1177 1087 887
1178 1096 896
1179 911 711
1180 305 105
1181 750 450
1182 846 646
1183 846 646
1184 927 727
1185 492 192
1186 803 603
1187 1114 914
1188 419 219
1189 706 506
1190 795 595
1191 219 19
1192 499 299
1193 384 84
1194 912 612
1195 615 415
1196 621 421
1197 741 541
1198 341 141
1199 780 580
1200 1107 907
1201 1278 978
1202 1206 906
1203 291 91
1204 744 544
1205 1146 846
1206 430 230
1207 327 127
1208 1185 985
1209 317 117
1210 1098 798
1211 867 667
1212 861 661
1213 492 292
1214 1132 932
1215 1183 983
1216 861 661
1217 747 547
1218 1206 906
1219 267 67
1220 508 308
1221 1162 962
1222 594 394
1223 1090 890
1224 503 303
1225 1146 846
1226 984 684
1227 1000 800
1228 1061 861
1229 461 261
1230 1236 936
1231 988 788
1232 1039 839
1233 277 77
1234 535 335
1235 1146 846
1236 729 529
1237 897 697
1238 541 341
1239 1033 833
1240 303 103
1241 875 675
1242 1146 946
1243 714 514
1244 736 536
1245 282 82
1246 396 196
1247 330 30
1248 622 422
1249 934 734
1250 629 429
1251 1152 952
1252 340 140
1253 310 110
1254 995 795
1255 432 232
1256 918 718
1257 376 176
1258 946 746
1259 412 212
1260 483 283
1261 1105 905
1262 804 604
1263 1014 714
1264 522 222
1265 880 680
1266 937 737
1267 747 547
1268 1096 896
1269 703 503
1270 1086 886
1271 514 314
1272 663 463
1273 393 193
1274 858 658
1275 267 67
1276 714 514
1277 549 349
1278 412 212
1279 948 748
1280 563 363
1281 577 377
1282 906 606
1283 694 494
1284 1131 931
1285 895 695
1286 300 100
1287 984 684
1288 568 368
1289 210 10
1290 317 117
1291 1230 930
1292 1185 985
1293 945 745
1294 592 392
1295 214 14
1296 420 120
1297 219 19
1298 828 528
1299 955 755
1300 967 767
1301 473 273
1302 505 305
1303 809 609
1304 723 523
1305 256 56
1306 876 576
1307 1189 989
1308 648 348
1309 979 779
1310 1029 829
1311 535 335
1312 498 298
1313 388 188
1314 1180 980
1315 294 94
1316 473 273
1317 1171 971
1318 399 199
1319 901 701
1320 733 533
1321 333 133
1322 517 317
1323 402 202
1324 1158 958
1325 1086 886
1326 502 302
1327 873 673
1328 1053 853
1329 1095 895
1330 205 5
1331 312 12
1332 925 725
1333 264 64
1334 220 20
1335 606 406
1336 378 178
1337 630 430
1338 226 26
1339 258 58
1340 1008 708
1341 762 462
1342 376 176
1343 504 304
1344 253 53
1345 911 711
1346 439 239
1347 521 321
1348 358 158
1349 1272 972
1350 227 27
1351 261 61
1352 430 230
1353 1143 943
1354 1134 834
1355 1164 964
1356 202 2
1357 623 423
1358 301 101
1359 249 49
1360 845 645
1361 258 58
1362 1158 958
1363 780 480
1364 681 481
1365 1011 811
1366 420 120
1367 553 353
1368 220 20
1369 396 196
1370 802 602
1371 1129 929
1372 1068 868
1373 533 333
1374 1147 947
1375 468 168
1376 355 155
1377 899 699
1378 1135 935
1379 901 701
1380 539 339
1381 881 681
1382 496 296
1383 420 220
1384 473 273
1385 918 618
1386 229 29
1387 208 8
1388 810 510
1389 888 588
1390 426 126
1391 1212 912
1392 681 481
1393 1062 862
1394 925 725
1395 309 109
1396 709 509
1397 810 610
1398 1150 950
1399 538 338
1400 889 689
1401 411 211
1402 255 55
1403 1186 986
1404 1139 939
1405 439 239
1406 400 200
1407 690 390
1408 995 795
1409 766 566
1410 484 284
1411 1092 892
1412 1078 878
1413 378 178
1414 502 302
1415 996 696
1416 936 736
1417 888 588
1418 756 556
1419 642 342
1420 304 104
1421 468 268
1422 911 711
1423 397 197
1424 423 223
1425 1017 817
1426 880 680
1427 949 749
1428 489 289
1429 1109 909
1430 504 204
1431 417 217
1432 1097 897
1433 442 242
1434 545 345
1435 1134 934
1436 705 505
1437 414 214
1438 550 350
1439 1097 897
1440 367 167
1441 610 410
1442 670 470
1443 365 165
1444 1001 801
1445 487 287
1446 269 69
1447 570 370
1448 330 130
1449 783 583
1450 945 745
1451 1030 830
1452 1041 841
1453 754 554
1454 721 521
1455 880 680
1456 1145 945
1457 861 661
1458 201 1
1459 343 143
1460 259 59
1461 276 76
1462 1296 996
1463 359 159
1464 917 717
1465 721 521
1466 208 8
1467 555 355
1468 450 150
1469 562 362
1470 397 197
1471 411 211
1472 687 487
1473 430 230
1474 570 270
1475 828 528
1476 1147 947
1477 1096 896
1478 885 685
1479 1075 875
1480 943 743
1481 342 42
1482 210 10
1483 521 321
1484 634 434
1485 755 555
1486 1061 861
1487 761 561
1488 717 517
1489 937 737
1490 239 39
1491 1115 915
1492 600 300
1493 967 767
1494 437 237
1495 618 418
1496 867 667
1497 804 504
1498 988 788
1499 795 595
1500 522 322
1501 561 361
1502 949 749
1503 331 131
1504 297 97
1505 366 66
1506 1026 826
1507 349 149
1508 811 611
1509 685 485
1510 471 271
1511 617 417
1512 1199 999
1513 1069 869
1514 793 593
1515 477 277
1516 826 626
1517 780 480
1518 366 66
1519 400 200
1520 1077 877
1521 901 701
1522 966 666
1523 833 633
1524 453 253
1525 858 558
1526 1023 823
1527 244 44
1528 1085 885
1529 743 543
1530 270 70
1531 988 788
1532 421 221
1533 676 476
1534 919 719
1535 582 282
1536 786 486
1537 1062 862
1538 300 100
1539 204 4
1540 723 523
1541 766 566
1542 633 433
1543 1014 814
1544 510 210
1545 520 320
1546 757 557
1547 708 508
1548 1032 832
1549 297 97
1550 304 104
1551 1133 933
1552 880 680
1553 1169 969
1554 970 770
1555 577 377
1556 772 572
1557 846 546
1558 690 490
1559 972 772
1560 586 386
1561 474 174
1562 292 92
1563 768 568
1564 391 191
1565 436 236
1566 777 577
1567 738 438
1568 1007 807
1569 1163 963
1570 666 466
1571 213 13
1572 451 251
1573 984 684
1574 725 525
1575 873 673
1576 1116 816
1577 300 100
1578 1242 942
1579 693 493
1580 246 46
1581 1015 815
1582 879 679
1583 888 688
1584 646 446
1585 390 190
1586 864 664
1587 532 332
1588 283 83
1589 353 153
1590 670 470
1591 569 369
1592 905 705
1593 461 261
1594 760 560
1595 766 566
1596 745 545
1597 463 263
1598 724 524
1599 1140 840
1600 366 66
1601 703 503
1602 1050 750
1603 1177 977
1604 665 465
1605 286 86
1606 1110 810
1607 450 250
1608 274 74
1609 751 551
1610 844 644
1611 1080 880
1612 963 763
1613 521 321
1614 615 415
1615 1066 866
1616 943 743
1617 1278 978
1618 870 570
1619 264 64
1620 993 793
1621 405 205
1622 484 284
1623 853 653
1624 892 692
1625 1069 869
1626 768 568
1627 1198 998
1628 922 722
1629 631 431
1630 513 313
1631 785 585
1632 969 769
1633 1043 843
1634 1143 943
1635 1030 830
1636 262 62
1637 395 195
1638 900 600
1639 1121 921
1640 954 654
1641 891 691
1642 1000 800
1643 429 229
1644 744 544
1645 1151 951
1646 984 784
1647 486 186
1648 948 748
1649 767 567
1650 750 450
1651 607 407
1652 838 638
1653 813 613
1654 658 458
1655 504 304
1656 819 619
1657 316 116
1658 702 502
1659 996 696
1660 433 233
1661 1123 923
1662 647 447
1663 480 280
1664 891 691
1665 1168 968
1666 502 302
1667 310 110
1668 211 11
1669 957 757
1670 503 303
1671 654 454
1672 358 158
1673 478 278
1674 576 376
1675 1108 908
1676 1019 819
1677 396 96
1678 258 58
1679 295 95
1680 859 659
1681 1099 899
1682 863 663
1683 1056 856
1684 918 618
1685 417 217
1686 402 202
1687 948 648
1688 1152 852
1689 936 636
1690 281 81
1691 253 53
1692 256 56
1693 411 211
1694 1086 886
1695 1152 852
1696 1192 992
1697 1109 909
1698 961 761
1699 1176 976
1700 495 295
1701 387 187
1702 823 623
1703 505 305
1704 201 1
1705 354 154
1706 990 790
1707 582 382
1708 589 389
1709 1191 991
1710 474 174
1711 883 683
1712 286 86
1713 516 216
1714 1168 968
1715 419 219
1716 453 253
1717 553 353
1718 202 2
1719 966 766
1720 936 736
1721 1200 900
1722 281 81
1723 595 395
1724 894 694
1725 1087 887
1726 1158 958
1727 527 327
1728 312 112
1729 1158 858
1730 593 393
1731 504 204
1732 729 529
1733 1194 894
1734 688 488
1735 267 67
1736 895 695
1737 910 710
1738 520 320
1739 945 745
1740 847 647
1741 249 49
1742 750 450
1743 221 21
1744 936 636
1745 877 677
1746 1159 959
1747 208 8
1748 559 359
1749 365 165
1750 312 12
1751 299 99
1752 640 440
1753 700 500
1754 815 615
1755 844 644
1756 1003 803
1757 1071 871
1758 495 295
1759 516 216
1760 316 116
1761 615 415
1762 495 295
1763 994 794
1764 987 787
1765 696 396
1766 1035 835
1767 942 642
1768 1056 856
1769 490 290
1770 808 608
1771 1151 951
1772 1096 896
1773 383 183
1774 1128 928
1775 749 549
1776 268 68
1777 366 66
1778 252 52
1779 295 95
1780 881 681
1781 549 349
1782 783 583
1783 618 318
1784 970 770
1785 360 60
1786 1113 913
1787 810 510
1788 324 24
1789 916 716
1790 473 273
1791 1068 768
1792 654 354
1793 244 44
1794 585 385
1795 522 322
1796 292 92
1797 670 470
1798 1194 894
1799 468 168
1800 720 420
1801 378 78
1802 333 133
1803 846 646
1804 247 47
1805 409 209
1806 223 23
1807 1036 836
1808 1024 824
1809 735 535
1810 1125 925
1811 636 336
1812 929 729
1813 942 642
1814 619 419
1815 310 110
1816 936 736
1817 372 172
1818 393 193
1819 347 147
1820 683 483
1821 1188 988
1822 269 69
1823 1029 829
1824 947 747
1825 1177 977
1826 801 601
1827 432 132
1828 564 364
1829 1109 909
1830 763 563
1831 960 660
1832 267 67
1833 1042 842
1834 791 591
1835 636 336
1836 430 230
1837 888 688
1838 775 575
1839 1152 952
1840 1143 943
1841 389 189
1842 595 395
1843 603 403
1844 849 649
1845 587 387
1846 249 49
1847 429 229
1848 385 185
1849 501 301
1850 757 557
1851 202 2
1852 1050 750
1853 601 401
1854 825 625
1855 1120 920
1856 1008 808
1857 343 143
1858 1126 926
1859 713 513
1860 532 332
1861 223 23
1862 1065 865
1863 310 110
1864 1266 966
1865 735 535
1866 510 310
1867 892 692
1868 552 252
1869 763 563
1870 936 736
1871 894 594
1872 970 770
1873 610 410
1874 639 439
1875 785 585
1876 828 528
1877 751 551
1878 887 687
1879 706 506
1880 205 5
1881 741 541
1882 239 39
1883 547 347
1884 1063 863
1885 570 370
1886 735 535
1887 882 682
1888 804 504
1889 964 764
1890 424 224
1891 911 711
1892 1018 818
1893 486 286
1894 936 736
1895 214 14
1896 571 371
1897 707 507
1898 1131 931
1899 1146 946
1900 630 330
1901 321 121
1902 1098 898
1903 243 43
1904 543 343
1905 756 456
1906 623 423
1907 937 737
1908 286 86
1909 616 416
1910 1242 942
1911 813 613
1912 1128 828
1913 790 590
1914 978 678
1915 666 366
1916 1116 816
1917 1266 966
1918 325 125
1919 366 66
1920 1011 811
1921 498 298
1922 423 223
1923 840 640
1924 568 368
1925 857 657
1926 372 72
1927 888 588
1928 1044 844
1929 600 400
1930 1012 812
1931 523 323
1932 630 430
1933 408 108
1934 1197 997
1935 250 50
1936 831 631
1937 214 14
1938 213 13
1939 558 258
1940 475 275
1941 317 117
1942 351 151
1943 215 15
1944 1198 998
1945 934 734
1946 1038 738
1947 948 748
1948 948 648
1949 207 7
1950 477 277
1951 400 200
1952 897 697
1953 407 207
1954 780 580
1955 507 307
1956 556 356
1957 996 696
1958 889 689
1959 673 473
1960 280 80
1961 973 773
1962 1035 835
1963 341 141
1964 321 121
1965 1059 859
1966 466 266
1967 527 327
1968 411 211
1969 931 731
1970 888 688
1971 478 278
1972 471 271
1973 654 454
1974 809 609
1975 1146 846
1976 468 268
1977 903 703
1978 811 611
1979 555 355
1980 767 567
1981 973 773
1982 1126 926
1983 419 219
1984 1050 850
1985 1037 837
1986 645 445
1987 1008 808
1988 1048 848
1989 1083 883
1990 635 435
1991 675 475
1992 742 542
1993 370 170
1994 1126 926
1995 202 2
1996 1152 852
1997 1199 999
1998 319 119
1999 318 18
2000 594 394
2001 633 433
2002 208 8
2003 948 748
2004 211 11
2005 571 371
2006 1032 732
2007 892 692
2008 1128 828
2009 568 368
2010 705 505
2011 549 349
2012 365 165
2013 526 326
2014 609 409
2015 1102 902
2016 378 78
2017 1099 899
2018 1248 948
2019 1023 823
2020 731 531
2021 531 331
2022 934 734
2023 540 340
2024 673 473
2025 479 279
2026 591 391
2027 1096 896
2028 1218 918
2029 486 286
2030 582 382
2031 1043 843
2032 1156 956
2033 431 231
2034 805 605
2035 244 44
2036 261 61
2037 733 533
2038 708 408
2039 895 695
2040 1188 888
2041 377 177
2042 429 229
2043 768 568
2044 450 250
2045 611 411
2046 340 140
2047 1266 966
2048 934 734
2049 481 281
2050 839 639
2051 688 488
2052 893 693
2053 238 38
2054 427 227
2055 1134 834
2056 654 454
2057 768 468
2058 221 21
2059 361 161
2060 358 158
2061 1097 897
2062 790 590
2063 1114 914
2064 585 385
2065 978 678
2066 935 735
2067 903 703
2068 775 575
2069 474 274
2070 645 445
2071 601 401
2072 1122 822
2073 939 739
2074 1197 997
2075 438 238
2076 607 407
2077 389 189
2078 928 728
2079 888 588
2080 672 472
2081 900 600
2082 648 448
2083 720 420
2084 534 334
2085 741 541
2086 929 729
2087 1079 879
2088 982 782
2089 617 417
2090 336 136
2091 484 284
2092 358 158
2093 649 449
2094 1055 855
2095 791 591
2096 281 81
2097 1128 828
2098 294 94
2099 691 491
2100 240 40
2101 556 356
2102 483 283
2103 1001 801
2104 876 576
2105 516 316
2106 299 99
2107 670 470
2108 894 594
2109 1014 714
2110 790 590
2111 828 528
2112 1098 798
2113 438 238
2114 502 302
2115 849 649
2116 927 727
2117 1025 825
2118 247 47
2119 462 162
2120 521 321
2121 439 239
2122 424 224
2123 713 513
2124 1122 822
2125 1189 989
2126 1081 881
2127 1027 827
2128 1080 780
2129 234 34
2130 987 787
2131 1114 914
2132 903 703
2133 993 793
2134 874 674
2135 439 239
2136 949 749
2137 789 589
2138 725 525
2139 1048 848
2140 677 477
2141 996 796
2142 1084 884
2143 315 115
2144 663 463
2145 629 429
2146 1105 905
2147 489 289
2148 1086 886
2149 457 257
2150 727 527
2151 995 795
2152 588 288
2153 780 580
2154 414 214
2155 900 600
2156 244 44
2157 508 308
2158 612 412
2159 805 605
2160 426 226
2161 1089 889
2162 868 668
2163 1110 810
2164 1054 854
2165 339 139
2166 771 571
2167 243 43
2168 261 61
2169 935 735
2170 309 109
2171 660 460
2172 750 550
2173 654 354
2174 396 196
2175 748 548
2176 330 130
2177 555 355
2178 385 185
2179 378 178
2180 973 773
2181 469 269
2182 480 280
2183 603 403
2184 1230 930
2185 1110 810
2186 828 528
2187 729 529
2188 905 705
2189 960 760
2190 216 16
2191 844 644
2192 480 180
2193 972 672
2194 339 139
2195 885 685
2196 564 364
2197 225 25
2198 576 276
2199 1158 958
2200 817 617
2201 1153 953
2202 474 274
2203 1099 899
2204 959 759
2205 540 340
2206 1197 997
2207 963 763
2208 846 546
2209 822 522
2210 954 654
2211 630 430
2212 774 474
2213 1021 821
2214 755 555
2215 208 8
2216 798 598
2217 664 464
2218 1144 944
2219 340 140
2220 829 629
2221 240 40
2222 262 62
2223 978 778
2224 1056 856
2225 838 638
2226 623 423
2227 738 538
2228 1050 850
2229 579 379
2230 767 567
2231 982 782
2232 447 247
2233 219 19
2234 816 516
2235 667 467
2236 535 335
2237 1038 738
2238 1167 967
2239 407 207
2240 924 724
2241 473 273
2242 769 569
2243 508 308
2244 1191 991
2245 1161 961
2246 906 606
2247 683 483
2248 990 790
2249 990 790
2250 556 356
2251 826 626
2252 1193 993
2253 325 125
2254 1032 732
2255 426 126
2256 312 112
2257 1085 885
2258 1020 720
2259 513 313
2260 690 390
2261 1038 738
2262 755 555
2263 744 444
2264 505 305
2265 301 101
2266 1012 812
2267 613 413
2268 382 182
2269 552 252
2270 414 114
2271 1027 827
2272 553 353
2273 636 336
2274 1116 816
2275 432 132
2276 1091 891
2277 553 353
2278 922 722
2279 925 725
2280 297 97
2281 672 372
2282 478 278
2283 630 330
2284 1012 812
2285 837 637
2286 564 364
2287 948 648
2288 555 355
2289 1056 756
2290 918 718
2291 798 498
2292 462 162
2293 892 692
2294 1044 744
2295 1017 817
2296 565 365
2297 223 23
2298 1176 976
2299 558 258
2300 261 61
2301 275 75
2302 978 678
2303 916 716
2304 601 401
2305 423 223
2306 861 661
2307 1098 798
2308 766 566
2309 622 422
2310 1176 976
2311 1181 981
2312 328 128
2313 1162 962
2314 925 725
2315 1027 827
2316 1078 878
2317 457 257
2318 597 397
2319 641 441
2320 809 609
2321 252 52
2322 1121 921
2323 709 509
2324 532 332
2325 1170 970
2326 214 14
2327 1152 852
2328 509 309
2329 457 257
2330 802 602
2331 1049 849
2332 586 386
2333 709 509
2334 628 428
2335 483 283
2336 949 749
2337 546 246
2338 951 751
2339 595 395
2340 672 472
2341 550 350
2342 383 183
2343 531 331
2344 1129 929
2345 1116 816
2346 329 129
2347 991 791
2348 567 367
2349 510 210
2350 383 183
2351 367 167
2352 802 602
2353 235 35
2354 834 634
2355 315 115
2356 310 110
2357 965 765
2358 405 205
2359 829 629
2360 1048 848
2361 619 419
2362 792 592
2363 474 274
2364 1087 887
2365 708 508
2366 882 682
2367 324 24
2368 1115 915
2369 238 38
2370 930 630
2371 857 657
2372 297 97
2373 547 347
2374 666 366
2375 207 7
2376 877 677
2377 551 351
2378 462 162
2379 501 301
2380 855 655
2381 1103 903
2382 666 466
2383 480 180
2384 1150 950
2385 582 282
2386 367 167
2387 534 234
2388 1183 983
2389 540 340
2390 478 278
2391 868 668
2392 378 78
2393 582 382
2394 1224 924
2395 477 277
2396 778 578
2397 727 527
2398 690 490
2399 1116 916
2400 1069 869
2401 349 149
2402 1278 978
2403 906 706
2404 438 138
2405 528 228
2406 799 599
2407 249 49
2408 237 37
2409 613 413
2410 969 769
2411 381 181
2412 642 342
2413 1087 887
2414 510 310
2415 426 126
2416 973 773
2417 1066 866
2418 1090 890
2419 600 300
2420 679 479
2421 919 719
2422 511 311
2423 649 449
2424 679 479
2425 1200 1000
2426 445 245
2427 954 754
2428 1149 949
2429 1029 829
2430 971 771
2431 510 310
2432 834 634
2433 893 693
2434 203 3
2435 1272 972
2436 785 585
2437 804 504
2438 1193 993
2439 833 633
2440 816 616
2441 1008 708
2442 816 516
2443 335 135
2444 556 356
2445 228 28
2446 408 108
2447 743 543
2448 256 56
2449 874 674
2450 273 73
2451 420 120
2452 1078 878
2453 837 637
2454 1254 954
2455 748 548
2456 251 51
2457 491 291
2458 531 331
2459 249 49
2460 959 759
2461 720 520
2462 573 373
2463 450 150
2464 1110 810
2465 613 413
2466 241 41
2467 1017 817
2468 732 432
2469 234 34
2470 213 13
2471 271 71
2472 1053 853
2473 443 243
2474 301 101
2475 912 612
2476 946 746
2477 725 525
2478 1278 978
2479 838 638
2480 229 29
2481 562 362
2482 954 654
2483 670 470
2484 460 260
2485 497 297
2486 1038 838
2487 886 686
2488 931 731
2489 886 686
2490 894 694
2491 1067 867
2492 600 400
2493 927 727
2494 888 688
2495 948 748
2496 373 173
2497 461 261
2498 1085 885
2499 480 280
2500 726 526
2501 943 743
2502 785 585
2503 912 612
2504 954 654
2505 778 578
2506 1074 874
2507 610 410
2508 498 198
2509 571 371
2510 606 306
2511 963 763
2512 670 470
2513 558 258
2514 612 312
2515 1038 838
2516 777 577
2517 336 136
2518 1050 850
2519 237 37
2520 901 701
2521 345 145
2522 1218 918
2523 238 38
2524 720 520
2525 955 755
2526 888 588
2527 420 120
2528 1164 964
2529 381 181
2530 1165 965
2531 425 225
2532 1059 859
2533 996 696
2534 1198 998
2535 1098 798
2536 342 42
2537 297 97
2538 373 173
2539 275 75
2540 378 178
2541 396 196
2542 966 666
2543 1110 910
2544 798 498
2545 690 490
2546 255 55
2547 280 80
2548 642 342
2549 1019 819
2550 984 784
2551 603 403
2552 595 395
2553 720 420
2554 996 796
2555 276 76
2556 1055 855
2557 642 442
2558 953 753
2559 942 642
2560 1101 901
2561 1117 917
2562 1131 931
2563 653 453
2564 1095 895
2565 493 293
2566 1037 837
2567 759 559
2568 226 26
2569 336 136
2570 573 373
2571 526 326
2572 709 509
2573 345 145
2574 432 132
2575 375 175
2576 953 753
2577 1254 954
2578 1027 827
2579 244 44
2580 961 761
2581 1035 835
2582 631 431
2583 599 399
2584 419 219
2585 303 103
2586 334 134
2587 852 652
2588 582 382
2589 342 142
2590 1095 895
2591 706 506
2592 1062 762
2593 1173 973
2594 1078 878
2595 1090 890
2596 826 626
2597 1119 919
2598 888 588
2599 646 446
2600 1080 780
2601 279 79
2602 594 394
2603 475 275
2604 1183 983
2605 451 251
2606 927 727
2607 871 671
2608 867 667
2609 282 82
2610 1061 861
2611 250 50
2612 552 252
2613 546 246
2614 1200 1000
2615 297 97
2616 583 383
2617 619 419
2618 622 422
2619 978 678
2620 523 323
2621 1157 957
2622 463 263
2623 753 553
2624 361 161
2625 1037 837
2626 597 397
2627 265 65
2628 388 188
2629 813 613
2630 477 277
2631 931 731
2632 1129 929
2633 454 254
2634 768 468
2635 882 682
2636 1024 824
2637 385 185
2638 1107 907
2639 408 108
2640 468 168
2641 723 523
2642 603 403
2643 539 339
2644 358 158
2645 1122 822
2646 289 89
2647 241 41
2648 1054 854
2649 534 334
2650 250 50
2651 966 666
2652 328 128
2653 393 193
2654 424 224
2655 1101 901
2656 960 660
2657 882 582
2658 822 522
2659 323 123
2660 930 630
2661 390 190
2662 279 79
2663 1134 934
2664 1206 906
2665 858 558
2666 1188 988
2667 899 699
2668 1024 824
2669 462 162
2670 1140 840
2671 496 296
2672 625 425
2673 339 139
2674 319 119
2675 334 134
2676 287 87
2677 514 314
2678 1188 988
2679 319 119
2680 660 360
2681 1182 882
2682 1116 916
2683 424 224
2684 600 300
2685 913 713
2686 961 761
2687 864 664
2688 570 370
2689 702 502
2690 613 413
2691 1079 879
2692 310 110
2693 744 444
2694 1134 834
2695 295 95
2696 762 462
2697 838 638
2698 240 40
2699 502 302
2700 1127 927
2701 256 56
2702 911 711
2703 1097 897
2704 924 724
2705 364 164
2706 420 120
2707 1002 802
2708 247 47
2709 610 410
2710 559 359
2711 843 643
2712 558 358
2713 702 502
2714 315 115
2715 1200 1000
2716 498 198
2717 1173 973
2718 676 476
2719 1193 993
2720 731 531
2721 687 487
2722 268 68
2723 552 252
2724 694 494
2725 934 734
2726 546 246
2727 215 15
2728 700 500
2729 373 173
2730 522 322
2731 299 99
2732 1038 838
2733 534 234
2734 430 230
2735 841 641
2736 595 395
2737 925 725
2738 741 541
2739 353 153
2740 862 662
2741 742 542
2742 676 476
2743 1005 805
2744 630 430
2745 385 185
2746 863 663
2747 795 595
2748 304 104
2749 701 501
2750 456 256
2751 972 672
2752 903 703
2753 1144 944
2754 492 192
2755 460 260
2756 517 317
2757 916 716
2758 604 404
2759 660 460
2760 910 710
2761 789 589
2762 612 312
2763 307 107
2764 387 187
2765 401 201
2766 855 655
2767 215 15
2768 1060 860
2769 670 470
2770 768 568
2771 618 418
2772 389 189
2773 1102 902
2774 678 378
2775 882 582
2776 465 265
2777 381 181
2778 977 777
2779 991 791
2780 282 82
2781 601 401
2782 653 453
2783 1189 989
2784 354 54
2785 489 289
2786 678 378
2787 1007 807
2788 1163 963
2789 959 759
2790 1114 914
2791 588 288
2792 827 627
2793 525 325
2794 960 660
2795 1116 916
2796 760 560
2797 1051 851
2798 432 232
2799 907 707
2800 881 681
2801 823 623
2802 513 313
2803 573 373
2804 346 146
2805 738 538
2806 425 225
2807 509 309
2808 784 584
2809 1033 833
2810 855 655
2811 382 182
2812 1122 922
2813 366 66
2814 228 28
2815 1000 800
2816 689 489
2817 702 402
2818 400 200
2819 515 315
2820 600 400
2821 341 141
2822 802 602
2823 505 305
2824 292 92
2825 406 206
2826 621 421
2827 948 648
2828 1092 892
2829 841 641
2830 539 339
2831 906 606
2832 689 489
2833 280 80
2834 1074 774
2835 1051 851
2836 415 215
2837 987 787
2838 945 745
2839 961 761
2840 942 642
2841 1002 702
2842 843 643
2843 775 575
2844 441 241
2845 450 150
2846 507 307
2847 889 689
2848 1002 702
2849 732 532
2850 1020 820
2851 489 289
2852 436 236
2853 904 704
2854 1062 762
2855 585 385
2856 927 727
2857 790 590
2858 931 731
2859 354 54
2860 519 319
2861 924 724
2862 303 103
2863 726 526
2864 1152 852
2865 1137 937
2866 1096 896
2867 1278 978
2868 342 42
2869 1095 895
2870 1146 946
2871 912 612
2872 479 279
2873 370 170
2874 795 595
2875 558 258
2876 1140 840
2877 311 111
2878 396 196
2879 889 689
2880 1039 839
2881 477 277
2882 213 13
2883 1014 714
2884 1127 927
2885 718 518
2886 336 36
2887 351 151
2888 589 389
2889 526 326
2890 718 518
2891 382 182
2892 545 345
2893 1083 883
2894 268 68
2895 645 445
2896 882 682
2897 1075 875
2898 948 648
2899 772 572
2900 517 317
2901 888 688
2902 348 148
2903 533 333
2904 911 711
2905 703 503
2906 249 49
2907 911 711
2908 821 621
2909 203 3
2910 365 165
2911 574 374
2912 979 779
2913 378 78
2914 1035 835
2915 1200 900
2916 209 9
2917 857 657
2918 743 543
2919 1003 803
2920 855 655
2921 463 263
2922 1143 943
2923 912 712
2924 826 626
2925 397 197
2926 1138 938
2927 785 585
2928 1180 980
2929 244 44
2930 508 308
2931 695 495
2932 543 343
2933 1101 901
2934 468 168
2935 269 69
2936 786 586
2937 419 219
2938 724 524
2939 358 158
2940 738 538
2941 396 196
2942 784 584
2943 610 410
2944 750 450
2945 972 672
2946 834 534
2947 561 361
2948 683 483
2949 240 40
2950 1075 875
2951 941 741
2952 996 796
2953 687 487
2954 244 44
2955 292 92
2956 754 554
2957 708 508
2958 970 770
2959 732 532
2960 912 712
2961 534 334
2962 462 262
2963 485 285
2964 544 344
2965 574 374
2966 1021 821
2967 1026 826
2968 660 360
2969 880 680
2970 816 516
2971 655 455
2972 1126 926
2973 897 697
2974 888 588
2975 316 116
2976 408 108
2977 942 642
2978 295 95
2979 976 776
2980 1068 868
2981 987 787
2982 1200 1000
2983 414 214
2984 459 259
2985 1260 960
2986 1095 895
2987 603 403
2988 418 218
2989 751 551
2990 1134 834
2991 1101 901
2992 684 384
2993 1140 840
2994 1125 925
2995 1125 925
2996 1009 809
2997 523 323
2998 990 690
2999 317 117
3000 1025 825
3001 837 637
3002 825 625
3003 907 707
3004 1177 977
3005 538 338
3006 785 585
3007 1248 948
3008 1025 825
3009 408 108
3010 412 212
3011 1185 985
3012 259 59
3013 1134 834
3014 447 247
3015 964 764
3016 502 302
3017 777 577
3018 1086 886
3019 219 19
3020 516 216
3021 1095 895
3022 948 748
3023 364 164
3024 1038 738
3025 690 490
3026 857 657
3027 255 55
3028 576 376
3029 600 300
3030 953 753
3031 1175 975
3032 862 662
3033 1194 994
3034 219 19
3035 640 440
3036 1155 955
3037 832 632
3038 1039 839
3039 570 370
3040 329 129
3041 1062 862
3042 271 71
3043 1248 948
3044 1114 914
3045 309 109
3046 822 622
3047 553 353
3048 1140 940
3049 826 626
3050 795 595
3051 742 542
3052 238 38
3053 802 602
3054 951 751
3055 1049 849
3056 1212 912
3057 696 396
3058 954 754
3059 1067 867
3060 306 6
3061 1182 882
3062 761 561
3063 318 118
3064 750 550
3065 975 775
3066 643 443
3067 840 640
3068 636 436
3069 921 721
3070 1266 966
3071 978 678
3072 1080 780
3073 264 64
3074 1146 846
3075 649 449
3076 636 336
3077 877 677
3078 471 271
3079 984 684
3080 829 629
3081 579 379
3082 797 597
3083 891 691
3084 955 755
3085 897 697
3086 210 10
3087 600 300
3088 401 201
3089 966 766
3090 904 704
3091 633 433
3092 780 580
3093 1115 915
3094 510 210
3095 744 444
3096 928 728
3097 768 468
3098 703 503
3099 1002 802
3100 605 405
3101 967 767
3102 839 639
3103 840 640
3104 731 531
3105 318 18
3106 451 251
3107 784 584
3108 774 574
3109 232 32
3110 1168 968
3111 996 796
3112 822 522
3113 629 429
3114 468 268
3115 609 409
3116 479 279
3117 797 597
3118 279 79
3119 790 590
3120 941 741
3121 564 264
3122 1091 891
3123 442 242
3124 553 353
3125 881 681
3126 732 532
3127 624 424
3128 894 694
3129 369 169
3130 649 449
3131 990 790
3132 1108 908
3133 1032 832
3134 1048 848
3135 641 441
3136 573 373
3137 837 637
3138 709 509
3139 942 642
3140 682 482
3141 780 480
3142 307 107
3143 1067 867
3144 577 377
3145 838 638
3146 1260 960
3147 1138 938
3148 618 418
3149 1061 861
3150 221 21
3151 1005 805
3152 357 157
3153 299 99
3154 228 28
3155 436 236
3156 933 733
3157 1162 962
3158 496 296
3159 606 306
3160 839 639
3161 1191 991
3162 239 39
3163 508 308
3164 995 795
3165 930 630
3166 339 139
3167 1159 959
3168 1137 937
3169 535 335
3170 1092 892
3171 909 709
3172 661 461
3173 1156 956
3174 271 71
3175 529 329
3176 648 348
3177 264 64
3178 630 330
3179 237 37
3180 972 772
3181 480 280
3182 301 101
3183 1043 843
3184 855 655
3185 869 669
3186 937 737
3187 729 529
3188 804 504
3189 1176 976
3190 1224 924
3191 354 154
3192 411 211
3193 792 492
3194 347 147
3195 948 748
3196 633 433
3197 432 232
3198 655 455
3199 672 372
3200 897 697
3201 634 434
3202 256 56
3203 691 491
3204 984 784
3205 360 60
3206 484 284
3207 552 252
3208 505 305
3209 689 489
3210 1044 744
3211 435 235
3212 1109 909
3213 1120 920
3214 525 325
3215 1015 815
3216 912 612
3217 1020 720
3218 660 460
3219 520 320
3220 274 74
3221 930 730
3222 666 466
3223 1017 817
3224 486 186
3225 762 562
3226 948 748
3227 1026 726
3228 1218 918
3229 1006 806
3230 283 83
3231 919 719
3232 204 4
3233 372 172
3234 601 401
3235 531 331
3236 497 297
3237 876 576
3238 1062 762
3239 1029 829
3240 918 618
3241 907 707
3242 636 436
3243 1230 930
3244 330 30
3245 1032 732
3246 510 310
3247 216 16
3248 989 789
3249 1067 867
3250 864 564
3251 281 81
3252 835 635
3253 568 368
3254 393 193
3255 933 733
3256 605 405
3257 816 616
3258 898 698
3259 955 755
3260 634 434
3261 240 40
3262 1038 738
3263 924 624
3264 1018 818
3265 1135 935
3266 840 640
3267 405 205
3268 342 42
3269 924 624
3270 297 97
3271 837 637
3272 982 782
3273 781 581
3274 228 28
3275 316 116
3276 629 429
3277 805 605
3278 553 353
3279 712 512
3280 1177 977
3281 522 222
3282 865 665
3283 852 652
3284 1083 883
3285 906 706
3286 593 393
3287 1140 840
3288 762 562
3289 306 6
3290 906 606
3291 561 361
3292 1021 821
3293 1002 702
3294 521 321
3295 239 39
3296 1056 756
3297 586 386
3298 531 331
3299 769 569
3300 274 74
3301 1092 892
3302 726 426
3303 942 642
3304 685 485
3305 1111 911
3306 714 514
3307 447 247
3308 780 580
3309 521 321
3310 317 117
3311 831 631
3312 815 615
3313 593 393
3314 523 323
3315 1153 953
3316 1147 947
3317 657 457
3318 993 793
3319 400 200
3320 875 675
3321 652 452
3322 378 78
3323 774 474
3324 1015 815
3325 497 297
3326 1033 833
3327 1044 844
3328 1008 808
3329 533 333
3330 1224 924
3331 783 583
3332 753 553
3333 629 429
3334 787 587
3335 594 294
3336 911 711
3337 465 265
3338 509 309
3339 453 253
3340 618 418
3341 577 377
3342 1137 937
3343 515 315
3344 241 41
3345 696 396
3346 1090 890
3347 400 200
3348 833 633
3349 1027 827
3350 1128 828
3351 231 31
3352 247 47
3353 714 514
3354 916 716
3355 325 125
3356 444 144
3357 591 391
3358 966 666
3359 503 303
3360 516 216
3361 777 577
3362 1062 762
3363 927 727
3364 703 503
3365 897 697
3366 822 622
3367 904 704
3368 1181 981
3369 868 668
3370 661 461
3371 725 525
3372 503 303
3373 714 414
3374 1071 871
3375 701 501
3376 239 39
3377 567 367
3378 471 271
3379 937 737
3380 439 239
3381 586 386
3382 1191 991
3383 652 452
3384 1054 854
3385 1105 905
3386 1242 942
3387 210 10
3388 793 593
3389 1158 858
3390 1181 981
3391 801 601
3392 1098 898
3393 1248 948
3394 501 301
3395 754 554
3396 461 261
3397 634 434
3398 546 346
3399 408 208
3400 829 629
3401 906 606
3402 618 418
3403 1191 991
3404 683 483
3405 1055 855
3406 783 583
3407 790 590
3408 1167 967
3409 203 3
3410 1144 944
3411 445 245
3412 1116 916
3413 629 429
3414 1019 819
3415 703 503
3416 348 48
3417 1095 895
3418 966 766
3419 513 313
3420 1121 921
3421 564 264
3422 1024 824
3423 1024 824
3424 1212 912
3425 240 40
3426 1197 997
3427 426 126
3428 961 761
3429 486 286
3430 391 191
3431 574 374
3432 369 169
3433 1097 897
3434 669 469
3435 299 99
3436 726 526
3437 771 571
3438 471 271
3439 604 404
3440 930 730
3441 294 94
3442 215 15
3443 483 283
3444 504 304
3445 1107 907
3446 681 481
3447 808 608
3448 1149 949
3449 882 582
3450 691 491
3451 642 442
3452 543 343
3453 899 699
3454 885 685
3455 766 566
3456 905 705
3457 915 715
3458 898 698
3459 797 597
3460 477 277
3461 695 495
3462 285 85
3463 642 442
3464 295 95
3465 771 571
3466 336 36
3467 209 9
3468 1104 904
3469 844 644
3470 472 272
3471 633 433
3472 281 81
3473 402 202
3474 498 298
3475 1170 970
3476 331 131
3477 694 494
3478 1071 871
3479 615 415
3480 989 789
3481 485 285
3482 1149 949
3483 285 85
3484 997 797
3485 1186 986
3486 691 491
3487 634 434
3488 301 101
3489 919 719
3490 796 596
3491 726 526
3492 967 767
3493 556 356
3494 724 524
3495 456 156
3496 921 721
3497 1006 806
3498 385 185
3499 546 346
3500 210 10
3501 1049 849
3502 474 274
3503 1164 964
3504 666 466
3505 510 310
3506 395 195
3507 768 468
3508 517 317
3509 773 573
3510 343 143
3511 341 141
3512 328 128
3513 483 283
3514 532 332
3515 606 306
3516 682 482
3517 1125 925
3518 1230 930
3519 1084 884
3520 624 324
3521 1099 899
3522 1152 852
3523 1073 873
3524 289 89
3525 630 430
3526 940 740
3527 1173 973
3528 570 270
3529 241 41
3530 402 202
3531 864 564
3532 762 562
3533 498 298
3534 238 38
3535 1053 853
3536 359 159
3537 1170 970
3538 561 361
3539 976 776
3540 543 343
3541 273 73
3542 712 512
3543 1236 936
3544 255 55
3545 538 338
3546 616 416
3547 738 538
3548 1194 894
3549 293 93
3550 1278 978
3551 348 148
3552 1062 862
3553 655 455
3554 624 424
3555 1102 902
3556 778 578
3557 563 363
3558 630 430
3559 379 179
3560 270 70
3561 988 788
3562 425 225
3563 489 289
3564 342 42
3565 952 752
3566 875 675
3567 276 76
3568 1071 871
3569 742 542
3570 492 292
3571 238 38
3572 1079 879
3573 240 40
3574 966 666
3575 906 706
3576 256 56
3577 562 362
3578 250 50
3579 1108 908
3580 858 658
3581 456 256
3582 244 44
3583 850 650
3584 220 20
3585 483 283
3586 666 466
3587 493 293
3588 1086 786
3589 700 500
3590 352 152
3591 664 464
3592 321 121
3593 663 463
3594 437 237
3595 999 799
3596 881 681
3597 873 673
3598 265 65
3599 633 433
3600 1018 818
3601 898 698
3602 1132 932
3603 1015 815
3604 943 743
3605 555 355
3606 1005 805
3607 486 186
3608 373 173
3609 1145 945
3610 808 608
3611 1188 888
3612 228 28
3613 1144 944
3614 222 22
3615 550 350
3616 1044 844
3617 543 343
3618 825 625
3619 775 575
3620 329 129
3621 562 362
3622 1140 940
3623 819 619
3624 832 632
3625 726 426
3626 534 334
3627 492 192
3628 919 719
3629 1031 831
3630 852 552
3631 477 277
3632 304 104
3633 1151 951
3634 634 434
3635 521 321
3636 845 645
3637 219 19
3638 609 409
3639 360 160
3640 893 693
3641 1168 968
3642 312 12
3643 1109 909
3644 693 493
3645 939 739
3646 1113 913
3647 889 689
3648 564 264
3649 1084 884
3650 220 20
3651 906 706
3652 1055 855
3653 331 131
3654 1017 817
3655 936 636
3656 849 649
3657 642 342
3658 1044 844
3659 891 691
3660 816 516
3661 672 472
3662 372 72
3663 478 278
3664 1105 905
3665 235 35
3666 1128 828
3667 966 766
3668 1115 915
3669 647 447
3670 415 215
3671 748 548
3672 1200 1000
3673 208 8
3674 852 652
3675 1037 837
3676 1006 806
3677 523 323
3678 550 350
3679 361 161
3680 1039 839
3681 480 280
3682 925 725
3683 1284 984
3684 717 517
3685 217 17
3686 431 231
3687 379 179
3688 862 662
3689 241 41
3690 660 360
3691 832 632
3692 636 336
3693 894 694
3694 1041 841
3695 534 334
3696 693 493
3697 396 96
3698 220 20
3699 612 412
3700 976 776
3701 783 583
3702 357 157
3703 646 446
3704 1126 926
3705 559 359
3706 534 234
3707 552 352
3708 718 518
3709 847 647
3710 744 444
3711 880 680
3712 273 73
3713 989 789
3714 652 452
3715 1111 911
3716 665 465
3717 355 155
3718 402 102
3719 408 208
3720 477 277
3721 205 5
3722 288 88
3723 208 8
3724 1187 987
3725 852 552
3726 1155 955
3727 468 268
3728 685 485
3729 852 652
3730 537 337
3731 757 557
3732 204 4
3733 459 259
3734 1021 821
3735 702 502
3736 975 775
3737 823 623
3738 1133 933
3739 556 356
3740 573 373
3741 647 447
3742 691 491
3743 229 29
3744 486 286
3745 762 562
3746 463 263
3747 1017 817
3748 645 445
3749 753 553
3750 630 430
3751 420 220
3752 1032 832
3753 601 401
3754 910 710
3755 417 217
3756 982 782
3757 498 198
3758 751 551
3759 407 207
3760 887 687
3761 569 369
3762 534 234
3763 448 248
3764 1120 920
3765 555 355
3766 349 149
3767 869 669
3768 1108 908
3769 399 199
3770 853 653
3771 682 482
3772 867 667
3773 1035 835
3774 731 531
3775 588 288
3776 1050 750
3777 423 223
3778 1047 847
3779 1101 901
3780 564 264
3781 963 763
3782 663 463
3783 1005 805
3784 798 598
3785 293 93
3786 400 200
3787 792 492
3788 1087 887
3789 720 520
3790 371 171
3791 553 353
3792 429 229
3793 934 734
3794 633 433
3795 397 197
3796 418 218
3797 663 463
3798 1031 831
3799 305 105
3800 491 291
3801 655 455
3802 563 363
3803 1115 915
3804 832 632
3805 1003 803
3806 892 692
3807 1185 985
3808 697 497
3809 1248 948
3810 789 589
3811 283 83
3812 762 562
3813 654 354
3814 738 538
3815 621 421
3816 1175 975
3817 1057 857
3818 1164 864
3819 322 122
3820 1072 872
3821 303 103
3822 769 569
3823 490 290
3824 430 230
3825 611 411
3826 702 502
3827 228 28
3828 1099 899
3829 479 279
3830 330 130
3831 364 164
3832 702 502
3833 599 399
3834 781 581
3835 382 182
3836 1060 860
3837 431 231
3838 718 518
3839 1080 880
3840 423 223
3841 233 33
3842 624 424
3843 371 171
3844 1155 955
3845 604 404
3846 565 365
3847 606 306
3848 907 707
3849 765 565
3850 589 389
3851 546 346
3852 544 344
3853 593 393
3854 1140 840
3855 424 224
3856 658 458
3857 240 40
3858 551 351
3859 453 253
3860 660 460
3861 744 444
3862 294 94
3863 261 61
3864 300 100
3865 759 559
3866 685 485
3867 750 450
3868 756 456
3869 516 216
3870 634 434
3871 789 589
3872 713 513
3873 1098 798
3874 935 735
3875 790 590
3876 939 739
3877 762 562
3878 942 642
3879 630 430
3880 971 771
3881 665 465
3882 495 295
3883 364 164
3884 295 95
3885 928 728
3886 588 288
3887 972 772
3888 913 713
3889 558 358
3890 957 757
3891 601 401
3892 1056 756
3893 1056 756
3894 820 620
3895 984 684
3896 412 212
3897 735 535
3898 1121 921
3899 641 441
3900 946 746
3901 1101 901
3902 910 710
3903 209 9
3904 330 30
3905 659 459
3906 984 684
3907 514 314
3908 298 98
3909 397 197
3910 528 328
3911 600 400
3912 445 245
3913 502 302
3914 1014 814
3915 496 296
3916 581 381
3917 438 138
3918 457 257
3919 631 431
3920 323 123
3921 891 691
3922 585 385
3923 1170 870
3924 571 371
3925 745 545
3926 922 722
3927 697 497
3928 684 384
3929 1116 816
3930 891 691
3931 450 250
3932 756 556
3933 237 37
3934 844 644
3935 850 650
3936 821 621
3937 281 81
3938 930 630
3939 625 425
3940 481 281
3941 940 740
3942 871 671
3943 420 120
3944 339 139
3945 322 122
3946 827 627
3947 522 222
3948 442 242
3949 697 497
3950 907 707
3951 679 479
3952 552 352
3953 641 441
3954 865 665
3955 382 182
3956 1041 841
3957 202 2
3958 681 481
3959 316 116
3960 1284 984
3961 593 393
3962 586 386
3963 738 438
3964 292 92
3965 1138 938
3966 898 698
3967 442 242
3968 1116 816
3969 1218 918
3970 485 285
3971 1177 977
3972 942 742
3973 567 367
3974 807 607
3975 375 175
3976 931 731
3977 959 759
3978 948 748
3979 222 22
3980 498 198
3981 588 388
3982 1170 870
3983 1126 926
3984 457 257
3985 1290 990
3986 311 111
3987 504 304
3988 214 14
3989 279 79
3990 1042 842
3991 645 445
3992 1018 818
3993 249 49
3994 694 494
3995 227 27
3996 1188 988
3997 707 507
3998 1158 858
3999 948 648
4000 414 214
4001 1032 732
4002 1162 962
4003 624 324
4004 995 795
4005 958 758
4006 568 368
4007 323 123
4008 423 223
4009 1224 924
4010 1051 851
4011 624 424
4012 354 154
4013 443 243
4014 555 355
4015 787 587
4016 285 85
4017 1084 884
4018 570 370
4019 683 483
4020 594 394
4021 496 296
4022 876 676
4023 868 668
4024 679 479
4025 1114 914
4026 911 711
4027 210 10
4028 619 419
4029 624 424
4030 555 355
4031 1084 884
4032 1063 863
4033 366 66
4034 451 251
4035 657 457
4036 719 519
4037 209 9
4038 202 2
4039 1093 893
4040 510 310
4041 361 161
4042 582 382
4043 1189 989
4044 1061 861
4045 478 278
4046 528 328
4047 222 22
4048 1099 899
4049 706 506
4050 1254 954
4051 546 346
4052 821 621
4053 1069 869
4054 1015 815
4055 918 618
4056 336 136
4057 363 163
4058 477 277
4059 1188 988
4060 577 377
4061 498 298
4062 738 438
4063 414 214
4064 268 68
4065 640 440
4066 342 42
4067 1056 856
4068 490 290
4069 1008 808
4070 1005 805
4071 510 310
4072 688 488
4073 714 414
4074 743 543
4075 1067 867
4076 1002 702
4077 810 510
4078 295 95
4079 711 511
4080 805 605
4081 972 672
4082 375 175
4083 394 194
4084 996 696
4085 838 638
4086 1083 883
4087 790 590
4088 1083 883
4089 1104 804
4090 313 113
4091 288 88
4092 999 799
4093 223 23
4094 769 569
4095 598 398
4096 1139 939
4097 246 46
4098 981 781
4099 1014 714
4100 772 572
4101 484 284
4102 922 722
4103 565 365
4104 581 381
4105 1059 859
4106 597 397
4107 1068 868
4108 535 335
4109 361 161
4110 655 455
4111 1182 982
4112 1098 898
4113 390 190
4114 545 345
4115 244 44
4116 777 577
4117 1164 964
4118 804 504
4119 383 183
4120 730 530
4121 1053 853
4122 1121 921
4123 925 725
4124 619 419
4125 664 464
4126 981 781
4127 1108 908
4128 582 382
4129 613 413
4130 618 318
4131 1045 845
4132 413 213
4133 499 299
4134 744 544
4135 714 514
4136 550 350
4137 792 592
4138 972 672
4139 943 743
4140 439 239
4141 705 505
4142 304 104
4143 420 220
4144 258 58
4145 1181 981
4146 1144 944
4147 348 48
4148 942 642
4149 1242 942
4150 214 14
4151 495 295
4152 324 124
4153 735 535
4154 407 207
4155 1013 813
4156 279 79
4157 838 638
4158 843 643
4159 849 649
4160 723 523
4161 939 739
4162 528 228
4163 1050 850
4164 261 61
4165 975 775
4166 391 191
4167 973 773
4168 897 697
4169 1134 934
4170 432 232
4171 868 668
4172 1086 886
4173 996 796
4174 1062 762
4175 295 95
4176 389 189
4177 363 163
4178 1141 941
4179 495 295
4180 306 106
4181 323 123
4182 637 437
4183 1037 837
4184 945 745
4185 1000 800
4186 457 257
4187 783 583
4188 305 105
4189 360 160
4190 337 137
4191 547 347
4192 1020 820
4193 769 569
4194 791 591
4195 346 146
4196 341 141
4197 359 159
4198 342 142
4199 1150 950
4200 516 216
4201 603 403
4202 366 166
4203 667 467
4204 724 524
4205 844 644
4206 1117 917
4207 321 121
4208 924 724
4209 894 594
4210 378 78
4211 311 111
4212 801 601
4213 645 445
4214 1026 726
4215 798 498
4216 873 673
4217 442 242
4218 777 577
4219 523 323
4220 587 387
4221 862 662
4222 713 513
4223 708 508
4224 612 312
4225 616 416
4226 695 495
4227 444 244
4228 939 739
4229 1179 979
4230 927 727
4231 357 157
4232 601 401
4233 641 441
4234 984 784
4235 456 156
4236 1062 762
4237 264 64
4238 1161 961
4239 945 745
4240 741 541
4241 780 480
4242 333 133
4243 298 98
4244 919 719
4245 731 531
4246 815 615
4247 1188 988
4248 204 4
4249 384 84
4250 894 694
4251 634 434
4252 780 580
4253 616 416
4254 778 578
4255 1123 923
4256 1103 903
4257 399 199
4258 528 228
4259 271 71
4260 961 761
4261 635 435
4262 438 138
4263 1110 810
4264 1134 934
4265 1055 855
4266 328 128
4267 304 104
4268 1078 878
4269 816 616
4270 959 759
4271 983 783
4272 654 354
4273 647 447
4274 817 617
4275 399 199
4276 1132 932
4277 1053 853
4278 834 634
4279 532 332
4280 787 587
4281 877 677
4282 1080 880
4283 426 226
4284 612 412
4285 774 574
4286 672 372
4287 396 96
4288 345 145
4289 894 694
4290 863 663
4291 517 317
4292 894 694
4293 271 71
4294 445 245
4295 982 782
4296 862 662
4297 268 68
4298 340 140
4299 541 341
4300 1182 882
4301 652 452
4302 973 773
4303 739 539
4304 793 593
4305 1174 974
4306 762 562
4307 1054 854
4308 345 145
4309 947 747
4310 334 134
4311 379 179
4312 364 164
4313 1167 967
4314 972 672
4315 1061 861
4316 563 363
4317 564 264
4318 599 399
4319 1187 987
4320 1290 990
4321 405 205
4322 1174 974
4323 1125 925
4324 873 673
4325 799 599
4326 641 441
4327 367 167
4328 865 665
4329 750 450
4330 550 350
4331 749 549
4332 252 52
4333 421 221
4334 549 349
4335 613 413
4336 468 268
4337 1133 933
4338 1008 808
4339 207 7
4340 792 492
4341 1050 750
4342 675 475
4343 279 79
4344 337 137
4345 462 162
4346 964 764
4347 873 673
4348 641 441
4349 502 302
4350 267 67
4351 756 556
4352 951 751
4353 628 428
4354 347 147
4355 1168 968
4356 588 388
4357 595 395
4358 775 575
4359 1167 967
4360 911 711
4361 233 33
4362 773 573
4363 1095 895
4364 474 174
4365 377 177
4366 1158 958
4367 693 493
4368 690 490
4369 1108 908
4370 291 91
4371 227 27
4372 623 423
4373 1200 900
4374 489 289
4375 1066 866
4376 784 584
4377 516 316
4378 474 174
4379 828 528
4380 295 95
4381 1073 873
4382 593 393
4383 1179 979
4384 874 674
4385 611 411
4386 421 221
4387 868 668
4388 519 319
4389 348 148
4390 1266 966
4391 821 621
4392 640 440
4393 807 607
4394 321 121
4395 394 194
4396 991 791
4397 226 26
4398 616 416
4399 1187 987
4400 243 43
4401 504 204
4402 624 324
4403 1188 888
4404 564 264
4405 639 439
4406 928 728
4407 251 51
4408 403 203
4409 1086 886
4410 636 436
4411 985 785
4412 307 107
4413 264 64
4414 223 23
4415 625 425
4416 281 81
4417 627 427
4418 1116 916
4419 342 42
4420 904 704
4421 377 177
4422 421 221
4423 417 217
4424 493 293
4425 933 733
4426 1122 922
4427 1128 928
4428 871 671
4429 462 262
4430 507 307
4431 348 48
4432 232 32
4433 483 283
4434 1057 857
4435 924 624
4436 1089 889
4437 245 45
4438 753 553
4439 690 490
4440 889 689
4441 337 137
4442 1200 1000
4443 564 364
4444 831 631
4445 810 610
4446 263 63
4447 292 92
4448 315 115
4449 714 514
4450 664 464
4451 651 451
4452 372 72
4453 753 553
4454 378 78
4455 459 259
4456 532 332
4457 552 252
4458 1105 905
4459 1017 817
4460 846 646
4461 223 23
4462 815 615
4463 1170 970
4464 639 439
4465 915 715
4466 324 124
4467 1177 977
4468 601 401
4469 504 304
4470 318 18
4471 1103 903
4472 514 314
4473 715 515
4474 265 65
4475 737 537
4476 318 18
4477 569 369
4478 712 512
4479 1014 814
4480 904 704
4481 786 586
4482 849 649
4483 966 766
4484 472 272
4485 558 358
4486 888 688
4487 843 643
4488 1143 943
4489 611 411
4490 1296 996
4491 323 123
4492 693 493
4493 960 660
4494 525 325
4495 1099 899
4496 745 545
4497 579 379
4498 739 539
4499 229 29
4500 472 272
4501 615 415
4502 525 325
4503 211 11
4504 687 487
4505 1086 886
4506 831 631
4507 1129 929
4508 1171 971
4509 436 236
4510 930 730
4511 414 214
4512 336 136
4513 881 681
4514 423 223
4515 243 43
4516 431 231
4517 415 215
4518 780 580
4519 1098 898
4520 861 661
4521 217 17
4522 885 685
4523 847 647
4524 1090 890
4525 1021 821
4526 1187 987
4527 346 146
4528 455 255
4529 786 586
4530 564 264
4531 1171 971
4532 463 263
4533 850 650
4534 289 89
4535 1176 876
4536 886 686
4537 281 81
4538 714 514
4539 274 74
4540 1152 852
4541 531 331
4542 901 701
4543 1036 836
4544 1043 843
4545 505 305
4546 211 11
4547 1066 866
4548 364 164
4549 220 20
4550 1080 880
4551 942 742
4552 978 678
4553 832 632
4554 438 138
4555 1054 854
4556 439 239
4557 642 442
4558 235 35
4559 975 775
4560 1044 744
4561 666 466
4562 1230 930
4563 867 667
4564 876 676
4565 274 74
4566 405 205
4567 576 276
4568 569 369
4569 916 716
4570 630 330
4571 798 598
4572 557 357
4573 759 559
4574 1057 857
4575 1188 888
4576 705 505
4577 705 505
4578 755 555
4579 747 547
4580 305 105
4581 262 62
4582 949 749
4583 297 97
4584 1122 922
4585 799 599
4586 845 645
4587 646 446
4588 586 386
4589 556 356
4590 427 227
4591 946 746
4592 811 611
4593 402 202
4594 721 521
4595 397 197
4596 304 104
4597 1021 821
4598 459 259
4599 361 161
4600 1110 910
4601 599 399
4602 1284 984
4603 795 595
4604 1296 996
4605 858 558
4606 930 630
4607 930 730
4608 211 11
4609 585 385
4610 953 753
4611 1198 998
4612 1189 989
4613 1067 867
4614 924 724
4615 369 169
4616 641 441
4617 911 711
4618 701 501
4619 817 617
4620 1173 973
4621 305 105
4622 1045 845
4623 467 267
4624 850 650
4625 851 651
4626 238 38
4627 441 241
4628 1116 916
4629 660 460
4630 706 506
4631 405 205
4632 295 95
4633 682 482
4634 970 770
4635 539 339
4636 1254 954
4637 937 737
4638 1104 804
4639 402 202
4640 231 31
4641 606 306
4642 1116 916
4643 1195 995
4644 208 8
4645 701 501
4646 875 675
4647 840 640
4648 323 123
4649 910 710
4650 826 626
4651 690 390
4652 1183 983
4653 931 731
4654 400 200
4655 371 171
4656 781 581
4657 955 755
4658 1047 847
4659 352 152
4660 319 119
4661 1284 984
4662 251 51
4663 935 735
4664 491 291
4665 1053 853
4666 594 394
4667 981 781
4668 1284 984
4669 657 457
4670 628 428
4671 489 289
4672 1007 807
4673 474 274
4674 1187 987
4675 779 579
4676 723 523
4677 534 234
4678 532 332
4679 421 221
4680 937 737
4681 741 541
4682 940 740
4683 1005 805
4684 1168 968
4685 1116 816
4686 964 764
4687 444 144
4688 942 642
4689 779 579
4690 261 61
4691 756 456
4692 873 673
4693 600 400
4694 964 764
4695 359 159
4696 442 242
4697 1193 993
4698 742 542
4699 985 785
4700 396 196
4701 381 181
4702 949 749
4703 1061 861
4704 1097 897
4705 227 27
4706 324 24
4707 804 604
4708 888 588
4709 672 372
4710 262 62
4711 568 368
4712 785 585
4713 821 621
4714 892 692
4715 934 734
4716 864 664
4717 1186 986
4718 649 449
4719 1020 820
4720 594 394
4721 804 604
4722 433 233
4723 715 515
4724 774 474
4725 1044 844
4726 783 583
4727 277 77
4728 436 236
4729 309 109
4730 984 784
4731 711 511
4732 732 432
4733 389 189
4734 910 710
4735 1284 984
4736 1047 847
4737 627 427
4738 547 347
4739 1056 856
4740 949 749
4741 594 394
4742 1065 865
4743 809 609
4744 221 21
4745 516 316
4746 304 104
4747 737 537
4748 1044 744
4749 328 128
4750 760 560
4751 790 590
4752 742 542
4753 1189 989
4754 346 146
4755 1092 792
4756 210 10
4757 1195 995
4758 802 602
4759 321 121
4760 625 425
4761 1260 960
4762 519 319
4763 264 64
4764 723 523
4765 1049 849
4766 745 545
4767 865 665
4768 904 704
4769 840 540
4770 282 82
4771 622 422
4772 576 276
4773 804 604
4774 589 389
4775 393 193
4776 1224 924
4777 528 228
4778 490 290
4779 903 703
4780 270 70
4781 730 530
4782 559 359
4783 1170 870
4784 1164 964
4785 781 581
4786 831 631
4787 886 686
4788 201 1
4789 384 184
4790 751 551
4791 204 4
4792 849 649
4793 612 412
4794 1139 939
4795 250 50
4796 1037 837
4797 1113 913
4798 1109 909
4799 1044 744
4800 1061 861
4801 701 501
4802 1146 846
4803 238 38
4804 451 251
4805 750 450
4806 947 747
4807 382 182
4808 690 390
4809 564 364
4810 372 72
4811 978 678
4812 604 404
4813 664 464
4814 232 32
4815 1180 980
4816 454 254
4817 558 358
4818 850 650
4819 831 631
4820 783 583
4821 544 344
4822 205 5
4823 324 124
4824 301 101
4825 448 248
4826 269 69
4827 367 167
4828 918 718
4829 1109 909
4830 442 242
4831 1077 877
4832 456 156
4833 954 654
4834 876 576
4835 588 288
4836 1121 921
4837 252 52
4838 1089 889
4839 834 634
4840 587 387
4841 840 540
4842 768 468
4843 1000 800
4844 948 648
4845 403 203
4846 329 129
4847 996 696
4848 531 331
4849 327 127
4850 667 467
4851 355 155
4852 733 533
4853 1176 876
4854 336 36
4855 995 795
4856 1116 916
4857 988 788
4858 1043 843
4859 1021 821
4860 406 206
4861 701 501
4862 281 81
4863 732 432
4864 378 78
4865 911 711
4866 359 159
4867 268 68
4868 454 254
4869 843 643
4870 673 473
4871 1012 812
4872 1115 915
4873 1116 916
4874 589 389
4875 627 427
4876 624 324
4877 681 481
4878 316 116
4879 1098 898
4880 355 155
4881 1065 865
4882 864 664
4883 592 392
4884 1065 865
4885 221 21
4886 916 716
4887 576 376
4888 805 605
4889 1080 880
4890 471 271
4891 390 190
4892 798 598
4893 426 226
4894 496 296
4895 313 113
4896 300 100
4897 504 304
4898 754 554
4899 966 666
4900 378 178
4901 1117 917
4902 497 297
4903 1091 891
4904 1194 894
4905 237 37
4906 643 443
4907 305 105
4908 839 639
4909 528 228
4910 1080 880
4911 202 2
4912 606 406
4913 258 58
4914 994 794
4915 879 679
4916 493 293
4917 681 481
4918 621 421
4919 467 267
4920 1138 938
4921 893 693
4922 799 599
4923 329 129
4924 300 100
4925 522 322
4926 321 121
4927 1121 921
4928 1012 812
4929 678 378
4930 507 307
4931 251 51
4932 454 254
4933 852 652
4934 1139 939
4935 609 409
4936 293 93
4937 1037 837
4938 718 518
4939 481 281
4940 745 545
4941 966 666
4942 357 157
4943 577 377
4944 1080 780
4945 475 275
4946 714 514
4947 1145 945
4948 1144 944
4949 390 90
4950 767 567
4951 828 628
4952 1086 786
4953 1137 937
4954 685 485
4955 846 646
4956 954 754
4957 383 183
4958 930 730
4959 558 358
4960 1120 920
4961 411 211
4962 633 433
4963 325 125
4964 696 496
4965 431 231
4966 1074 774
4967 526 326
4968 786 486
4969 766 566
4970 255 55
4971 435 235
4972 1018 818
4973 309 109
4974 1067 867
4975 797 597
4976 397 197
4977 1013 813
4978 718 518
4979 916 716
4980 942 642
4981 1047 847
4982 347 147
4983 395 195
4984 733 533
4985 222 22
4986 1144 944
4987 541 341
4988 871 671
4989 912 712
4990 829 629
4991 418 218
4992 807 607
4993 485 285
4994 1056 756
4995 1086 786
4996 666 466
4997 342 142
4998 1086 786
4999 960 760
5000 971 771
