5000 1570052 16_5000_1000_263
1 960 613
2 393 89
3 670 271
4 201 23
5 1125 928
6 1088 844
7 1001 680
8 349 70
9 1057 781
10 825 429
11 1057 782
12 403 94
13 500 146
14 629 237
15 852 462
16 406 95
17 1095 861
18 906 533
19 903 529
20 516 156
21 800 400
22 458 122
23 1034 739
24 1043 755
25 237 32
26 42 1
27 976 639
28 625 234
29 1119 913
30 1123 923
31 1031 732
32 843 451
33 830 435
34 787 386
35 836 442
36 496 144
37 1097 864
38 655 258
39 694 293
40 436 110
41 1079 827
42 908 536
43 290 48
44 1138 958
45 764 361
46 1073 814
47 910 539
48 1049 767
49 766 363
50 1123 924
51 906 534
52 1144 973
53 1075 818
54 1015 704
55 342 67
56 677 277
57 1108 889
58 1010 695
59 791 391
60 465 126
61 508 151
62 997 673
63 827 432
64 391 88
65 1129 937
66 902 528
67 1078 824
68 957 608
69 862 475
70 1006 688
71 698 296
72 973 634
73 914 544
74 930 568
75 980 645
76 226 29
77 703 301
78 820 424
79 233 31
80 822 426
81 861 474
82 793 393
83 324 60
84 1009 693
85 662 264
86 162 15
87 634 241
88 958 610
89 836 443
90 931 569
91 740 337
92 896 520
93 834 440
94 1066 799
95 899 523
96 756 353
97 1074 816
98 1091 851
99 696 295
100 871 487
101 904 531
102 982 648
103 800 401
104 1010 696
105 986 654
106 761 358
107 1031 733
108 927 563
109 1080 829
110 1026 723
111 1125 928
112 828 433
113 755 352
114 1119 914
115 1153 997
116 965 620
117 1034 738
118 168 16
119 326 61
120 605 218
121 684 284
122 879 497
123 577 197
124 691 290
125 1077 822
126 1151 991
127 380 83
128 1084 837
129 1100 870
130 910 539
131 1142 969
132 768 366
133 1138 959
134 410 97
135 1101 872
136 1136 954
137 683 283
138 840 448
139 506 150
140 354 72
141 1075 817
142 611 223
143 1046 760
144 1059 786
145 696 295
146 1126 929
147 977 640
148 926 562
149 332 63
150 690 289
151 1058 783
152 1147 981
153 819 422
154 889 510
155 943 587
156 1120 915
157 896 520
158 792 392
159 1030 730
160 1084 836
161 1140 965
162 1125 928
163 667 269
164 1127 932
165 1138 959
166 1013 700
167 1077 822
168 878 495
169 1105 881
170 763 360
171 740 337
172 1127 933
173 1101 873
174 797 397
175 923 558
176 1096 863
177 659 262
178 965 621
179 1103 877
180 1010 695
181 1071 810
182 1072 812
183 613 224
184 774 372
185 1132 944
186 680 280
187 278 44
188 875 491
189 865 478
190 968 626
191 1148 983
192 912 542
193 647 252
194 1026 723
195 674 275
196 1154 1000
197 964 619
198 1010 695
199 1020 713
200 332 63
201 754 351
202 1017 708
203 632 239
204 1090 849
205 1036 741
206 1095 859
207 836 442
208 103 6
209 923 557
210 865 478
211 1150 988
212 1127 932
213 1135 952
214 1101 872
215 819 422
216 94 5
217 359 74
218 977 640
219 783 382
220 443 114
221 1097 864
222 667 269
223 765 362
224 1003 683
225 1021 715
226 1105 882
227 893 515
228 1150 988
229 397 91
230 248 35
231 361 75
232 904 530
233 1031 733
234 1131 942
235 745 342
236 1126 931
237 1092 853
238 984 651
239 1048 764
240 1145 977
241 905 532
242 1150 988
243 1110 893
244 1089 847
245 594 210
246 347 69
247 1043 755
248 749 346
249 382 84
250 462 124
251 574 195
252 952 600
253 1028 727
254 800 401
255 616 227
256 1133 948
257 605 218
258 991 663
259 1084 837
260 1131 943
261 1145 976
262 997 673
263 1105 882
264 1154 1000
265 969 627
266 685 285
267 534 168
268 744 341
269 500 146
270 564 188
271 893 516
272 1081 831
273 1146 979
274 1085 839
275 633 240
276 682 282
277 42 1
278 984 651
279 555 182
280 375 81
281 798 398
282 825 430
283 880 498
284 745 342
285 210 25
286 919 551
287 849 459
288 884 503
289 537 170
290 968 625
291 1086 841
292 765 362
293 1086 840
294 680 280
295 840 448
296 978 641
297 1129 937
298 42 1
299 824 428
300 640 246
301 572 194
302 768 366
303 701 299
304 914 544
305 1021 714
306 237 32
307 818 421
308 1064 795
309 910 539
310 412 98
311 1081 831
312 759 356
313 1002 681
314 994 668
315 627 235
316 1025 722
317 534 168
318 818 421
319 763 360
320 479 134
321 841 449
322 878 496
323 1015 704
324 1149 987
325 192 21
326 705 303
327 675 276
328 995 670
329 546 176
330 1098 866
331 741 338
332 940 582
333 660 263
334 1067 801
335 651 255
336 1137 956
337 1116 906
338 917 549
339 1057 781
340 1035 740
341 664 266
342 974 635
343 349 70
344 1119 914
345 948 595
346 807 408
347 1121 918
348 678 278
349 1043 755
350 151 13
351 933 572
352 1128 936
353 643 248
354 857 468
355 644 249
356 795 395
357 883 502
358 602 216
359 865 478
360 326 61
361 783 382
362 582 201
363 1136 954
364 1084 837
365 840 448
366 1153 997
367 1071 810
368 675 276
369 771 369
370 755 352
371 1121 919
372 1084 836
373 463 125
374 857 468
375 998 675
376 927 563
377 906 534
378 891 513
379 916 547
380 748 345
381 1012 698
382 901 526
383 1065 797
384 255 37
385 454 120
386 818 421
387 948 595
388 780 379
389 1076 819
390 412 98
391 799 399
392 334 64
393 1113 901
394 1099 868
395 145 12
396 796 396
397 649 253
398 757 354
399 1083 835
400 956 606
401 821 425
402 1125 927
403 717 314
404 862 475
405 607 220
406 806 407
407 961 614
408 878 496
409 652 256
410 871 487
411 178 18
412 842 450
413 876 493
414 706 304
415 1084 837
416 857 469
417 747 344
418 843 451
419 755 352
420 42 1
421 638 244
422 985 653
423 1140 965
424 1121 918
425 817 420
426 1084 837
427 1033 737
428 732 329
429 1027 726
430 241 33
431 925 561
432 893 516
433 1025 721
434 302 52
435 424 104
436 1050 769
437 670 271
438 849 458
439 406 95
440 896 519
441 1123 923
442 645 250
443 789 388
444 998 675
445 432 108
446 596 211
447 954 603
448 1135 952
449 1093 856
450 1121 919
451 833 439
452 520 159
453 604 217
454 214 26
455 1059 785
456 1019 711
457 248 35
458 948 594
459 884 503
460 783 382
461 795 395
462 724 321
463 1073 814
464 1036 741
465 1094 857
466 852 462
467 977 640
468 1001 679
469 934 574
470 520 159
471 1104 879
472 920 553
473 1027 726
474 133 10
475 688 287
476 1146 980
477 826 431
478 1070 807
479 890 511
480 981 646
481 731 328
482 1066 799
483 847 456
484 1044 756
485 443 114
486 1128 935
487 1120 916
488 893 515
489 318 58
490 980 645
491 546 176
492 942 585
493 899 524
494 724 321
495 594 210
496 680 280
497 879 497
498 917 549
499 1002 682
500 692 291
501 593 209
502 1124 925
503 882 501
504 840 447
505 1038 745
506 1097 864
507 1022 717
508 1146 979
509 258 38
510 1088 844
511 210 25
512 1074 815
513 237 32
514 960 613
515 1034 739
516 1089 848
517 792 392
518 776 374
519 565 189
520 1021 714
521 582 201
522 797 397
523 635 242
524 989 660
525 271 42
526 1116 907
527 1095 859
528 1125 927
529 807 409
530 885 505
531 481 135
532 991 663
533 337 65
534 789 388
535 1154 1000
536 908 536
537 752 349
538 829 434
539 1040 749
540 1094 857
541 1047 762
542 926 562
543 682 282
544 751 348
545 1037 744
546 871 487
547 1033 737
548 943 587
549 978 641
550 1095 861
551 516 156
552 774 372
553 1142 968
554 822 426
555 1001 679
556 600 214
557 887 507
558 901 526
559 741 338
560 634 241
561 748 345
562 488 139
563 857 469
564 244 34
565 432 108
566 934 573
567 1030 730
568 975 636
569 936 576
570 59 2
571 1144 975
572 961 615
573 681 281
574 458 122
575 847 456
576 949 596
577 779 377
578 371 79
579 807 408
580 1085 838
581 508 151
582 721 318
583 1132 945
584 244 34
585 715 312
586 949 596
587 1117 910
588 924 559
589 1122 921
590 1123 922
591 967 624
592 495 143
593 1055 778
594 1112 897
595 901 526
596 875 491
597 432 108
598 895 518
599 655 258
600 636 243
601 342 67
602 1027 726
603 501 147
604 414 99
605 677 277
606 183 19
607 888 509
608 865 478
609 854 465
610 302 52
611 993 666
612 806 407
613 484 137
614 1089 848
615 1120 916
616 963 618
617 495 143
618 1064 796
619 1062 791
620 495 143
621 1098 867
622 1128 935
623 1079 827
624 859 471
625 1030 730
626 517 157
627 896 520
628 1137 956
629 662 264
630 854 465
631 909 537
632 906 533
633 670 271
634 872 488
635 511 153
636 826 431
637 782 381
638 1150 988
639 778 376
640 1004 684
641 932 570
642 1077 823
643 639 245
644 1028 728
645 906 534
646 380 83
647 845 453
648 1150 990
649 1100 871
650 1128 936
651 887 507
652 641 247
653 835 441
654 687 286
655 1022 717
656 1042 754
657 843 451
658 465 126
659 720 317
660 1027 725
661 847 456
662 324 60
663 882 501
664 244 34
665 1060 787
666 1151 991
667 1025 721
668 963 618
669 963 617
670 111 7
671 1132 944
672 1018 709
673 1129 938
674 600 214
675 380 83
676 660 263
677 698 296
678 1062 791
679 881 500
680 226 29
681 833 439
682 1071 810
683 723 320
684 1052 773
685 1123 923
686 491 141
687 970 629
688 560 185
689 1080 828
690 646 251
691 1117 908
692 1146 980
693 1044 756
694 471 129
695 1135 951
696 963 618
697 1096 863
698 1083 835
699 969 627
700 416 100
701 903 529
702 585 203
703 769 367
704 904 530
705 1087 843
706 780 378
707 954 603
708 349 70
709 1049 767
710 418 101
711 765 362
712 826 431
713 1125 927
714 1118 912
715 632 239
716 904 531
717 1105 881
718 1110 894
719 750 347
720 1120 915
721 767 365
722 950 598
723 928 565
724 428 106
725 1064 796
726 907 535
727 731 328
728 981 646
729 1095 859
730 736 333
731 936 576
732 825 429
733 736 333
734 1089 848
735 1095 860
736 854 465
737 1113 900
738 970 628
739 999 677
740 965 620
741 841 449
742 938 579
743 1077 821
744 710 308
745 545 175
746 462 124
747 807 409
748 919 551
749 1026 723
750 833 439
751 1135 951
752 962 616
753 906 534
754 871 486
755 1062 792
756 778 376
757 426 105
758 1107 886
759 858 470
760 720 317
761 930 567
762 1072 811
763 1104 879
764 1069 805
765 678 278
766 406 95
767 1111 896
768 380 83
769 975 637
770 904 530
771 968 625
772 983 649
773 590 207
774 974 635
775 901 527
776 1153 996
777 961 615
778 449 117
779 1084 837
780 488 139
781 1071 810
782 1083 834
783 614 225
784 1111 896
785 262 39
786 278 44
787 760 357
788 916 548
789 756 353
790 1124 926
791 527 163
792 798 398
793 1064 795
794 1138 959
795 1096 863
796 900 525
797 214 26
798 729 326
799 861 473
800 771 369
801 520 159
802 1096 862
803 439 112
804 1040 749
805 926 562
806 766 363
807 1077 823
808 632 239
809 579 199
810 887 507
811 183 19
812 819 422
813 1153 996
814 1040 750
815 968 626
816 1123 923
817 1050 768
818 659 262
819 711 309
820 1097 864
821 1073 814
822 705 303
823 1053 774
824 1072 811
825 730 327
826 951 599
827 214 26
828 1149 987
829 380 83
830 557 183
831 872 488
832 1029 729
833 1115 904
834 1104 879
835 1142 968
836 972 632
837 987 656
838 629 237
839 711 309
840 940 582
841 1101 872
842 729 326
843 1060 787
844 1074 816
845 606 219
846 1113 899
847 890 512
848 471 129
849 1012 698
850 479 134
851 945 590
852 938 579
853 871 486
854 644 249
855 730 327
856 460 123
857 1099 868
858 888 509
859 1118 911
860 210 25
861 313 56
862 391 88
863 465 126
864 542 173
865 765 362
866 882 501
867 514 155
868 766 363
869 488 139
870 168 16
871 920 553
872 1141 967
873 996 672
874 1045 759
875 304 53
876 524 161
877 845 454
878 1054 777
879 694 293
880 765 362
881 994 667
882 549 178
883 625 234
884 565 189
885 998 675
886 811 413
887 1117 910
888 650 254
889 546 176
890 168 16
891 1089 847
892 1000 678
893 653 257
894 274 43
895 1071 810
896 831 436
897 701 299
898 1154 1000
899 613 224
900 1064 796
901 645 250
902 719 316
903 551 179
904 647 252
905 732 329
906 490 140
907 983 649
908 708 306
909 629 237
910 511 153
911 1082 832
912 1135 951
913 1044 757
914 302 52
915 792 392
916 729 326
917 980 644
918 1051 770
919 1123 924
920 1117 908
921 94 5
922 847 456
923 1132 944
924 428 106
925 832 438
926 966 623
927 139 11
928 506 150
929 1110 893
930 814 417
931 284 46
932 857 469
933 1103 877
934 1011 697
935 751 348
936 789 388
937 561 186
938 533 167
939 826 431
940 814 417
941 792 392
942 1148 985
943 456 121
944 832 438
945 1131 943
946 1113 899
947 1074 816
948 1121 918
949 1025 721
950 935 575
951 769 367
952 1009 694
953 1083 834
954 366 77
955 709 307
956 565 189
957 966 623
958 810 412
959 1030 731
960 1003 683
961 913 543
962 157 14
963 422 103
964 728 325
965 857 468
966 982 648
967 717 314
968 438 111
969 963 618
970 157 14
971 1154 1000
972 408 96
973 371 79
974 397 91
975 1070 808
976 903 529
977 560 185
978 913 543
979 1136 954
980 588 205
981 772 370
982 519 158
983 1094 857
984 829 434
985 840 447
986 371 79
987 925 561
988 508 151
989 586 204
990 339 66
991 634 241
992 562 187
993 1050 769
994 614 225
995 787 386
996 911 540
997 1118 912
998 162 15
999 579 199
1000 565 189
1001 1113 899
1002 1056 779
1003 674 275
1004 1040 749
1005 978 642
1006 1131 941
1007 1150 989
1008 632 239
1009 1056 779
1010 715 312
1011 650 254
1012 824 428
1013 1104 880
1014 745 342
1015 878 496
1016 855 466
1017 1113 900
1018 422 103
1019 1129 937
1020 1066 800
1021 1048 765
1022 891 513
1023 610 222
1024 1118 911
1025 718 315
1026 265 40
1027 890 512
1028 1090 850
1029 1001 679
1030 1131 943
1031 958 609
1032 798 398
1033 965 621
1034 347 69
1035 1037 743
1036 1012 698
1037 635 242
1038 511 153
1039 1028 728
1040 168 16
1041 418 101
1042 1131 942
1043 916 548
1044 993 666
1045 582 201
1046 1019 711
1047 991 662
1048 767 365
1049 1042 753
1050 674 275
1051 932 570
1052 1145 976
1053 636 243
1054 1021 714
1055 391 88
1056 818 421
1057 752 349
1058 658 261
1059 508 151
1060 769 367
1061 460 123
1062 1132 945
1063 1129 938
1064 561 186
1065 918 550
1066 1120 916
1067 929 566
1068 961 614
1069 1077 821
1070 753 350
1071 593 209
1072 1052 772
1073 1086 840
1074 410 97
1075 1052 772
1076 695 294
1077 533 167
1078 963 617
1079 1012 698
1080 1106 883
1081 670 271
1082 1150 989
1083 1018 710
1084 1093 856
1085 970 628
1086 893 515
1087 763 360
1088 840 447
1089 925 560
1090 545 175
1091 723 320
1092 1030 731
1093 500 146
1094 989 660
1095 891 513
1096 904 530
1097 453 119
1098 643 248
1099 696 295
1100 841 449
1101 598 213
1102 980 644
1103 375 81
1104 862 475
1105 725 322
1106 682 282
1107 1049 767
1108 855 466
1109 1119 913
1110 928 565
1111 1127 932
1112 789 388
1113 944 588
1114 816 419
1115 702 300
1116 1147 982
1117 708 306
1118 695 294
1119 754 351
1120 675 276
1121 549 178
1122 1147 982
1123 618 228
1124 746 343
1125 1032 734
1126 1151 992
1127 157 14
1128 344 68
1129 426 105
1130 968 626
1131 1038 746
1132 430 107
1133 740 337
1134 1095 860
1135 1134 950
1136 760 357
1137 1073 813
1138 946 591
1139 1008 692
1140 970 629
1141 798 398
1142 1148 985
1143 490 140
1144 1145 976
1145 1146 978
1146 820 423
1147 151 13
1148 1039 748
1149 899 524
1150 271 42
1151 1076 820
1152 989 660
1153 1061 789
1154 635 242
1155 500 146
1156 1067 801
1157 1147 982
1158 598 213
1159 1067 801
1160 1059 786
1161 1012 699
1162 1108 888
1163 986 655
1164 491 141
1165 1024 720
1166 638 244
1167 244 34
1168 734 331
1169 352 71
1170 513 154
1171 909 538
1172 865 479
1173 902 528
1174 1093 855
1175 1063 794
1176 878 495
1177 1085 839
1178 941 584
1179 913 543
1180 484 137
1181 717 314
1182 819 422
1183 1057 782
1184 884 503
1185 747 344
1186 627 235
1187 829 434
1188 585 203
1189 1119 914
1190 1043 755
1191 596 211
1192 218 27
1193 710 308
1194 145 12
1195 777 375
1196 985 653
1197 1127 933
1198 609 221
1199 1080 828
1200 994 667
1201 815 418
1202 983 650
1203 994 667
1204 814 416
1205 1032 734
1206 1014 702
1207 946 591
1208 471 129
1209 577 197
1210 1150 990
1211 616 227
1212 1113 901
1213 222 28
1214 399 92
1215 1151 991
1216 629 237
1217 1003 683
1218 1051 770
1219 551 179
1220 1044 756
1221 1007 690
1222 915 546
1223 59 2
1224 696 295
1225 1040 750
1226 684 284
1227 633 240
1228 1048 765
1229 970 629
1230 1101 872
1231 796 396
1232 1154 999
1233 900 525
1234 679 279
1235 1138 958
1236 1142 969
1237 1122 921
1238 685 285
1239 973 633
1240 871 487
1241 1072 811
1242 801 402
1243 1098 866
1244 715 312
1245 915 546
1246 1102 876
1247 669 270
1248 934 574
1249 368 78
1250 463 125
1251 1041 752
1252 989 660
1253 479 134
1254 788 387
1255 1082 832
1256 1092 854
1257 1148 984
1258 741 338
1259 1140 964
1260 274 43
1261 800 401
1262 597 212
1263 525 162
1264 812 414
1265 987 656
1266 524 161
1267 1017 707
1268 992 664
1269 1148 983
1270 1057 782
1271 486 138
1272 859 471
1273 879 497
1274 880 498
1275 849 459
1276 932 570
1277 1127 933
1278 1117 908
1279 857 468
1280 616 227
1281 1148 985
1282 791 390
1283 961 614
1284 875 491
1285 1104 879
1286 980 644
1287 899 524
1288 558 184
1289 1025 722
1290 882 501
1291 708 306
1292 879 497
1293 983 649
1294 581 200
1295 659 262
1296 680 280
1297 539 171
1298 770 368
1299 766 363
1300 1005 687
1301 1046 761
1302 978 641
1303 1145 977
1304 916 547
1305 1078 824
1306 936 576
1307 1092 853
1308 781 380
1309 321 59
1310 1009 693
1311 660 263
1312 178 18
1313 84 4
1314 899 524
1315 1153 998
1316 1090 849
1317 139 11
1318 601 215
1319 818 421
1320 1124 925
1321 1150 989
1322 950 597
1323 1042 754
1324 1053 774
1325 349 70
1326 1061 790
1327 931 569
1328 1147 981
1329 806 407
1330 1117 909
1331 702 300
1332 970 629
1333 581 200
1334 1153 996
1335 197 22
1336 963 618
1337 877 494
1338 214 26
1339 708 306
1340 863 476
1341 578 198
1342 820 424
1343 1015 704
1344 1057 781
1345 1096 863
1346 1100 871
1347 126 9
1348 386 86
1349 416 100
1350 1008 691
1351 478 133
1352 1069 806
1353 1023 719
1354 904 530
1355 774 372
1356 1034 738
1357 1107 887
1358 894 517
1359 968 625
1360 1040 749
1361 983 650
1362 687 286
1363 1097 864
1364 593 209
1365 816 419
1366 698 296
1367 848 457
1368 1150 988
1369 607 220
1370 842 450
1371 337 65
1372 875 492
1373 1077 821
1374 1068 803
1375 483 136
1376 802 403
1377 501 147
1378 976 639
1379 94 5
1380 718 315
1381 1139 961
1382 1089 848
1383 702 300
1384 699 297
1385 605 218
1386 720 317
1387 570 192
1388 832 438
1389 1099 868
1390 721 318
1391 1001 680
1392 681 281
1393 1061 790
1394 876 493
1395 565 189
1396 658 261
1397 1012 698
1398 912 542
1399 1016 706
1400 1136 953
1401 795 395
1402 651 255
1403 1152 994
1404 1087 843
1405 651 255
1406 1111 896
1407 1117 910
1408 488 139
1409 1069 806
1410 432 108
1411 905 532
1412 956 606
1413 926 562
1414 1150 990
1415 731 328
1416 558 184
1417 1068 804
1418 1143 972
1419 1014 702
1420 1093 856
1421 831 436
1422 696 295
1423 658 261
1424 406 95
1425 854 465
1426 662 264
1427 151 13
1428 672 273
1429 995 669
1430 490 140
1431 426 105
1432 690 289
1433 1142 970
1434 441 113
1435 1147 982
1436 548 177
1437 819 422
1438 865 478
1439 484 137
1440 871 487
1441 458 122
1442 858 470
1443 1009 693
1444 748 345
1445 590 207
1446 882 501
1447 937 578
1448 973 634
1449 1037 743
1450 560 185
1451 704 302
1452 807 409
1453 892 514
1454 814 417
1455 671 272
1456 672 273
1457 985 653
1458 1059 785
1459 924 559
1460 574 195
1461 628 236
1462 597 212
1463 332 63
1464 775 373
1465 1020 713
1466 671 272
1467 501 147
1468 832 438
1469 1139 962
1470 1018 709
1471 899 523
1472 201 23
1473 678 278
1474 1096 862
1475 237 32
1476 380 83
1477 996 672
1478 463 125
1479 1098 867
1480 1154 999
1481 1136 954
1482 780 378
1483 1029 729
1484 1075 818
1485 414 99
1486 1013 701
1487 841 449
1488 1040 749
1489 903 529
1490 453 119
1491 1149 987
1492 893 516
1493 1107 887
1494 782 381
1495 1139 962
1496 1060 787
1497 1118 912
1498 824 428
1499 183 19
1500 1030 730
1501 241 33
1502 955 605
1503 750 347
1504 1067 801
1505 583 202
1506 829 434
1507 917 549
1508 816 419
1509 965 621
1510 1010 695
1511 978 641
1512 111 7
1513 619 229
1514 1094 857
1515 609 221
1516 561 186
1517 941 584
1518 1087 842
1519 1006 688
1520 449 117
1521 685 285
1522 500 146
1523 293 49
1524 565 189
1525 1032 734
1526 579 199
1527 1035 740
1528 728 325
1529 422 103
1530 1032 734
1531 1120 916
1532 960 613
1533 1060 788
1534 632 239
1535 1079 826
1536 721 318
1537 961 614
1538 516 156
1539 1044 756
1540 501 147
1541 798 398
1542 548 177
1543 578 198
1544 244 34
1545 763 360
1546 975 637
1547 905 532
1548 689 288
1549 604 217
1550 853 464
1551 888 509
1552 408 96
1553 897 521
1554 1047 762
1555 764 361
1556 540 172
1557 1016 706
1558 1047 762
1559 994 668
1560 1021 714
1561 761 358
1562 382 84
1563 706 304
1564 495 143
1565 944 588
1566 1063 793
1567 600 214
1568 388 87
1569 1068 803
1570 855 466
1571 804 405
1572 1087 843
1573 831 436
1574 1127 933
1575 1145 977
1576 1104 880
1577 552 180
1578 1077 822
1579 1120 917
1580 865 478
1581 1131 943
1582 1148 983
1583 996 672
1584 519 158
1585 1023 718
1586 747 344
1587 1130 940
1588 73 3
1589 1046 761
1590 157 14
1591 748 345
1592 879 497
1593 366 77
1594 570 192
1595 307 54
1596 978 641
1597 632 239
1598 1052 772
1599 941 584
1600 1051 770
1601 233 31
1602 877 494
1603 560 185
1604 1082 833
1605 852 462
1606 942 586
1607 861 474
1608 428 106
1609 670 271
1610 994 668
1611 1118 912
1612 1116 907
1613 740 337
1614 233 31
1615 855 466
1616 688 287
1617 780 378
1618 1051 770
1619 633 240
1620 1042 753
1621 658 261
1622 476 132
1623 1052 773
1624 1106 884
1625 845 453
1626 522 160
1627 1096 862
1628 921 554
1629 508 151
1630 1151 993
1631 672 273
1632 1129 937
1633 574 195
1634 696 295
1635 600 214
1636 825 430
1637 1060 787
1638 1070 808
1639 1112 897
1640 403 94
1641 1083 835
1642 1142 968
1643 1140 965
1644 581 200
1645 601 215
1646 834 440
1647 836 442
1648 719 316
1649 601 215
1650 765 362
1651 935 575
1652 713 310
1653 1134 949
1654 757 354
1655 1074 816
1656 887 507
1657 575 196
1658 386 86
1659 408 96
1660 1042 753
1661 274 43
1662 1141 967
1663 1024 720
1664 183 19
1665 534 168
1666 479 134
1667 600 214
1668 1116 907
1669 1150 989
1670 991 663
1671 578 198
1672 519 158
1673 1045 758
1674 800 400
1675 607 220
1676 836 443
1677 884 504
1678 572 194
1679 1104 879
1680 843 451
1681 321 59
1682 481 135
1683 731 328
1684 787 386
1685 582 201
1686 1112 898
1687 739 336
1688 1035 740
1689 344 68
1690 293 49
1691 736 333
1692 936 576
1693 1098 867
1694 991 662
1695 1004 684
1696 1108 888
1697 1044 757
1698 1136 953
1699 546 176
1700 1138 959
1701 773 371
1702 1121 919
1703 173 17
1704 173 17
1705 1079 826
1706 791 390
1707 1032 734
1708 882 501
1709 1144 975
1710 906 534
1711 849 459
1712 768 366
1713 739 336
1714 1118 912
1715 488 139
1716 1095 861
1717 560 185
1718 958 610
1719 950 598
1720 1128 936
1721 476 132
1722 560 185
1723 380 83
1724 1107 886
1725 422 103
1726 451 118
1727 371 79
1728 1151 992
1729 1038 746
1730 560 185
1731 810 412
1732 593 209
1733 1077 822
1734 890 512
1735 868 483
1736 641 247
1737 923 558
1738 1125 928
1739 828 433
1740 1023 719
1741 1101 873
1742 1087 842
1743 226 29
1744 1143 972
1745 1036 741
1746 981 647
1747 1015 704
1748 660 263
1749 1127 933
1750 984 652
1751 616 227
1752 731 328
1753 1044 756
1754 1118 911
1755 844 452
1756 1012 699
1757 884 503
1758 966 623
1759 952 600
1760 1044 756
1761 1121 919
1762 688 287
1763 428 106
1764 397 91
1765 796 396
1766 248 35
1767 733 330
1768 860 472
1769 868 482
1770 715 312
1771 846 455
1772 439 112
1773 696 295
1774 534 168
1775 1120 917
1776 837 444
1777 561 186
1778 324 60
1779 826 431
1780 978 641
1781 965 621
1782 1032 735
1783 825 430
1784 214 26
1785 844 452
1786 614 225
1787 1005 686
1788 992 664
1789 516 156
1790 663 265
1791 731 328
1792 1109 890
1793 607 220
1794 1082 833
1795 772 370
1796 1150 988
1797 307 54
1798 479 134
1799 623 232
1800 1150 988
1801 197 22
1802 782 381
1803 678 278
1804 986 655
1805 1132 945
1806 940 583
1807 618 228
1808 902 528
1809 332 63
1810 1110 893
1811 763 360
1812 931 569
1813 1101 874
1814 674 275
1815 776 374
1816 424 104
1817 751 348
1818 1132 945
1819 460 123
1820 927 563
1821 1072 812
1822 939 581
1823 694 293
1824 964 619
1825 814 417
1826 1078 825
1827 781 380
1828 1080 828
1829 463 125
1830 139 11
1831 789 388
1832 868 483
1833 359 74
1834 913 543
1835 698 296
1836 479 134
1837 1097 864
1838 1151 991
1839 1097 864
1840 1144 975
1841 990 661
1842 726 323
1843 1012 699
1844 879 497
1845 606 219
1846 848 457
1847 304 53
1848 337 65
1849 401 93
1850 944 589
1851 794 394
1852 783 382
1853 771 369
1854 536 169
1855 919 552
1856 1101 872
1857 730 327
1858 1138 958
1859 1139 961
1860 302 52
1861 422 103
1862 293 49
1863 729 326
1864 871 486
1865 865 479
1866 1057 782
1867 766 364
1868 1022 716
1869 627 235
1870 919 552
1871 318 58
1872 829 434
1873 572 194
1874 972 631
1875 604 217
1876 936 576
1877 1070 807
1878 1093 855
1879 1055 778
1880 888 509
1881 960 613
1882 1089 847
1883 1136 955
1884 853 463
1885 822 426
1886 738 335
1887 682 282
1888 967 624
1889 702 300
1890 1010 696
1891 568 191
1892 1059 786
1893 695 294
1894 914 544
1895 776 374
1896 959 611
1897 1051 771
1898 843 451
1899 915 546
1900 673 274
1901 456 121
1902 993 666
1903 1123 923
1904 1019 711
1905 424 104
1906 641 247
1907 988 657
1908 630 238
1909 1041 752
1910 832 438
1911 434 109
1912 1026 724
1913 493 142
1914 858 470
1915 1077 822
1916 890 512
1917 1131 942
1918 1048 765
1919 1119 914
1920 1095 859
1921 1002 682
1922 557 183
1923 1101 872
1924 977 640
1925 571 193
1926 1041 752
1927 684 284
1928 824 428
1929 820 424
1930 1120 916
1931 954 603
1932 871 486
1933 1095 860
1934 970 629
1935 1038 746
1936 826 431
1937 721 318
1938 577 197
1939 953 602
1940 248 35
1941 1027 725
1942 1114 903
1943 1151 991
1944 1049 766
1945 506 150
1946 780 378
1947 933 572
1948 936 576
1949 890 511
1950 1153 997
1951 1074 816
1952 1115 905
1953 859 471
1954 382 84
1955 1087 843
1956 1153 996
1957 1111 896
1958 879 497
1959 903 529
1960 1151 992
1961 1106 885
1962 816 419
1963 790 389
1964 973 633
1965 665 267
1966 787 386
1967 1053 775
1968 862 475
1969 656 259
1970 962 616
1971 768 366
1972 1118 911
1973 329 62
1974 920 553
1975 839 446
1976 796 396
1977 579 199
1978 998 675
1979 954 603
1980 935 575
1981 760 357
1982 230 30
1983 954 603
1984 849 458
1985 1088 845
1986 923 557
1987 1033 736
1988 972 632
1989 766 363
1990 742 339
1991 843 451
1992 465 126
1993 904 530
1994 912 542
1995 1149 986
1996 1076 820
1997 884 503
1998 111 7
1999 973 634
2000 1123 922
2001 748 345
2002 820 424
2003 1031 732
2004 849 459
2005 1109 891
2006 528 164
2007 638 244
2008 1099 868
2009 800 400
2010 1126 929
2011 923 557
2012 1044 757
2013 995 670
2014 885 505
2015 945 590
2016 258 38
2017 1012 699
2018 399 92
2019 332 63
2020 910 539
2021 1133 947
2022 1018 710
2023 735 332
2024 375 81
2025 622 231
2026 762 359
2027 671 272
2028 1014 702
2029 1096 862
2030 1000 678
2031 683 283
2032 881 500
2033 533 167
2034 960 613
2035 719 316
2036 955 605
2037 760 357
2038 1148 984
2039 1019 711
2040 747 344
2041 1002 681
2042 955 605
2043 522 160
2044 1152 994
2045 380 83
2046 1113 900
2047 1000 678
2048 986 654
2049 848 457
2050 1135 951
2051 878 496
2052 347 69
2053 865 478
2054 656 259
2055 1051 770
2056 1065 798
2057 1110 892
2058 1117 909
2059 1050 769
2060 865 478
2061 756 353
2062 981 646
2063 1139 962
2064 1046 761
2065 852 462
2066 508 151
2067 1058 783
2068 890 511
2069 1002 682
2070 1080 829
2071 614 225
2072 659 262
2073 562 187
2074 1147 981
2075 1049 766
2076 545 175
2077 629 237
2078 866 480
2079 938 580
2080 996 672
2081 1122 920
2082 354 72
2083 1084 836
2084 620 230
2085 728 325
2086 524 161
2087 611 223
2088 687 286
2089 779 377
2090 972 632
2091 1064 796
2092 403 94
2093 1054 777
2094 1001 679
2095 670 271
2096 441 113
2097 1076 820
2098 791 390
2099 488 139
2100 205 24
2101 528 164
2102 881 499
2103 716 313
2104 936 576
2105 145 12
2106 73 3
2107 368 78
2108 1142 970
2109 822 426
2110 1027 726
2111 908 536
2112 956 606
2113 704 302
2114 258 38
2115 983 649
2116 705 303
2117 126 9
2118 940 583
2119 594 210
2120 337 65
2121 1148 983
2122 1142 968
2123 484 137
2124 436 110
2125 767 365
2126 1086 841
2127 1152 995
2128 702 300
2129 472 130
2130 1064 795
2131 178 18
2132 422 103
2133 983 649
2134 428 106
2135 1093 855
2136 639 245
2137 1027 725
2138 192 21
2139 890 512
2140 304 53
2141 693 292
2142 416 100
2143 445 115
2144 1121 919
2145 1027 725
2146 963 617
2147 903 529
2148 157 14
2149 375 81
2150 622 231
2151 780 379
2152 1020 712
2153 911 540
2154 923 558
2155 373 80
2156 869 484
2157 1064 796
2158 628 236
2159 703 301
2160 1055 778
2161 854 465
2162 618 228
2163 880 498
2164 745 342
2165 616 227
2166 1140 963
2167 766 363
2168 1153 997
2169 738 335
2170 1103 877
2171 1150 988
2172 971 630
2173 942 586
2174 1113 900
2175 1153 996
2176 1126 930
2177 585 203
2178 1038 745
2179 921 554
2180 1147 981
2181 888 509
2182 613 224
2183 1109 891
2184 1083 834
2185 1136 954
2186 558 184
2187 1063 793
2188 1042 753
2189 652 256
2190 1062 792
2191 399 92
2192 994 668
2193 747 344
2194 514 155
2195 1120 917
2196 999 676
2197 764 361
2198 781 380
2199 329 62
2200 983 649
2201 936 577
2202 318 58
2203 974 635
2204 986 655
2205 503 148
2206 711 309
2207 73 3
2208 412 98
2209 1055 778
2210 945 590
2211 721 318
2212 59 2
2213 1061 789
2214 899 523
2215 643 248
2216 1061 790
2217 946 592
2218 680 280
2219 949 596
2220 418 101
2221 967 624
2222 630 238
2223 1034 738
2224 1086 840
2225 506 150
2226 422 103
2227 1071 810
2228 1030 730
2229 893 515
2230 878 495
2231 745 342
2232 262 39
2233 809 411
2234 766 364
2235 692 291
2236 769 367
2237 1063 794
2238 1138 959
2239 332 63
2240 837 444
2241 968 625
2242 861 473
2243 965 620
2244 388 87
2245 410 97
2246 1005 686
2247 596 211
2248 832 438
2249 630 238
2250 1068 804
2251 932 570
2252 814 417
2253 811 413
2254 1048 764
2255 912 542
2256 890 512
2257 609 221
2258 739 336
2259 952 601
2260 1131 942
2261 808 410
2262 823 427
2263 657 260
2264 903 529
2265 1084 837
2266 869 484
2267 1004 685
2268 230 30
2269 810 412
2270 673 274
2271 139 11
2272 992 665
2273 763 360
2274 1128 936
2275 719 316
2276 527 163
2277 1006 689
2278 339 66
2279 598 213
2280 375 81
2281 145 12
2282 678 278
2283 635 242
2284 774 372
2285 366 77
2286 1022 716
2287 982 648
2288 843 451
2289 1031 732
2290 1088 846
2291 178 18
2292 880 498
2293 857 468
2294 1006 688
2295 614 225
2296 804 405
2297 601 215
2298 633 240
2299 615 226
2300 449 117
2301 1030 731
2302 883 502
2303 462 124
2304 835 441
2305 730 327
2306 711 309
2307 1057 782
2308 1147 982
2309 451 118
2310 408 96
2311 970 629
2312 1148 984
2313 500 146
2314 1027 725
2315 1026 723
2316 451 118
2317 1082 833
2318 1110 893
2319 740 337
2320 268 41
2321 719 316
2322 1115 905
2323 711 309
2324 933 572
2325 988 658
2326 934 574
2327 1026 724
2328 588 205
2329 920 553
2330 691 290
2331 699 297
2332 296 50
2333 1106 885
2334 817 420
2335 692 291
2336 990 661
2337 995 670
2338 913 543
2339 750 347
2340 119 8
2341 420 102
2342 1111 895
2343 1056 779
2344 920 553
2345 827 432
2346 1129 937
2347 896 519
2348 913 543
2349 395 90
2350 1019 711
2351 846 455
2352 178 18
2353 862 475
2354 815 418
2355 823 427
2356 832 438
2357 985 653
2358 619 229
2359 192 21
2360 755 352
2361 1133 947
2362 1086 840
2363 443 114
2364 601 215
2365 344 68
2366 1016 706
2367 952 600
2368 585 203
2369 659 262
2370 1110 894
2371 1101 873
2372 393 89
2373 788 387
2374 1114 902
2375 1028 727
2376 999 677
2377 1077 823
2378 1133 946
2379 639 245
2380 730 327
2381 833 439
2382 605 218
2383 1110 892
2384 1018 710
2385 664 266
2386 1045 759
2387 1079 826
2388 632 239
2389 1113 900
2390 1144 974
2391 857 468
2392 1134 950
2393 1096 862
2394 618 228
2395 151 13
2396 1007 690
2397 1096 863
2398 815 418
2399 516 156
2400 281 45
2401 478 133
2402 801 402
2403 1025 722
2404 682 282
2405 727 324
2406 878 495
2407 1011 697
2408 999 677
2409 752 349
2410 316 57
2411 923 557
2412 1085 838
2413 722 319
2414 1085 838
2415 865 478
2416 639 245
2417 700 298
2418 988 658
2419 817 420
2420 1096 863
2421 714 311
2422 641 247
2423 828 433
2424 913 543
2425 1125 928
2426 1073 813
2427 178 18
2428 965 621
2429 818 421
2430 562 187
2431 1088 846
2432 932 570
2433 939 581
2434 1126 931
2435 1068 804
2436 1129 937
2437 919 552
2438 1090 849
2439 800 401
2440 896 520
2441 1113 900
2442 875 492
2443 1010 695
2444 954 604
2445 774 372
2446 727 324
2447 940 583
2448 962 616
2449 691 290
2450 268 41
2451 1115 904
2452 1134 950
2453 845 453
2454 318 58
2455 1143 972
2456 1030 731
2457 299 51
2458 218 27
2459 1020 713
2460 865 479
2461 1001 680
2462 1099 869
2463 506 150
2464 395 90
2465 944 589
2466 1105 881
2467 1025 721
2468 1015 704
2469 898 522
2470 1031 733
2471 1005 687
2472 760 357
2473 994 667
2474 990 661
2475 693 292
2476 1034 738
2477 790 389
2478 886 506
2479 704 302
2480 811 413
2481 486 138
2482 923 558
2483 945 590
2484 944 588
2485 764 361
2486 1009 694
2487 1009 694
2488 606 219
2489 918 550
2490 839 446
2491 938 579
2492 992 664
2493 986 655
2494 930 568
2495 928 564
2496 255 37
2497 629 237
2498 304 53
2499 1151 992
2500 877 494
2501 976 639
2502 873 489
2503 1127 932
2504 1040 750
2505 794 394
2506 673 274
2507 733 330
2508 687 286
2509 574 195
2510 822 426
2511 856 467
2512 1053 774
2513 1133 946
2514 1111 896
2515 839 446
2516 835 441
2517 1020 712
2518 428 106
2519 1137 957
2520 876 493
2521 524 161
2522 1138 958
2523 1036 742
2524 558 184
2525 474 131
2526 432 108
2527 977 640
2528 145 12
2529 760 357
2530 906 533
2531 716 313
2532 954 603
2533 509 152
2534 761 358
2535 1121 918
2536 829 434
2537 983 649
2538 226 29
2539 1109 891
2540 1025 722
2541 954 604
2542 772 370
2543 713 310
2544 904 530
2545 829 434
2546 467 127
2547 602 216
2548 1000 678
2549 73 3
2550 1037 744
2551 795 395
2552 299 51
2553 618 228
2554 817 420
2555 490 140
2556 1058 783
2557 1083 834
2558 1129 937
2559 625 234
2560 838 445
2561 900 525
2562 248 35
2563 825 429
2564 924 559
2565 1153 997
2566 1150 989
2567 1045 759
2568 822 426
2569 987 656
2570 1137 957
2571 1103 878
2572 1103 877
2573 1132 945
2574 344 68
2575 806 407
2576 672 273
2577 733 330
2578 881 499
2579 938 580
2580 1097 865
2581 921 555
2582 438 111
2583 520 159
2584 1136 955
2585 545 175
2586 981 646
2587 1004 684
2588 506 150
2589 1134 950
2590 352 71
2591 359 74
2592 815 418
2593 825 429
2594 713 310
2595 1007 690
2596 765 362
2597 1037 743
2598 618 228
2599 1085 838
2600 657 260
2601 1125 927
2602 1149 986
2603 627 235
2604 651 255
2605 1060 787
2606 651 255
2607 806 407
2608 585 203
2609 1112 898
2610 649 253
2611 271 42
2612 476 132
2613 1141 966
2614 820 424
2615 1094 857
2616 1053 775
2617 321 59
2618 1057 782
2619 451 118
2620 527 163
2621 449 117
2622 859 471
2623 560 185
2624 958 609
2625 1065 797
2626 711 309
2627 891 513
2628 516 156
2629 960 613
2630 1044 757
2631 1140 963
2632 931 569
2633 230 30
2634 1048 764
2635 655 258
2636 1062 792
2637 1148 985
2638 795 395
2639 586 204
2640 581 200
2641 726 323
2642 299 51
2643 1030 731
2644 1081 830
2645 1085 838
2646 1151 993
2647 1097 865
2648 1085 838
2649 783 382
2650 973 634
2651 874 490
2652 1148 984
2653 861 473
2654 890 512
2655 934 573
2656 944 588
2657 1081 830
2658 1055 778
2659 938 579
2660 753 350
2661 1138 958
2662 1074 815
2663 1085 838
2664 500 146
2665 284 46
2666 743 340
2667 974 635
2668 623 232
2669 942 586
2670 168 16
2671 496 144
2672 1090 849
2673 73 3
2674 1096 863
2675 753 350
2676 1125 927
2677 525 162
2678 810 412
2679 651 255
2680 1104 880
2681 1021 714
2682 302 52
2683 633 240
2684 462 124
2685 814 417
2686 909 537
2687 866 480
2688 1079 826
2689 1018 710
2690 906 533
2691 907 535
2692 1073 814
2693 803 404
2694 1112 898
2695 738 335
2696 845 454
2697 845 454
2698 1070 808
2699 1077 822
2700 940 583
2701 1154 1000
2702 991 663
2703 173 17
2704 1035 740
2705 84 4
2706 890 512
2707 886 506
2708 388 87
2709 849 458
2710 806 407
2711 1102 875
2712 819 422
2713 1000 678
2714 574 195
2715 1115 904
2716 704 302
2717 1131 941
2718 516 156
2719 983 649
2720 1123 923
2721 520 159
2722 684 284
2723 564 188
2724 349 70
2725 1088 846
2726 1023 718
2727 495 143
2728 1013 700
2729 449 117
2730 937 578
2731 994 667
2732 923 558
2733 472 130
2734 805 406
2735 879 497
2736 1120 915
2737 1150 989
2738 491 141
2739 1059 785
2740 1153 998
2741 1150 990
2742 922 556
2743 418 101
2744 1153 998
2745 1038 745
2746 833 439
2747 1120 915
2748 1070 808
2749 804 405
2750 962 616
2751 977 640
2752 406 95
2753 454 120
2754 1037 744
2755 1004 684
2756 151 13
2757 1052 772
2758 364 76
2759 597 212
2760 976 638
2761 752 349
2762 483 136
2763 994 667
2764 501 147
2765 716 313
2766 890 511
2767 579 199
2768 1068 804
2769 1061 790
2770 698 296
2771 133 10
2772 934 573
2773 871 486
2774 717 314
2775 839 446
2776 764 361
2777 1044 757
2778 988 657
2779 632 239
2780 815 418
2781 410 97
2782 1147 981
2783 736 333
2784 610 222
2785 571 193
2786 892 514
2787 896 519
2788 788 387
2789 388 87
2790 942 586
2791 623 232
2792 1072 811
2793 347 69
2794 490 140
2795 1133 948
2796 698 296
2797 1146 979
2798 1104 880
2799 750 347
2800 1002 681
2801 853 463
2802 410 97
2803 1061 789
2804 1007 690
2805 549 178
2806 879 497
2807 1027 725
2808 633 240
2809 560 185
2810 1045 759
2811 986 654
2812 1126 930
2813 1133 946
2814 1099 868
2815 334 64
2816 604 217
2817 836 442
2818 1104 880
2819 948 595
2820 896 520
2821 955 605
2822 1059 786
2823 1112 897
2824 344 68
2825 976 638
2826 760 357
2827 534 168
2828 1133 948
2829 814 417
2830 989 659
2831 157 14
2832 1082 833
2833 1062 792
2834 650 254
2835 1060 787
2836 791 391
2837 1130 939
2838 571 193
2839 952 601
2840 645 250
2841 465 126
2842 843 451
2843 1093 855
2844 724 321
2845 1061 790
2846 1140 963
2847 1136 953
2848 871 486
2849 702 300
2850 145 12
2851 952 601
2852 222 28
2853 755 352
2854 968 626
2855 925 561
2856 406 95
2857 1134 950
2858 1126 931
2859 1117 910
2860 951 599
2861 719 316
2862 1125 927
2863 918 550
2864 911 540
2865 316 57
2866 1024 720
2867 178 18
2868 244 34
2869 1089 847
2870 1051 770
2871 938 580
2872 1131 943
2873 500 146
2874 1109 891
2875 958 610
2876 800 400
2877 670 271
2878 1106 884
2879 604 217
2880 557 183
2881 917 549
2882 281 45
2883 318 58
2884 371 79
2885 620 230
2886 850 460
2887 1032 735
2888 1013 701
2889 1005 686
2890 1065 798
2891 805 406
2892 854 465
2893 1152 995
2894 1130 940
2895 1048 765
2896 1025 722
2897 816 419
2898 1078 824
2899 1056 780
2900 1140 965
2901 662 264
2902 922 556
2903 995 669
2904 1085 839
2905 799 399
2906 241 33
2907 688 287
2908 825 429
2909 969 627
2910 1044 757
2911 961 614
2912 1087 843
2913 1100 870
2914 795 395
2915 1072 812
2916 1097 865
2917 1090 849
2918 813 415
2919 414 99
2920 901 527
2921 622 231
2922 1081 831
2923 1101 872
2924 886 506
2925 767 365
2926 808 410
2927 337 65
2928 1035 740
2929 666 268
2930 881 500
2931 545 175
2932 1089 847
2933 434 109
2934 778 376
2935 917 549
2936 983 650
2937 904 531
2938 1013 700
2939 945 590
2940 772 370
2941 1048 764
2942 992 664
2943 1152 994
2944 1071 810
2945 1054 776
2946 1141 966
2947 1094 857
2948 1039 747
2949 715 312
2950 1034 739
2951 694 293
2952 922 556
2953 1093 855
2954 364 76
2955 1130 940
2956 1079 826
2957 516 156
2958 1042 754
2959 675 276
2960 930 568
2961 729 326
2962 918 550
2963 1099 869
2964 925 560
2965 805 406
2966 434 109
2967 1016 706
2968 483 136
2969 878 496
2970 1068 804
2971 660 263
2972 669 270
2973 897 521
2974 796 396
2975 928 564
2976 980 644
2977 1034 738
2978 1070 807
2979 313 56
2980 1137 956
2981 1123 923
2982 534 168
2983 284 46
2984 910 539
2985 1015 704
2986 722 319
2987 1102 875
2988 1101 874
2989 622 231
2990 1136 954
2991 1061 789
2992 354 72
2993 896 520
2994 744 341
2995 831 437
2996 764 361
2997 921 555
2998 1152 994
2999 1110 893
3000 885 505
3001 900 525
3002 1112 897
3003 948 595
3004 1002 681
3005 963 618
3006 356 73
3007 922 556
3008 471 129
3009 810 412
3010 666 268
3011 873 489
3012 274 43
3013 513 154
3014 1148 983
3015 831 436
3016 403 94
3017 1094 857
3018 1114 902
3019 627 235
3020 652 256
3021 287 47
3022 684 284
3023 719 316
3024 1016 706
3025 993 666
3026 699 297
3027 696 295
3028 1086 840
3029 980 644
3030 173 17
3031 670 271
3032 403 94
3033 757 354
3034 596 211
3035 698 296
3036 899 523
3037 290 48
3038 722 319
3039 1030 730
3040 1067 801
3041 819 422
3042 641 247
3043 1133 948
3044 937 578
3045 1048 765
3046 650 254
3047 1139 961
3048 702 300
3049 486 138
3050 539 171
3051 519 158
3052 543 174
3053 1090 850
3054 746 343
3055 931 569
3056 962 616
3057 324 60
3058 1025 722
3059 1102 875
3060 721 318
3061 377 82
3062 1063 793
3063 839 446
3064 945 590
3065 641 247
3066 881 499
3067 908 536
3068 382 84
3069 1086 841
3070 1045 758
3071 1069 806
3072 824 428
3073 853 464
3074 934 574
3075 293 49
3076 860 472
3077 94 5
3078 371 79
3079 887 508
3080 1120 917
3081 73 3
3082 760 357
3083 574 195
3084 1017 707
3085 582 201
3086 988 658
3087 1026 724
3088 1042 753
3089 1036 742
3090 853 464
3091 828 433
3092 789 388
3093 646 251
3094 1025 722
3095 1091 852
3096 1132 944
3097 540 172
3098 1028 727
3099 749 346
3100 94 5
3101 1151 991
3102 820 423
3103 1062 792
3104 1079 827
3105 998 674
3106 998 675
3107 820 424
3108 1147 982
3109 652 256
3110 1154 1000
3111 949 596
3112 1071 810
3113 1103 877
3114 575 196
3115 1078 825
3116 1053 775
3117 1013 701
3118 495 143
3119 1036 742
3120 1140 965
3121 1118 912
3122 665 267
3123 978 642
3124 992 665
3125 1142 969
3126 1013 700
3127 391 88
3128 157 14
3129 807 409
3130 1067 801
3131 1023 718
3132 1039 748
3133 408 96
3134 715 312
3135 1016 705
3136 1153 997
3137 1092 853
3138 478 133
3139 1112 898
3140 214 26
3141 987 656
3142 816 419
3143 1130 939
3144 1038 745
3145 519 158
3146 747 344
3147 861 474
3148 1112 898
3149 790 389
3150 609 221
3151 565 189
3152 629 237
3153 718 315
3154 881 500
3155 675 276
3156 598 213
3157 880 498
3158 509 152
3159 749 346
3160 696 295
3161 1138 959
3162 1111 895
3163 702 300
3164 1047 763
3165 1014 702
3166 1003 683
3167 1138 959
3168 1101 873
3169 1111 895
3170 1102 876
3171 790 389
3172 990 661
3173 727 324
3174 201 23
3175 593 209
3176 944 588
3177 834 440
3178 615 226
3179 384 85
3180 735 332
3181 982 648
3182 530 165
3183 881 499
3184 481 135
3185 1080 829
3186 1090 849
3187 1148 985
3188 902 528
3189 698 296
3190 928 564
3191 855 466
3192 1091 851
3193 928 564
3194 1083 835
3195 657 260
3196 560 185
3197 1050 768
3198 481 135
3199 1120 916
3200 748 345
3201 765 362
3202 671 272
3203 488 139
3204 534 168
3205 1039 748
3206 1133 948
3207 1137 956
3208 931 569
3209 1148 985
3210 890 512
3211 1026 723
3212 760 357
3213 996 672
3214 1150 989
3215 722 319
3216 1008 692
3217 834 440
3218 1048 764
3219 509 152
3220 214 26
3221 880 498
3222 1129 938
3223 560 185
3224 443 114
3225 1133 946
3226 145 12
3227 1069 806
3228 812 414
3229 1131 942
3230 994 667
3231 840 447
3232 817 420
3233 965 620
3234 375 81
3235 726 323
3236 426 105
3237 1086 840
3238 1123 922
3239 588 205
3240 765 362
3241 1079 827
3242 1064 796
3243 1142 970
3244 555 182
3245 949 596
3246 995 670
3247 1054 776
3248 782 381
3249 1109 891
3250 1120 916
3251 1059 785
3252 959 611
3253 872 488
3254 716 313
3255 463 125
3256 1127 933
3257 313 56
3258 942 586
3259 938 579
3260 749 346
3261 1066 800
3262 983 650
3263 334 64
3264 339 66
3265 1131 943
3266 996 672
3267 845 453
3268 898 522
3269 957 608
3270 571 193
3271 818 421
3272 543 174
3273 711 309
3274 324 60
3275 984 652
3276 851 461
3277 917 549
3278 1097 865
3279 1078 824
3280 756 353
3281 555 182
3282 1006 689
3283 922 556
3284 974 635
3285 926 562
3286 1126 929
3287 1046 760
3288 1021 714
3289 825 430
3290 620 230
3291 978 641
3292 1080 829
3293 695 294
3294 800 401
3295 1114 903
3296 1140 964
3297 904 530
3298 994 667
3299 897 521
3300 1083 834
3301 675 276
3302 1139 962
3303 1042 754
3304 304 53
3305 453 119
3306 988 658
3307 1045 759
3308 999 676
3309 498 145
3310 1134 949
3311 670 271
3312 1014 703
3313 848 457
3314 1133 947
3315 1122 921
3316 943 587
3317 1142 969
3318 936 577
3319 972 632
3320 868 483
3321 965 620
3322 589 206
3323 849 458
3324 1138 959
3325 1046 761
3326 1101 873
3327 727 324
3328 439 112
3329 995 669
3330 540 172
3331 533 167
3332 1119 913
3333 1027 725
3334 183 19
3335 1085 838
3336 746 343
3337 988 657
3338 767 365
3339 1044 757
3340 861 474
3341 1020 713
3342 1119 913
3343 948 595
3344 1082 833
3345 928 564
3346 1042 754
3347 680 280
3348 973 633
3349 1068 803
3350 1013 700
3351 878 495
3352 1114 903
3353 359 74
3354 863 476
3355 639 245
3356 546 176
3357 705 303
3358 1101 874
3359 1081 831
3360 807 408
3361 293 49
3362 909 538
3363 438 111
3364 388 87
3365 644 249
3366 858 470
3367 1142 968
3368 1124 925
3369 476 132
3370 1106 885
3371 894 517
3372 611 223
3373 825 430
3374 545 175
3375 1120 917
3376 1081 831
3377 545 175
3378 722 319
3379 891 513
3380 371 79
3381 1047 762
3382 1066 799
3383 759 356
3384 1096 862
3385 1006 689
3386 1077 822
3387 904 530
3388 931 569
3389 1146 978
3390 894 517
3391 835 441
3392 1083 834
3393 735 332
3394 685 285
3395 787 386
3396 804 405
3397 1079 826
3398 1087 842
3399 715 312
3400 491 141
3401 600 214
3402 1030 730
3403 1093 855
3404 904 531
3405 1114 903
3406 1045 759
3407 901 526
3408 859 471
3409 856 467
3410 908 536
3411 1057 781
3412 1060 788
3413 226 29
3414 460 123
3415 1032 735
3416 662 264
3417 601 215
3418 961 614
3419 786 385
3420 958 609
3421 1108 888
3422 662 264
3423 820 424
3424 1041 752
3425 982 648
3426 1103 877
3427 945 590
3428 524 161
3429 1128 934
3430 896 519
3431 1000 678
3432 524 161
3433 653 257
3434 876 493
3435 802 403
3436 1144 974
3437 910 539
3438 1100 871
3439 1026 724
3440 958 610
3441 451 118
3442 533 167
3443 904 531
3444 807 408
3445 397 91
3446 879 497
3447 1132 944
3448 917 549
3449 745 342
3450 527 163
3451 801 402
3452 611 223
3453 1136 955
3454 658 261
3455 923 558
3456 997 673
3457 274 43
3458 537 170
3459 326 61
3460 1150 989
3461 1154 999
3462 1088 845
3463 1059 786
3464 913 543
3465 862 475
3466 989 660
3467 885 505
3468 785 384
3469 647 252
3470 925 560
3471 1108 889
3472 1050 769
3473 615 226
3474 1034 738
3475 1021 714
3476 780 379
3477 420 102
3478 901 527
3479 438 111
3480 577 197
3481 530 165
3482 990 661
3483 1040 749
3484 985 653
3485 561 186
3486 1064 795
3487 1149 986
3488 366 77
3489 406 95
3490 766 364
3491 912 542
3492 884 503
3493 881 500
3494 727 324
3495 1120 916
3496 1139 961
3497 620 230
3498 707 305
3499 963 618
3500 1098 866
3501 756 353
3502 537 170
3503 831 436
3504 1152 994
3505 956 606
3506 709 307
3507 781 380
3508 1124 925
3509 736 333
3510 777 375
3511 744 341
3512 558 184
3513 585 203
3514 989 660
3515 1030 730
3516 525 162
3517 667 269
3518 1119 914
3519 980 644
3520 647 252
3521 910 539
3522 735 332
3523 903 529
3524 968 625
3525 1081 830
3526 1088 844
3527 1018 709
3528 981 646
3529 879 497
3530 1025 722
3531 382 84
3532 836 442
3533 486 138
3534 543 174
3535 851 461
3536 1144 975
3537 1152 994
3538 1108 889
3539 119 8
3540 632 239
3541 571 193
3542 1142 968
3543 1142 968
3544 714 311
3545 801 402
3546 1132 944
3547 655 258
3548 1114 902
3549 658 261
3550 953 602
3551 759 356
3552 745 342
3553 1045 759
3554 792 392
3555 858 470
3556 749 346
3557 616 227
3558 1073 814
3559 683 283
3560 940 582
3561 965 620
3562 807 409
3563 1020 713
3564 988 658
3565 919 552
3566 274 43
3567 462 124
3568 371 79
3569 1128 934
3570 1008 692
3571 971 630
3572 1014 703
3573 1142 968
3574 983 650
3575 1030 730
3576 168 16
3577 513 154
3578 1025 722
3579 1153 996
3580 594 210
3581 853 464
3582 1146 980
3583 998 674
3584 145 12
3585 868 483
3586 59 2
3587 619 229
3588 937 578
3589 1072 812
3590 509 152
3591 930 568
3592 1082 833
3593 579 199
3594 1018 709
3595 1141 967
3596 800 401
3597 947 593
3598 716 313
3599 807 409
3600 625 234
3601 973 634
3602 719 316
3603 1151 991
3604 1062 791
3605 183 19
3606 736 333
3607 645 250
3608 304 53
3609 690 289
3610 1028 728
3611 1135 952
3612 751 348
3613 698 296
3614 950 598
3615 839 446
3616 1140 964
3617 590 207
3618 614 225
3619 533 167
3620 1038 745
3621 749 346
3622 1113 900
3623 1083 835
3624 962 616
3625 472 130
3626 368 78
3627 820 424
3628 966 623
3629 890 511
3630 265 40
3631 1092 853
3632 581 200
3633 495 143
3634 968 626
3635 1059 785
3636 934 573
3637 943 587
3638 511 153
3639 834 440
3640 1052 773
3641 896 520
3642 911 540
3643 790 389
3644 530 165
3645 856 467
3646 1075 817
3647 1132 945
3648 914 544
3649 145 12
3650 564 188
3651 1055 778
3652 520 159
3653 875 491
3654 835 441
3655 959 612
3656 973 633
3657 961 614
3658 1091 852
3659 916 547
3660 743 340
3661 1062 792
3662 534 168
3663 1138 958
3664 604 217
3665 998 675
3666 145 12
3667 852 462
3668 788 387
3669 1096 863
3670 1118 911
3671 528 164
3672 1097 864
3673 957 608
3674 959 612
3675 94 5
3676 1053 774
3677 1113 899
3678 1147 982
3679 582 201
3680 1141 967
3681 522 160
3682 965 621
3683 643 248
3684 226 29
3685 1011 697
3686 622 231
3687 1039 747
3688 1061 790
3689 716 313
3690 1148 984
3691 884 504
3692 1104 880
3693 157 14
3694 968 625
3695 519 158
3696 1095 861
3697 1118 912
3698 251 36
3699 447 116
3700 896 520
3701 233 31
3702 577 197
3703 695 294
3704 895 518
3705 784 383
3706 133 10
3707 354 72
3708 783 382
3709 201 23
3710 597 212
3711 1138 960
3712 1038 745
3713 401 93
3714 1133 948
3715 924 559
3716 1020 713
3717 616 227
3718 1114 902
3719 237 32
3720 980 645
3721 1110 893
3722 265 40
3723 1078 824
3724 809 411
3725 454 120
3726 527 163
3727 528 164
3728 1073 813
3729 1117 908
3730 786 385
3731 1103 877
3732 803 404
3733 430 107
3734 955 605
3735 768 366
3736 799 399
3737 1125 927
3738 928 565
3739 1143 972
3740 838 445
3741 438 111
3742 1072 811
3743 911 541
3744 923 558
3745 500 146
3746 946 591
3747 614 225
3748 192 21
3749 732 329
3750 852 462
3751 1091 852
3752 1135 952
3753 1016 705
3754 761 358
3755 1033 737
3756 578 198
3757 1036 742
3758 679 279
3759 622 231
3760 907 535
3761 891 513
3762 615 226
3763 237 32
3764 1024 720
3765 514 155
3766 491 141
3767 894 517
3768 938 580
3769 901 527
3770 565 189
3771 537 170
3772 1143 971
3773 1072 811
3774 904 531
3775 925 560
3776 1036 742
3777 820 423
3778 1111 895
3779 1147 981
3780 334 64
3781 1003 683
3782 1100 871
3783 1147 981
3784 976 638
3785 882 501
3786 1145 976
3787 145 12
3788 1077 823
3789 119 8
3790 616 227
3791 1067 801
3792 1099 869
3793 798 398
3794 690 289
3795 1052 773
3796 537 170
3797 1135 951
3798 508 151
3799 393 89
3800 1003 683
3801 388 87
3802 1120 915
3803 1034 739
3804 1089 848
3805 701 299
3806 516 156
3807 779 377
3808 681 281
3809 743 340
3810 711 309
3811 683 283
3812 572 194
3813 842 450
3814 1051 770
3815 326 61
3816 853 463
3817 1108 889
3818 592 208
3819 458 122
3820 1097 864
3821 1148 983
3822 814 417
3823 1129 938
3824 1131 942
3825 321 59
3826 506 150
3827 657 260
3828 445 115
3829 777 375
3830 958 610
3831 965 620
3832 981 646
3833 406 95
3834 1120 917
3835 791 390
3836 999 676
3837 688 287
3838 1131 942
3839 1128 936
3840 940 583
3841 210 25
3842 354 72
3843 1051 771
3844 788 387
3845 564 188
3846 619 229
3847 1071 810
3848 904 531
3849 934 573
3850 1040 749
3851 1087 842
3852 941 584
3853 699 297
3854 987 656
3855 1033 736
3856 904 530
3857 996 672
3858 371 79
3859 1084 837
3860 1048 764
3861 647 252
3862 934 574
3863 1095 861
3864 789 388
3865 961 615
3866 1031 733
3867 458 122
3868 671 272
3869 807 408
3870 998 674
3871 1036 741
3872 1132 945
3873 971 630
3874 972 631
3875 805 406
3876 701 299
3877 780 378
3878 133 10
3879 1061 790
3880 862 475
3881 1006 689
3882 865 479
3883 984 652
3884 568 191
3885 546 176
3886 652 256
3887 980 644
3888 879 497
3889 1096 862
3890 928 565
3891 1122 921
3892 1146 980
3893 1120 916
3894 1133 948
3895 905 532
3896 796 396
3897 481 135
3898 931 569
3899 571 193
3900 725 322
3901 744 341
3902 971 630
3903 897 521
3904 791 390
3905 959 611
3906 516 156
3907 978 642
3908 1051 770
3909 970 629
3910 1028 728
3911 1033 736
3912 1061 789
3913 531 166
3914 1150 990
3915 522 160
3916 1110 893
3917 868 482
3918 1122 921
3919 1010 695
3920 674 275
3921 830 435
3922 1126 929
3923 1036 742
3924 73 3
3925 903 529
3926 428 106
3927 1148 985
3928 936 576
3929 967 624
3930 1130 939
3931 1105 882
3932 989 660
3933 720 317
3934 447 116
3935 963 618
3936 347 69
3937 1097 865
3938 157 14
3939 511 153
3940 1046 761
3941 1091 852
3942 1151 991
3943 834 440
3944 380 83
3945 1105 882
3946 1143 971
3947 230 30
3948 1063 794
3949 672 273
3950 1143 971
3951 981 647
3952 633 240
3953 968 625
3954 716 313
3955 761 358
3956 828 433
3957 537 170
3958 873 489
3959 719 316
3960 1135 952
3961 653 257
3962 1034 738
3963 1128 934
3964 881 500
3965 909 538
3966 1136 954
3967 983 650
3968 936 576
3969 865 478
3970 970 629
3971 456 121
3972 386 86
3973 438 111
3974 840 447
3975 996 671
3976 1043 755
3977 590 207
3978 503 148
3979 543 174
3980 819 422
3981 719 316
3982 1131 942
3983 1040 750
3984 958 609
3985 805 406
3986 632 239
3987 930 568
3988 1053 774
3989 670 271
3990 296 50
3991 720 317
3992 271 42
3993 756 353
3994 1073 814
3995 1116 907
3996 564 188
3997 397 91
3998 1087 842
3999 715 312
4000 531 166
4001 1039 748
4002 1142 970
4003 1060 788
4004 1021 715
4005 1121 918
4006 1148 984
4007 1076 819
4008 1138 959
4009 789 388
4010 1091 851
4011 592 208
4012 1007 690
4013 1126 931
4014 596 211
4015 758 355
4016 685 285
4017 1068 804
4018 765 362
4019 514 155
4020 948 594
4021 633 240
4022 1026 724
4023 84 4
4024 1066 799
4025 937 578
4026 1125 927
4027 1146 978
4028 1116 907
4029 872 488
4030 994 667
4031 516 156
4032 1135 951
4033 1042 754
4034 1149 987
4035 968 625
4036 1062 791
4037 920 553
4038 988 658
4039 1013 701
4040 1040 750
4041 841 449
4042 1107 886
4043 542 173
4044 811 413
4045 531 166
4046 643 248
4047 839 446
4048 1039 747
4049 787 386
4050 1116 906
4051 1126 930
4052 870 485
4053 864 477
4054 981 647
4055 794 394
4056 290 48
4057 1130 939
4058 1144 973
4059 938 580
4060 126 9
4061 1101 874
4062 791 390
4063 971 630
4064 564 188
4065 1089 848
4066 973 634
4067 1015 704
4068 749 346
4069 633 240
4070 1080 829
4071 966 622
4072 739 336
4073 934 574
4074 896 519
4075 849 459
4076 678 278
4077 1100 870
4078 352 71
4079 951 599
4080 1092 853
4081 509 152
4082 568 191
4083 1030 730
4084 1097 864
4085 704 302
4086 514 155
4087 995 670
4088 948 595
4089 1146 980
4090 624 233
4091 1028 728
4092 833 439
4093 233 31
4094 867 481
4095 230 30
4096 1043 755
4097 805 406
4098 151 13
4099 978 642
4100 586 204
4101 1130 940
4102 1038 746
4103 851 461
4104 752 349
4105 816 419
4106 449 117
4107 759 356
4108 986 655
4109 511 153
4110 481 135
4111 1100 870
4112 765 362
4113 839 446
4114 1108 889
4115 803 404
4116 748 345
4117 719 316
4118 623 232
4119 924 559
4120 958 610
4121 917 549
4122 1050 769
4123 720 317
4124 692 291
4125 1135 952
4126 1147 981
4127 710 308
4128 1096 862
4129 1088 845
4130 971 630
4131 917 549
4132 934 573
4133 802 403
4134 962 616
4135 886 506
4136 889 510
4137 662 264
4138 1050 768
4139 508 151
4140 784 383
4141 456 121
4142 1089 848
4143 618 228
4144 926 562
4145 775 373
4146 1086 840
4147 689 288
4148 772 370
4149 839 446
4150 1100 870
4151 919 551
4152 503 148
4153 1045 759
4154 840 447
4155 882 501
4156 453 119
4157 567 190
4158 539 171
4159 1115 905
4160 1152 995
4161 875 491
4162 462 124
4163 842 450
4164 711 309
4165 233 31
4166 162 15
4167 990 661
4168 867 481
4169 721 318
4170 1010 696
4171 586 204
4172 695 294
4173 1120 916
4174 691 290
4175 826 431
4176 928 565
4177 627 235
4178 995 669
4179 111 7
4180 428 106
4181 823 427
4182 1069 805
4183 255 37
4184 983 649
4185 265 40
4186 925 561
4187 976 639
4188 1115 905
4189 1111 896
4190 1038 745
4191 380 83
4192 727 324
4193 1082 833
4194 1128 935
4195 59 2
4196 504 149
4197 520 159
4198 368 78
4199 600 214
4200 334 64
4201 1126 931
4202 1014 702
4203 899 523
4204 1130 940
4205 970 628
4206 955 605
4207 861 473
4208 893 516
4209 822 426
4210 1081 830
4211 820 423
4212 644 249
4213 1031 733
4214 753 350
4215 635 242
4216 800 401
4217 1101 874
4218 968 625
4219 959 611
4220 1113 899
4221 630 238
4222 1115 905
4223 905 532
4224 914 544
4225 1070 808
4226 846 455
4227 1113 900
4228 248 35
4229 501 147
4230 919 551
4231 1073 813
4232 1046 761
4233 1029 729
4234 424 104
4235 989 660
4236 749 346
4237 847 456
4238 914 545
4239 268 41
4240 703 301
4241 972 632
4242 434 109
4243 963 618
4244 1041 751
4245 539 171
4246 1111 895
4247 1017 708
4248 597 212
4249 719 316
4250 1103 878
4251 948 594
4252 447 116
4253 723 320
4254 537 170
4255 938 579
4256 1121 919
4257 1125 927
4258 789 388
4259 651 255
4260 1129 937
4261 1030 731
4262 1126 930
4263 318 58
4264 1141 966
4265 310 55
4266 952 600
4267 1074 816
4268 403 94
4269 581 200
4270 791 391
4271 826 431
4272 978 642
4273 1023 719
4274 375 81
4275 820 423
4276 1035 740
4277 281 45
4278 244 34
4279 980 644
4280 943 587
4281 649 253
4282 643 248
4283 486 138
4284 693 292
4285 865 478
4286 980 644
4287 925 560
4288 1020 713
4289 403 94
4290 1118 911
4291 944 589
4292 981 646
4293 976 639
4294 1065 797
4295 761 358
4296 1107 886
4297 528 164
4298 1088 844
4299 923 557
4300 655 258
4301 875 492
4302 923 557
4303 868 483
4304 1002 681
4305 981 646
4306 829 434
4307 436 110
4308 1082 833
4309 1102 875
4310 1053 774
4311 1130 939
4312 1146 980
4313 1074 815
4314 1148 984
4315 629 237
4316 964 619
4317 205 24
4318 1058 783
4319 665 267
4320 906 534
4321 588 205
4322 659 262
4323 1031 733
4324 764 361
4325 1049 767
4326 920 553
4327 1151 991
4328 653 257
4329 717 314
4330 1027 726
4331 797 397
4332 462 124
4333 530 165
4334 1040 749
4335 825 429
4336 1060 788
4337 542 173
4338 992 664
4339 890 511
4340 540 172
4341 832 438
4342 562 187
4343 670 271
4344 1067 801
4345 794 394
4346 875 492
4347 807 409
4348 441 113
4349 713 310
4350 809 411
4351 1113 900
4352 310 55
4353 382 84
4354 1030 731
4355 946 592
4356 824 428
4357 218 27
4358 806 407
4359 495 143
4360 924 559
4361 771 369
4362 818 421
4363 791 391
4364 479 134
4365 126 9
4366 1065 798
4367 639 245
4368 780 378
4369 1022 716
4370 932 571
4371 862 475
4372 930 567
4373 1113 900
4374 925 561
4375 133 10
4376 1086 840
4377 938 580
4378 403 94
4379 1046 760
4380 940 583
4381 316 57
4382 582 201
4383 1047 763
4384 625 234
4385 994 667
4386 818 421
4387 1123 924
4388 1005 687
4389 1130 940
4390 258 38
4391 384 85
4392 834 440
4393 986 655
4394 644 249
4395 909 538
4396 913 543
4397 1119 914
4398 941 584
4399 1143 971
4400 701 299
4401 810 412
4402 364 76
4403 890 512
4404 1015 704
4405 791 391
4406 807 408
4407 921 555
4408 414 99
4409 713 310
4410 251 36
4411 821 425
4412 856 467
4413 1082 832
4414 890 511
4415 963 617
4416 800 401
4417 1017 707
4418 1017 708
4419 937 578
4420 391 88
4421 988 657
4422 811 413
4423 498 145
4424 304 53
4425 928 565
4426 500 146
4427 1066 800
4428 1081 831
4429 923 558
4430 979 643
4431 698 296
4432 168 16
4433 1140 963
4434 909 537
4435 570 192
4436 854 465
4437 818 421
4438 582 201
4439 635 242
4440 1006 689
4441 1033 737
4442 866 480
4443 597 212
4444 1148 983
4445 1116 906
4446 799 399
4447 1060 788
4448 1017 707
4449 868 482
4450 908 536
4451 843 451
4452 1074 816
4453 571 193
4454 1124 926
4455 1136 955
4456 1048 764
4457 1052 772
4458 1042 753
4459 484 137
4460 871 486
4461 961 615
4462 201 23
4463 749 346
4464 896 519
4465 816 419
4466 416 100
4467 393 89
4468 716 313
4469 853 464
4470 583 202
4471 1001 679
4472 561 186
4473 875 491
4474 681 281
4475 1126 929
4476 874 490
4477 210 25
4478 1148 984
4479 1153 998
4480 834 440
4481 1034 738
4482 293 49
4483 950 598
4484 373 80
4485 307 54
4486 834 440
4487 701 299
4488 201 23
4489 445 115
4490 84 4
4491 692 291
4492 980 645
4493 666 268
4494 347 69
4495 514 155
4496 410 97
4497 916 547
4498 910 539
4499 857 469
4500 827 432
4501 1114 903
4502 1144 973
4503 342 67
4504 1019 711
4505 966 622
4506 406 95
4507 241 33
4508 1012 699
4509 597 212
4510 937 578
4511 753 350
4512 643 248
4513 1011 697
4514 986 655
4515 959 611
4516 896 519
4517 1041 751
4518 1088 844
4519 1109 890
4520 1027 725
4521 903 529
4522 1040 749
4523 1135 951
4524 749 346
4525 304 53
4526 742 339
4527 1098 866
4528 162 15
4529 874 490
4530 996 672
4531 1047 763
4532 1107 887
4533 874 490
4534 1059 785
4535 759 356
4536 420 102
4537 879 497
4538 513 154
4539 948 594
4540 735 332
4541 1079 827
4542 900 525
4543 1146 980
4544 1123 923
4545 1011 697
4546 1109 891
4547 1116 906
4548 759 356
4549 1022 716
4550 671 272
4551 678 278
4552 1023 718
4553 853 464
4554 892 514
4555 812 414
4556 981 647
4557 244 34
4558 674 275
4559 1028 727
4560 1070 808
4561 594 210
4562 874 490
4563 959 611
4564 1008 692
4565 1079 826
4566 1134 949
4567 887 508
4568 456 121
4569 928 564
4570 377 82
4571 819 422
4572 838 445
4573 651 255
4574 724 321
4575 1101 872
4576 511 153
4577 210 25
4578 709 307
4579 734 331
4580 973 633
4581 349 70
4582 639 245
4583 968 625
4584 691 290
4585 406 95
4586 639 245
4587 929 566
4588 849 458
4589 684 284
4590 750 347
4591 1105 882
4592 380 83
4593 1055 778
4594 1006 689
4595 1004 685
4596 509 152
4597 1127 933
4598 758 355
4599 707 305
4600 1117 910
4601 961 615
4602 834 440
4603 501 147
4604 1117 908
4605 197 22
4606 307 54
4607 968 626
4608 562 187
4609 1119 913
4610 524 161
4611 971 630
4612 980 645
4613 1102 875
4614 989 660
4615 663 265
4616 582 201
4617 1041 751
4618 1134 949
4619 1059 785
4620 825 429
4621 903 529
4622 876 493
4623 1026 723
4624 749 346
4625 943 587
4626 1124 926
4627 1063 793
4628 980 644
4629 887 508
4630 963 618
4631 1137 957
4632 924 559
4633 909 538
4634 625 234
4635 539 171
4636 926 562
4637 771 369
4638 893 516
4639 1119 914
4640 310 55
4641 1139 962
4642 462 124
4643 856 467
4644 1132 944
4645 782 381
4646 274 43
4647 1050 768
4648 1152 995
4649 761 358
4650 655 258
4651 737 334
4652 651 255
4653 1152 995
4654 1033 736
4655 1143 971
4656 999 677
4657 1017 707
4658 1125 927
4659 546 176
4660 1081 831
4661 483 136
4662 1091 851
4663 1144 975
4664 836 443
4665 804 405
4666 904 530
4667 255 37
4668 613 224
4669 571 193
4670 447 116
4671 1115 905
4672 986 655
4673 133 10
4674 501 147
4675 1021 715
4676 646 251
4677 794 394
4678 564 188
4679 226 29
4680 885 505
4681 281 45
4682 575 196
4683 226 29
4684 834 440
4685 1037 744
4686 922 556
4687 496 144
4688 963 618
4689 1064 795
4690 894 517
4691 914 544
4692 241 33
4693 1135 952
4694 1150 988
4695 705 303
4696 772 370
4697 624 233
4698 995 670
4699 393 89
4700 989 660
4701 491 141
4702 530 165
4703 760 357
4704 958 609
4705 1146 979
4706 982 648
4707 1048 764
4708 970 628
4709 302 52
4710 451 118
4711 739 336
4712 740 337
4713 1048 765
4714 727 324
4715 737 334
4716 483 136
4717 691 290
4718 614 225
4719 810 412
4720 1063 794
4721 1072 812
4722 653 257
4723 836 443
4724 926 562
4725 1146 980
4726 1144 975
4727 775 373
4728 975 636
4729 1018 709
4730 689 288
4731 201 23
4732 820 424
4733 728 325
4734 923 558
4735 853 464
4736 859 471
4737 1120 915
4738 709 307
4739 623 232
4740 970 629
4741 178 18
4742 914 545
4743 426 105
4744 923 557
4745 145 12
4746 967 624
4747 786 385
4748 996 672
4749 313 56
4750 1046 760
4751 1153 998
4752 1121 918
4753 1040 749
4754 1129 938
4755 896 520
4756 886 506
4757 380 83
4758 1119 914
4759 1016 705
4760 293 49
4761 866 480
4762 1107 887
4763 469 128
4764 73 3
4765 42 1
4766 1132 945
4767 861 473
4768 698 296
4769 817 420
4770 655 258
4771 791 390
4772 944 588
4773 1056 780
4774 1052 773
4775 814 417
4776 302 52
4777 735 332
4778 815 418
4779 660 263
4780 669 270
4781 1071 810
4782 1028 727
4783 506 150
4784 618 228
4785 744 341
4786 422 103
4787 1018 710
4788 42 1
4789 820 424
4790 913 543
4791 875 492
4792 891 513
4793 949 596
4794 726 323
4795 915 546
4796 1080 829
4797 1042 753
4798 685 285
4799 807 408
4800 565 189
4801 1073 813
4802 1081 830
4803 1096 862
4804 1109 891
4805 998 674
4806 674 275
4807 1100 870
4808 971 630
4809 1095 860
4810 1108 888
4811 950 598
4812 803 404
4813 334 64
4814 778 376
4815 824 428
4816 729 326
4817 420 102
4818 772 370
4819 679 279
4820 1085 839
4821 1078 824
4822 1065 797
4823 994 668
4824 1103 877
4825 996 672
4826 226 29
4827 846 455
4828 578 198
4829 694 293
4830 377 82
4831 804 405
4832 693 292
4833 966 622
4834 662 264
4835 1020 712
4836 1090 849
4837 984 652
4838 814 417
4839 757 354
4840 665 267
4841 1133 948
4842 1048 764
4843 1093 856
4844 972 632
4845 932 571
4846 1119 913
4847 834 440
4848 1087 843
4849 722 319
4850 1021 715
4851 692 291
4852 888 509
4853 528 164
4854 1072 812
4855 1030 731
4856 975 636
4857 1120 916
4858 501 147
4859 504 149
4860 1121 918
4861 542 173
4862 903 529
4863 354 72
4864 889 510
4865 791 391
4866 1096 863
4867 1026 724
4868 1032 734
4869 474 131
4870 848 457
4871 994 668
4872 726 323
4873 944 588
4874 658 261
4875 974 635
4876 564 188
4877 644 249
4878 893 516
4879 953 602
4880 274 43
4881 1094 857
4882 1028 728
4883 334 64
4884 241 33
4885 934 573
4886 1140 964
4887 613 224
4888 990 661
4889 987 656
4890 799 399
4891 1150 990
4892 945 590
4893 808 410
4894 1093 856
4895 634 241
4896 965 620
4897 977 640
4898 635 242
4899 772 370
4900 1109 890
4901 744 341
4902 653 257
4903 899 523
4904 776 374
4905 928 565
4906 1012 699
4907 716 313
4908 1128 935
4909 666 268
4910 373 80
4911 849 458
4912 995 670
4913 244 34
4914 998 674
4915 453 119
4916 870 485
4917 942 585
4918 1150 989
4919 830 435
4920 377 82
4921 985 653
4922 1005 687
4923 992 665
4924 1056 780
4925 472 130
4926 126 9
4927 511 153
4928 1123 924
4929 880 498
4930 709 307
4931 1068 803
4932 906 534
4933 1110 892
4934 802 403
4935 1129 937
4936 649 253
4937 694 293
4938 729 326
4939 1101 873
4940 909 537
4941 968 626
4942 1013 701
4943 1142 969
4944 1056 780
4945 954 603
4946 1098 866
4947 604 217
4948 982 648
4949 1123 922
4950 991 663
4951 84 4
4952 1055 778
4953 268 41
4954 782 381
4955 819 422
4956 1109 890
4957 1093 855
4958 1075 818
4959 493 142
4960 872 488
4961 361 75
4962 375 81
4963 1044 757
4964 1006 688
4965 1014 703
4966 737 334
4967 1045 758
4968 945 590
4969 923 558
4970 1131 943
4971 823 427
4972 472 130
4973 1103 877
4974 709 307
4975 1110 893
4976 703 301
4977 797 397
4978 1018 710
4979 462 124
4980 808 410
4981 1019 711
4982 274 43
4983 585 203
4984 876 493
4985 1077 822
4986 1093 856
4987 1150 989
4988 791 391
4989 827 432
4990 504 149
4991 561 186
4992 1093 855
4993 255 37
4994 796 396
4995 178 18
4996 968 626
4997 839 446
4998 741 338
4999 1128 936
5000 1064 795
