5000 1132864 16_5000_1000_246
1 1104 880
2 1139 961
3 1059 786
4 791 390
5 916 548
6 849 459
7 1008 692
8 704 302
9 740 337
10 752 349
11 800 401
12 720 317
13 876 493
14 1133 948
15 1054 777
16 805 406
17 992 664
18 1068 804
19 1077 821
20 1095 860
21 693 292
22 293 49
23 1144 974
24 708 306
25 910 539
26 861 473
27 682 282
28 1002 682
29 1084 836
30 1136 955
31 568 191
32 1012 698
33 531 166
34 293 49
35 986 654
36 1154 999
37 788 387
38 707 305
39 624 233
40 1124 926
41 825 430
42 731 328
43 1035 740
44 811 413
45 882 501
46 1150 989
47 611 223
48 1154 999
49 813 415
50 503 148
51 593 209
52 1065 797
53 1120 917
54 1070 807
55 923 558
56 1008 692
57 825 429
58 630 238
59 822 426
60 1065 797
61 1055 778
62 483 136
63 344 68
64 1046 760
65 1065 797
66 896 519
67 1133 947
68 1111 896
69 865 479
70 558 184
71 758 355
72 316 57
73 758 355
74 860 472
75 740 337
76 84 4
77 860 472
78 840 447
79 244 34
80 780 378
81 542 173
82 1058 784
83 1093 856
84 1084 836
85 1146 979
86 660 263
87 1064 796
88 835 441
89 845 454
90 42 1
91 1044 756
92 509 152
93 789 388
94 611 223
95 839 446
96 210 25
97 726 323
98 1094 858
99 1143 971
100 799 399
101 1151 991
102 1135 952
103 1036 741
104 1111 896
105 821 425
106 1092 853
107 1097 864
108 1146 979
109 853 464
110 321 59
111 657 260
112 1058 784
113 1056 780
114 993 666
115 952 600
116 984 651
117 752 349
118 641 247
119 972 632
120 681 281
121 1122 920
122 748 345
123 237 32
124 821 425
125 359 74
126 520 159
127 746 343
128 1031 732
129 849 458
130 1012 699
131 775 373
132 1150 989
133 1112 898
134 663 265
135 222 28
136 561 186
137 1049 767
138 919 552
139 1059 785
140 558 184
141 869 484
142 813 415
143 638 244
144 842 450
145 664 266
146 925 561
147 1039 747
148 548 177
149 1056 779
150 524 161
151 616 227
152 326 61
153 765 362
154 768 366
155 1141 967
156 1116 906
157 994 668
158 1010 695
159 1138 958
160 627 235
161 931 569
162 1078 824
163 755 352
164 646 251
165 1095 859
166 823 427
167 1016 705
168 420 102
169 1022 716
170 1144 975
171 304 53
172 970 628
173 1146 980
174 817 420
175 356 73
176 934 574
177 1122 921
178 933 572
179 483 136
180 1138 959
181 1048 765
182 1091 852
183 636 243
184 893 515
185 974 635
186 408 96
187 826 431
188 583 202
189 1083 834
190 337 65
191 414 99
192 776 374
193 168 16
194 836 442
195 858 470
196 952 600
197 762 359
198 1027 726
199 588 205
200 630 238
201 1079 826
202 675 276
203 549 178
204 755 352
205 908 536
206 460 123
207 736 333
208 1000 678
209 483 136
210 894 517
211 754 351
212 1146 979
213 887 507
214 1053 775
215 1098 866
216 900 525
217 782 381
218 826 431
219 741 338
220 1097 865
221 751 348
222 1040 749
223 895 518
224 974 635
225 1151 991
226 1139 962
227 1032 734
228 980 644
229 951 599
230 1043 755
231 825 430
232 1090 849
233 827 432
234 832 438
235 1098 866
236 1039 747
237 1025 721
238 979 643
239 1058 784
240 1042 753
241 946 591
242 887 507
243 723 320
244 1107 886
245 986 654
246 1153 996
247 197 22
248 1101 873
249 287 47
250 1143 972
251 995 670
252 1101 872
253 673 274
254 1029 729
255 930 567
256 1017 707
257 600 214
258 386 86
259 1078 825
260 233 31
261 974 635
262 522 160
263 783 382
264 866 480
265 826 431
266 934 573
267 922 556
268 151 13
269 990 661
270 862 475
271 1104 880
272 233 31
273 1073 814
274 1093 855
275 693 292
276 947 593
277 916 548
278 1149 987
279 1075 817
280 1071 809
281 861 474
282 347 69
283 478 133
284 463 125
285 944 589
286 877 494
287 986 654
288 853 463
289 985 653
290 546 176
291 811 413
292 885 505
293 831 436
294 956 607
295 278 44
296 835 441
297 995 669
298 560 185
299 1077 823
300 1134 949
301 819 422
302 703 301
303 1147 982
304 168 16
305 986 654
306 907 535
307 716 313
308 1030 731
309 679 279
310 271 42
311 1126 930
312 1064 796
313 1064 796
314 954 604
315 451 118
316 855 466
317 989 659
318 703 301
319 824 428
320 736 333
321 796 396
322 438 111
323 596 211
324 59 2
325 241 33
326 907 535
327 1132 944
328 255 37
329 954 603
330 942 586
331 845 453
332 465 126
333 801 402
334 853 464
335 979 643
336 364 76
337 711 309
338 1069 805
339 1033 736
340 774 372
341 598 213
342 583 202
343 1126 929
344 874 490
345 1066 799
346 884 503
347 1078 825
348 944 589
349 420 102
350 432 108
351 310 55
352 1077 823
353 490 140
354 904 531
355 540 172
356 1012 699
357 1122 921
358 439 112
359 892 514
360 255 37
361 932 570
362 1148 984
363 347 69
364 1022 717
365 1109 891
366 649 253
367 1040 749
368 701 299
369 677 277
370 705 303
371 1047 762
372 710 308
373 613 224
374 647 252
375 783 382
376 994 667
377 748 345
378 1010 696
379 981 646
380 1151 992
381 1088 845
382 192 21
383 1105 881
384 324 60
385 751 348
386 1076 820
387 1111 895
388 682 282
389 971 630
390 1047 762
391 1079 826
392 469 128
393 1094 857
394 1056 780
395 967 624
396 788 387
397 1104 880
398 1063 794
399 940 582
400 961 614
401 1140 964
402 833 439
403 901 526
404 758 355
405 746 343
406 436 110
407 525 162
408 1058 783
409 657 260
410 284 46
411 934 574
412 133 10
413 747 344
414 976 639
415 978 641
416 476 132
417 887 507
418 856 467
419 1048 764
420 1020 713
421 1107 887
422 554 181
423 866 480
424 744 341
425 1066 799
426 462 124
427 1117 908
428 644 249
429 653 257
430 237 32
431 870 485
432 1076 819
433 1153 996
434 1140 964
435 540 172
436 748 345
437 849 458
438 1136 954
439 964 619
440 1117 910
441 1104 879
442 560 185
443 1154 999
444 627 235
445 940 583
446 377 82
447 557 183
448 1045 759
449 1017 707
450 258 38
451 1105 882
452 1058 783
453 905 532
454 1094 857
455 804 405
456 883 502
457 386 86
458 1067 802
459 893 515
460 1144 973
461 1005 686
462 739 336
463 794 394
464 863 476
465 810 412
466 945 590
467 702 300
468 713 310
469 921 554
470 913 543
471 339 66
472 690 289
473 525 162
474 1034 738
475 701 299
476 780 379
477 443 114
478 895 518
479 1068 803
480 519 158
481 904 531
482 651 255
483 1146 980
484 1153 996
485 1009 694
486 1093 855
487 237 32
488 1079 826
489 999 677
490 1065 797
491 899 523
492 681 281
493 967 624
494 1108 889
495 1004 685
496 853 464
497 1091 852
498 736 333
499 1000 678
500 321 59
501 1103 877
502 1044 757
503 558 184
504 730 327
505 990 661
506 520 159
507 930 568
508 968 626
509 1079 826
510 646 251
511 711 309
512 946 591
513 430 107
514 831 436
515 896 519
516 1135 952
517 938 579
518 517 157
519 1097 864
520 1059 786
521 618 228
522 804 405
523 745 342
524 899 524
525 870 485
526 979 643
527 620 230
528 422 103
529 542 173
530 764 361
531 892 514
532 349 70
533 638 244
534 416 100
535 1120 916
536 730 327
537 522 160
538 829 434
539 930 568
540 663 265
541 928 565
542 868 482
543 1022 717
544 984 652
545 817 420
546 601 215
547 1056 780
548 1012 699
549 1080 829
550 1147 981
551 1081 831
552 944 588
553 564 188
554 836 442
555 1072 811
556 695 294
557 722 319
558 1081 830
559 768 366
560 867 481
561 1069 805
562 1042 754
563 1129 937
564 988 657
565 919 552
566 810 412
567 1045 758
568 361 75
569 899 523
570 958 609
571 973 634
572 1069 806
573 999 677
574 672 273
575 1088 844
576 274 43
577 944 588
578 1010 695
579 1091 852
580 1013 701
581 1083 834
582 630 238
583 781 380
584 1097 865
585 843 451
586 1137 956
587 673 274
588 632 239
589 959 612
590 673 274
591 1079 827
592 284 46
593 1113 901
594 690 289
595 1033 737
596 674 275
597 496 144
598 1114 902
599 1053 774
600 968 626
601 520 159
602 883 502
603 923 558
604 585 203
605 511 153
606 1030 730
607 902 528
608 791 390
609 94 5
610 1150 988
611 1052 773
612 1138 959
613 1120 916
614 778 376
615 641 247
616 1146 978
617 1126 931
618 823 427
619 843 451
620 1062 791
621 1061 790
622 641 247
623 913 543
624 531 166
625 934 574
626 1140 964
627 1060 788
628 965 620
629 1064 795
630 731 328
631 540 172
632 462 124
633 974 635
634 1046 760
635 965 620
636 1062 791
637 690 289
638 875 492
639 1012 699
640 382 84
641 1061 789
642 991 662
643 441 113
644 1093 855
645 757 354
646 183 19
647 872 488
648 620 230
649 673 274
650 1135 952
651 403 94
652 1096 862
653 1060 788
654 577 197
655 1006 689
656 915 546
657 422 103
658 960 613
659 1115 905
660 759 356
661 718 315
662 1095 860
663 731 328
664 1021 714
665 197 22
666 840 447
667 1131 941
668 241 33
669 463 125
670 833 439
671 863 476
672 965 621
673 1040 750
674 1150 989
675 1128 935
676 799 399
677 1117 908
678 972 631
679 770 368
680 980 644
681 359 74
682 593 209
683 1003 683
684 281 45
685 776 374
686 366 77
687 126 9
688 653 257
689 754 351
690 709 307
691 388 87
692 397 91
693 1154 1000
694 483 136
695 701 299
696 625 234
697 1007 690
698 539 171
699 262 39
700 551 179
701 894 517
702 139 11
703 1133 947
704 786 385
705 956 607
706 1123 922
707 878 495
708 567 190
709 725 322
710 735 332
711 1120 917
712 103 6
713 757 354
714 623 232
715 501 147
716 822 426
717 954 604
718 760 357
719 799 399
720 1146 978
721 662 264
722 1032 734
723 1118 912
724 682 282
725 313 56
726 912 542
727 1140 963
728 955 605
729 812 414
730 145 12
731 145 12
732 1131 941
733 748 345
734 785 384
735 662 264
736 747 344
737 1132 944
738 1123 923
739 835 441
740 984 651
741 881 500
742 788 387
743 947 593
744 893 515
745 645 250
746 490 140
747 876 493
748 1028 727
749 777 375
750 162 15
751 299 51
752 1118 911
753 1151 993
754 1110 894
755 564 188
756 670 271
757 1130 940
758 1092 853
759 339 66
760 1153 996
761 1071 810
762 139 11
763 594 210
764 999 677
765 1101 873
766 659 262
767 562 187
768 816 419
769 1063 793
770 133 10
771 1124 925
772 1020 713
773 321 59
774 874 490
775 342 67
776 984 652
777 1059 786
778 876 493
779 982 648
780 1106 883
781 629 237
782 1109 890
783 888 509
784 1085 839
785 674 275
786 868 483
787 973 633
788 564 188
789 917 549
790 1147 981
791 1107 887
792 1061 790
793 519 158
794 600 214
795 1017 707
796 875 492
797 776 374
798 1150 990
799 702 300
800 755 352
801 1047 762
802 805 406
803 1034 739
804 598 213
805 1120 917
806 488 139
807 59 2
808 1135 951
809 1120 915
810 1034 739
811 966 622
812 103 6
813 908 536
814 783 382
815 744 341
816 1071 810
817 781 380
818 901 526
819 987 656
820 287 47
821 828 433
822 406 95
823 1152 994
824 899 523
825 989 659
826 520 159
827 258 38
828 701 299
829 819 422
830 436 110
831 382 84
832 879 497
833 922 556
834 1100 871
835 575 196
836 439 112
837 727 324
838 401 93
839 205 24
840 1009 693
841 539 171
842 506 150
843 895 518
844 1089 848
845 1009 694
846 1149 987
847 994 668
848 827 432
849 960 613
850 1127 933
851 842 450
852 1079 826
853 855 466
854 947 593
855 1116 907
856 998 675
857 481 135
858 1004 684
859 488 139
860 237 32
861 627 235
862 987 656
863 126 9
864 667 269
865 1073 813
866 1052 773
867 1032 734
868 1025 722
869 730 327
870 890 512
871 824 428
872 961 615
873 638 244
874 506 150
875 853 464
876 1105 881
877 548 177
878 1126 929
879 987 656
880 829 434
881 651 255
882 583 202
883 304 53
884 399 92
885 940 583
886 693 292
887 664 266
888 871 486
889 540 172
890 557 183
891 377 82
892 950 597
893 490 140
894 904 530
895 384 85
896 432 108
897 1096 863
898 558 184
899 248 35
900 399 92
901 929 566
902 702 300
903 846 455
904 139 11
905 844 452
906 657 260
907 517 157
908 690 289
909 1020 712
910 807 408
911 683 283
912 721 318
913 1020 713
914 1116 907
915 674 275
916 917 549
917 1122 920
918 740 337
919 660 263
920 607 220
921 1129 937
922 981 647
923 183 19
924 1139 961
925 920 553
926 1121 918
927 352 71
928 1153 998
929 393 89
930 633 240
931 1067 802
932 1018 709
933 241 33
934 764 361
935 1151 991
936 969 627
937 831 437
938 329 62
939 1026 723
940 1101 873
941 656 259
942 854 465
943 1133 948
944 889 510
945 749 346
946 1126 930
947 856 467
948 877 494
949 384 85
950 884 503
951 1067 802
952 517 157
953 1031 733
954 399 92
955 1066 799
956 850 460
957 1071 810
958 989 659
959 1114 903
960 709 307
961 1038 746
962 329 62
963 979 643
964 324 60
965 613 224
966 622 231
967 720 317
968 687 286
969 895 518
970 1144 974
971 674 275
972 601 215
973 443 114
974 1012 698
975 1047 763
976 1108 888
977 881 500
978 1138 958
979 384 85
980 694 293
981 812 414
982 1128 934
983 980 644
984 1002 682
985 443 114
986 826 431
987 831 436
988 555 182
989 996 671
990 716 313
991 384 85
992 636 243
993 666 268
994 546 176
995 1000 678
996 1098 867
997 868 483
998 1009 694
999 1101 874
1000 647 252
1001 660 263
1002 1123 923
1003 704 302
1004 811 413
1005 1100 870
1006 990 661
1007 941 584
1008 1153 998
1009 1066 799
1010 1154 999
1011 1105 881
1012 585 203
1013 460 123
1014 729 326
1015 837 444
1016 410 97
1017 1115 904
1018 713 310
1019 586 204
1020 791 391
1021 732 329
1022 814 417
1023 1129 937
1024 307 54
1025 579 199
1026 778 376
1027 758 355
1028 1075 817
1029 734 331
1030 981 647
1031 980 645
1032 736 333
1033 1118 912
1034 434 109
1035 596 211
1036 339 66
1037 1048 765
1038 293 49
1039 1106 883
1040 533 167
1041 756 353
1042 1048 765
1043 1151 992
1044 1029 729
1045 1036 741
1046 826 431
1047 356 73
1048 638 244
1049 478 133
1050 969 627
1051 678 278
1052 391 88
1053 832 438
1054 1082 833
1055 430 107
1056 767 365
1057 724 321
1058 959 612
1059 861 474
1060 601 215
1061 1100 870
1062 1108 889
1063 1009 694
1064 1079 826
1065 1078 825
1066 1039 748
1067 780 378
1068 555 182
1069 690 289
1070 669 270
1071 711 309
1072 868 483
1073 1106 883
1074 1086 841
1075 706 304
1076 995 670
1077 780 378
1078 1050 769
1079 366 77
1080 1087 842
1081 1109 890
1082 476 132
1083 59 2
1084 1138 959
1085 1135 952
1086 773 371
1087 803 404
1088 956 607
1089 862 475
1090 669 270
1091 905 532
1092 701 299
1093 1045 758
1094 802 403
1095 192 21
1096 393 89
1097 780 379
1098 763 360
1099 1098 867
1100 293 49
1101 807 408
1102 1072 812
1103 965 620
1104 836 443
1105 1040 749
1106 316 57
1107 178 18
1108 572 194
1109 1008 692
1110 989 660
1111 679 279
1112 539 171
1113 778 376
1114 766 363
1115 334 64
1116 986 654
1117 1121 918
1118 1137 957
1119 359 74
1120 1021 715
1121 420 102
1122 304 53
1123 601 215
1124 768 366
1125 779 377
1126 495 143
1127 733 330
1128 657 260
1129 1153 996
1130 740 337
1131 451 118
1132 585 203
1133 905 532
1134 974 635
1135 868 482
1136 517 157
1137 1135 952
1138 481 135
1139 641 247
1140 900 525
1141 968 626
1142 807 409
1143 119 8
1144 696 295
1145 1004 685
1146 632 239
1147 860 472
1148 1026 724
1149 643 248
1150 571 193
1151 853 463
1152 1091 851
1153 1010 696
1154 1142 970
1155 677 277
1156 1119 913
1157 1126 929
1158 994 668
1159 94 5
1160 316 57
1161 1073 814
1162 439 112
1163 1030 731
1164 552 180
1165 1031 732
1166 766 363
1167 610 222
1168 765 362
1169 938 579
1170 549 178
1171 1128 934
1172 826 431
1173 647 252
1174 519 158
1175 543 174
1176 729 326
1177 974 635
1178 807 408
1179 993 666
1180 173 17
1181 1150 990
1182 1153 998
1183 1101 874
1184 929 566
1185 766 363
1186 1039 747
1187 588 205
1188 1126 930
1189 870 485
1190 430 107
1191 805 406
1192 1142 970
1193 558 184
1194 875 491
1195 673 274
1196 347 69
1197 1020 712
1198 923 557
1199 1066 800
1200 1120 915
1201 737 334
1202 873 489
1203 840 447
1204 237 32
1205 1149 986
1206 955 605
1207 377 82
1208 337 65
1209 821 425
1210 721 318
1211 371 79
1212 790 389
1213 1070 808
1214 684 284
1215 979 643
1216 751 348
1217 883 502
1218 748 345
1219 930 567
1220 1102 875
1221 713 310
1222 1030 730
1223 1141 966
1224 695 294
1225 932 570
1226 759 356
1227 759 356
1228 727 324
1229 662 264
1230 201 23
1231 265 40
1232 930 567
1233 968 625
1234 640 246
1235 664 266
1236 1125 928
1237 647 252
1238 728 325
1239 1147 981
1240 1032 734
1241 1104 879
1242 835 441
1243 1088 845
1244 1145 976
1245 640 246
1246 1056 779
1247 904 530
1248 961 614
1249 947 593
1250 1088 845
1251 1095 859
1252 1087 843
1253 968 626
1254 733 330
1255 139 11
1256 728 325
1257 540 172
1258 898 522
1259 878 495
1260 501 147
1261 542 173
1262 596 211
1263 819 422
1264 1150 989
1265 1008 692
1266 872 488
1267 287 47
1268 1024 720
1269 616 227
1270 768 366
1271 939 581
1272 884 503
1273 1150 989
1274 898 522
1275 329 62
1276 1030 730
1277 237 32
1278 616 227
1279 722 319
1280 359 74
1281 702 300
1282 870 485
1283 210 25
1284 708 306
1285 855 466
1286 965 620
1287 1037 743
1288 1037 743
1289 307 54
1290 588 205
1291 366 77
1292 1105 881
1293 999 677
1294 522 160
1295 1112 898
1296 371 79
1297 1148 983
1298 1142 968
1299 567 190
1300 991 662
1301 999 677
1302 747 344
1303 710 308
1304 843 451
1305 1034 739
1306 930 567
1307 963 617
1308 932 571
1309 1014 703
1310 1036 741
1311 968 626
1312 958 610
1313 826 431
1314 1143 971
1315 868 482
1316 853 464
1317 777 375
1318 1085 839
1319 548 177
1320 934 573
1321 1082 832
1322 857 469
1323 1069 805
1324 519 158
1325 655 258
1326 1138 958
1327 416 100
1328 281 45
1329 1098 866
1330 719 316
1331 205 24
1332 344 68
1333 817 420
1334 927 563
1335 903 529
1336 842 450
1337 707 305
1338 1002 682
1339 889 510
1340 278 44
1341 571 193
1342 1019 711
1343 382 84
1344 302 52
1345 606 219
1346 839 446
1347 1044 756
1348 1096 862
1349 1141 967
1350 673 274
1351 947 593
1352 736 333
1353 1003 683
1354 1042 754
1355 956 607
1356 861 474
1357 1002 682
1358 1073 813
1359 970 629
1360 1153 997
1361 713 310
1362 713 310
1363 646 251
1364 1029 729
1365 1092 854
1366 977 640
1367 970 628
1368 766 364
1369 896 520
1370 1078 825
1371 999 677
1372 628 236
1373 977 640
1374 514 155
1375 998 675
1376 1152 994
1377 519 158
1378 1144 974
1379 268 41
1380 594 210
1381 1072 812
1382 746 343
1383 986 655
1384 690 289
1385 960 613
1386 657 260
1387 830 435
1388 598 213
1389 590 207
1390 882 501
1391 1113 900
1392 522 160
1393 942 585
1394 666 268
1395 958 609
1396 1113 901
1397 870 485
1398 838 445
1399 900 525
1400 1071 809
1401 913 543
1402 543 174
1403 825 430
1404 359 74
1405 248 35
1406 265 40
1407 1148 985
1408 795 395
1409 318 58
1410 1126 931
1411 111 7
1412 865 478
1413 1124 925
1414 1009 693
1415 1064 795
1416 991 663
1417 558 184
1418 949 596
1419 1151 993
1420 746 343
1421 1037 744
1422 884 503
1423 496 144
1424 940 583
1425 347 69
1426 581 200
1427 873 489
1428 1062 792
1429 1101 872
1430 881 500
1431 1044 757
1432 1078 825
1433 1065 797
1434 807 408
1435 748 345
1436 770 368
1437 958 610
1438 1040 750
1439 326 61
1440 422 103
1441 307 54
1442 713 310
1443 633 240
1444 946 592
1445 1051 770
1446 302 52
1447 798 398
1448 337 65
1449 1136 955
1450 972 632
1451 645 250
1452 663 265
1453 752 349
1454 604 217
1455 830 435
1456 1101 872
1457 1020 713
1458 963 617
1459 1051 770
1460 1055 778
1461 495 143
1462 501 147
1463 937 578
1464 803 404
1465 1076 820
1466 871 487
1467 1128 935
1468 530 165
1469 192 21
1470 980 645
1471 913 543
1472 284 46
1473 1109 890
1474 281 45
1475 445 115
1476 1016 706
1477 445 115
1478 888 509
1479 1134 950
1480 687 286
1481 493 142
1482 787 386
1483 844 452
1484 241 33
1485 929 566
1486 401 93
1487 597 212
1488 876 493
1489 478 133
1490 1093 855
1491 600 214
1492 766 364
1493 1021 714
1494 863 476
1495 610 222
1496 1039 747
1497 1026 723
1498 899 524
1499 451 118
1500 828 433
1501 399 92
1502 304 53
1503 1154 999
1504 1148 984
1505 1153 998
1506 395 90
1507 807 408
1508 718 315
1509 828 433
1510 630 238
1511 934 573
1512 877 494
1513 471 129
1514 978 641
1515 1075 817
1516 241 33
1517 933 572
1518 1115 905
1519 1083 835
1520 598 213
1521 879 497
1522 458 122
1523 1127 933
1524 675 276
1525 673 274
1526 961 614
1527 859 471
1528 922 556
1529 1071 810
1530 999 677
1531 957 608
1532 911 541
1533 689 288
1534 704 302
1535 619 229
1536 451 118
1537 1021 714
1538 1095 859
1539 438 111
1540 430 107
1541 1047 762
1542 582 201
1543 942 585
1544 1094 857
1545 759 356
1546 94 5
1547 1115 904
1548 1028 728
1549 1069 805
1550 1019 711
1551 624 233
1552 972 632
1553 831 437
1554 942 586
1555 876 493
1556 916 548
1557 999 677
1558 814 417
1559 840 447
1560 1105 881
1561 672 273
1562 1117 908
1563 1140 964
1564 1014 703
1565 972 631
1566 469 128
1567 1025 721
1568 1138 958
1569 819 422
1570 1133 946
1571 524 161
1572 1116 906
1573 1151 991
1574 416 100
1575 1068 804
1576 662 264
1577 951 599
1578 858 470
1579 633 240
1580 845 454
1581 299 51
1582 103 6
1583 970 628
1584 420 102
1585 614 225
1586 641 247
1587 1096 863
1588 829 434
1589 434 109
1590 805 406
1591 950 597
1592 1078 825
1593 973 633
1594 976 639
1595 794 394
1596 1010 696
1597 1133 947
1598 1153 996
1599 1110 892
1600 615 226
1601 59 2
1602 971 630
1603 994 668
1604 1128 936
1605 1112 897
1606 653 257
1607 797 397
1608 1050 769
1609 397 91
1610 863 476
1611 1126 931
1612 1152 995
1613 994 668
1614 1092 854
1615 347 69
1616 371 79
1617 1150 990
1618 1139 962
1619 887 508
1620 1028 728
1621 1094 857
1622 1098 867
1623 456 121
1624 666 268
1625 919 552
1626 265 40
1627 1007 690
1628 867 481
1629 709 307
1630 968 625
1631 1137 956
1632 1086 841
1633 590 207
1634 1019 711
1635 625 234
1636 307 54
1637 1111 895
1638 1148 983
1639 1110 892
1640 493 142
1641 669 270
1642 310 55
1643 690 289
1644 1138 959
1645 178 18
1646 533 167
1647 1099 869
1648 969 627
1649 1079 826
1650 210 25
1651 271 42
1652 838 445
1653 633 240
1654 664 266
1655 1030 731
1656 801 402
1657 890 512
1658 929 566
1659 657 260
1660 393 89
1661 791 390
1662 1057 782
1663 1130 939
1664 943 587
1665 1048 764
1666 1137 957
1667 318 58
1668 868 482
1669 1139 961
1670 791 390
1671 664 266
1672 870 485
1673 214 26
1674 820 424
1675 205 24
1676 458 122
1677 528 164
1678 765 362
1679 816 419
1680 1083 835
1681 705 303
1682 825 430
1683 1068 803
1684 716 313
1685 597 212
1686 681 281
1687 1060 787
1688 606 219
1689 792 392
1690 764 361
1691 820 424
1692 992 664
1693 895 518
1694 1009 693
1695 946 592
1696 265 40
1697 1006 688
1698 807 408
1699 1140 963
1700 1045 758
1701 1066 799
1702 906 534
1703 906 533
1704 992 664
1705 1032 734
1706 639 245
1707 807 409
1708 677 277
1709 765 362
1710 434 109
1711 1070 807
1712 1088 845
1713 899 524
1714 1122 920
1715 832 438
1716 685 285
1717 893 516
1718 973 634
1719 1042 754
1720 265 40
1721 201 23
1722 1122 921
1723 784 383
1724 1103 878
1725 868 483
1726 985 653
1727 321 59
1728 982 648
1729 1144 973
1730 42 1
1731 1037 743
1732 848 457
1733 800 401
1734 290 48
1735 1088 846
1736 1150 990
1737 1094 857
1738 747 344
1739 1131 941
1740 1069 806
1741 803 404
1742 898 522
1743 748 345
1744 514 155
1745 1097 865
1746 1053 775
1747 1133 947
1748 714 311
1749 1046 761
1750 702 300
1751 845 454
1752 1019 711
1753 705 303
1754 825 430
1755 738 335
1756 921 555
1757 1012 699
1758 923 558
1759 965 620
1760 1109 891
1761 958 610
1762 1150 990
1763 94 5
1764 656 259
1765 611 223
1766 605 218
1767 659 262
1768 622 231
1769 678 278
1770 652 256
1771 1142 970
1772 1019 711
1773 537 170
1774 371 79
1775 1050 769
1776 810 412
1777 1000 678
1778 742 339
1779 1007 690
1780 522 160
1781 800 401
1782 1096 863
1783 1108 889
1784 655 258
1785 847 456
1786 1086 841
1787 1123 922
1788 1093 855
1789 670 271
1790 800 401
1791 979 643
1792 560 185
1793 1041 751
1794 293 49
1795 284 46
1796 789 388
1797 733 330
1798 1147 982
1799 1080 828
1800 816 419
1801 1136 954
1802 326 61
1803 645 250
1804 1111 895
1805 1092 853
1806 976 638
1807 981 647
1808 946 592
1809 734 331
1810 1004 684
1811 766 363
1812 867 481
1813 1127 933
1814 585 203
1815 868 482
1816 770 368
1817 827 432
1818 1062 792
1819 896 519
1820 361 75
1821 925 560
1822 1143 972
1823 840 448
1824 430 107
1825 192 21
1826 1002 681
1827 534 168
1828 774 372
1829 1037 744
1830 942 586
1831 334 64
1832 788 387
1833 479 134
1834 754 351
1835 1146 980
1836 555 182
1837 248 35
1838 1081 830
1839 1130 939
1840 1144 975
1841 878 496
1842 921 555
1843 467 127
1844 498 145
1845 852 462
1846 778 376
1847 771 369
1848 1097 864
1849 982 648
1850 434 109
1851 506 150
1852 1134 949
1853 552 180
1854 1082 833
1855 999 676
1856 941 584
1857 395 90
1858 729 326
1859 999 676
1860 646 251
1861 816 419
1862 807 408
1863 897 521
1864 418 101
1865 1112 898
1866 1153 998
1867 977 640
1868 774 372
1869 737 334
1870 641 247
1871 1009 694
1872 786 385
1873 1053 774
1874 659 262
1875 432 108
1876 205 24
1877 816 419
1878 865 478
1879 1018 710
1880 1117 908
1881 885 505
1882 1110 894
1883 991 663
1884 1005 687
1885 281 45
1886 479 134
1887 1031 733
1888 981 647
1889 613 224
1890 987 656
1891 868 483
1892 1012 698
1893 1016 706
1894 833 439
1895 1116 906
1896 964 619
1897 826 431
1898 948 594
1899 889 510
1900 997 673
1901 326 61
1902 356 73
1903 371 79
1904 519 158
1905 1149 987
1906 520 159
1907 984 652
1908 1121 918
1909 490 140
1910 945 590
1911 1119 913
1912 803 404
1913 756 353
1914 960 613
1915 1075 818
1916 840 447
1917 359 74
1918 619 229
1919 1009 693
1920 973 634
1921 1144 973
1922 590 207
1923 1072 812
1924 1096 863
1925 588 205
1926 1125 927
1927 689 288
1928 701 299
1929 1091 852
1930 743 340
1931 600 214
1932 797 397
1933 972 632
1934 970 629
1935 577 197
1936 1066 799
1937 1038 745
1938 638 244
1939 1153 998
1940 1095 859
1941 614 225
1942 972 631
1943 458 122
1944 1027 726
1945 1059 786
1946 1112 897
1947 940 583
1948 878 495
1949 1126 931
1950 588 205
1951 887 507
1952 613 224
1953 875 491
1954 1064 795
1955 738 335
1956 1031 732
1957 1048 764
1958 1006 688
1959 893 516
1960 688 287
1961 878 496
1962 1021 714
1963 548 177
1964 1071 809
1965 806 407
1966 748 345
1967 59 2
1968 765 362
1969 884 503
1970 972 631
1971 443 114
1972 422 103
1973 942 586
1974 1024 720
1975 926 562
1976 916 547
1977 868 483
1978 926 562
1979 287 47
1980 506 150
1981 408 96
1982 995 670
1983 371 79
1984 1075 817
1985 1097 865
1986 1031 733
1987 527 163
1988 1145 976
1989 791 391
1990 969 627
1991 956 607
1992 1088 846
1993 401 93
1994 912 542
1995 797 397
1996 1012 699
1997 1002 682
1998 996 671
1999 685 285
2000 1071 809
2001 326 61
2002 1096 863
2003 785 384
2004 772 370
2005 935 575
2006 887 507
2007 1062 791
2008 251 36
2009 1143 972
2010 909 537
2011 1132 944
2012 899 524
2013 471 129
2014 534 168
2015 707 305
2016 976 638
2017 579 199
2018 989 659
2019 692 291
2020 868 483
2021 912 542
2022 895 518
2023 890 511
2024 168 16
2025 428 106
2026 777 375
2027 965 620
2028 985 653
2029 947 593
2030 1124 925
2031 1018 710
2032 1008 691
2033 795 395
2034 922 556
2035 373 80
2036 711 309
2037 962 616
2038 310 55
2039 274 43
2040 201 23
2041 1018 709
2042 302 52
2043 1008 692
2044 983 650
2045 730 327
2046 830 435
2047 997 673
2048 1009 693
2049 818 421
2050 622 231
2051 1099 868
2052 1092 853
2053 841 449
2054 758 355
2055 589 206
2056 554 181
2057 237 32
2058 1113 901
2059 1127 932
2060 923 558
2061 744 341
2062 782 381
2063 737 334
2064 496 144
2065 672 273
2066 986 654
2067 615 226
2068 506 150
2069 519 158
2070 751 348
2071 911 541
2072 600 214
2073 1114 902
2074 281 45
2075 395 90
2076 610 222
2077 977 640
2078 1010 696
2079 558 184
2080 807 408
2081 1109 891
2082 633 240
2083 859 471
2084 976 638
2085 624 233
2086 987 656
2087 856 467
2088 493 142
2089 384 85
2090 1006 688
2091 1100 871
2092 745 342
2093 516 156
2094 695 294
2095 527 163
2096 1010 696
2097 1141 967
2098 479 134
2099 371 79
2100 533 167
2101 352 71
2102 1016 706
2103 1137 957
2104 860 472
2105 860 472
2106 615 226
2107 548 177
2108 1025 722
2109 230 30
2110 1147 981
2111 766 364
2112 980 645
2113 787 386
2114 1022 717
2115 882 501
2116 1023 718
2117 530 165
2118 1128 935
2119 567 190
2120 511 153
2121 1067 802
2122 814 416
2123 490 140
2124 1113 901
2125 896 520
2126 1070 808
2127 403 94
2128 218 27
2129 420 102
2130 829 434
2131 677 277
2132 1148 983
2133 478 133
2134 318 58
2135 1026 723
2136 1027 725
2137 1042 753
2138 1137 957
2139 447 116
2140 1146 980
2141 1066 800
2142 145 12
2143 714 311
2144 610 222
2145 546 176
2146 623 232
2147 222 28
2148 1022 717
2149 916 548
2150 907 535
2151 1010 695
2152 689 288
2153 715 312
2154 1140 965
2155 910 539
2156 862 475
2157 570 192
2158 1044 756
2159 1015 704
2160 339 66
2161 364 76
2162 278 44
2163 1092 854
2164 995 670
2165 986 655
2166 942 586
2167 1089 847
2168 1140 965
2169 1102 875
2170 491 141
2171 1122 920
2172 1023 718
2173 1022 717
2174 278 44
2175 799 399
2176 1071 810
2177 568 191
2178 536 169
2179 659 262
2180 1064 796
2181 800 400
2182 671 272
2183 531 166
2184 634 241
2185 1073 813
2186 706 304
2187 888 509
2188 690 289
2189 1113 900
2190 1089 848
2191 1020 712
2192 1072 811
2193 881 499
2194 802 403
2195 1066 800
2196 905 532
2197 782 381
2198 1052 772
2199 426 105
2200 967 624
2201 743 340
2202 1146 978
2203 307 54
2204 1151 991
2205 1128 935
2206 432 108
2207 1147 982
2208 931 569
2209 1144 974
2210 578 198
2211 673 274
2212 1016 706
2213 1142 968
2214 1067 802
2215 1056 779
2216 1073 814
2217 1143 971
2218 422 103
2219 623 232
2220 517 157
2221 989 660
2222 911 541
2223 912 542
2224 992 664
2225 829 434
2226 1138 958
2227 1137 957
2228 663 265
2229 1154 999
2230 601 215
2231 1002 681
2232 890 511
2233 687 286
2234 1146 980
2235 420 102
2236 919 551
2237 1128 934
2238 589 206
2239 674 275
2240 616 227
2241 1140 964
2242 1033 736
2243 1010 696
2244 695 294
2245 1106 884
2246 728 325
2247 722 319
2248 704 302
2249 524 161
2250 1095 860
2251 1018 709
2252 952 601
2253 1078 824
2254 850 460
2255 1139 962
2256 1023 719
2257 644 249
2258 111 7
2259 803 404
2260 783 382
2261 1069 805
2262 958 610
2263 558 184
2264 914 544
2265 469 128
2266 646 251
2267 909 537
2268 1077 822
2269 662 264
2270 655 258
2271 798 398
2272 558 184
2273 938 579
2274 1082 832
2275 1070 808
2276 836 442
2277 418 101
2278 1109 890
2279 1108 889
2280 841 449
2281 508 151
2282 971 630
2283 1147 981
2284 1146 979
2285 1006 688
2286 781 380
2287 540 172
2288 932 570
2289 1093 856
2290 852 462
2291 1077 822
2292 484 137
2293 508 151
2294 1128 935
2295 609 221
2296 736 333
2297 749 346
2298 671 272
2299 519 158
2300 382 84
2301 721 318
2302 451 118
2303 890 511
2304 456 121
2305 361 75
2306 586 204
2307 898 522
2308 401 93
2309 672 273
2310 601 215
2311 633 240
2312 991 663
2313 449 117
2314 728 325
2315 371 79
2316 1057 781
2317 1137 957
2318 905 532
2319 666 268
2320 1082 832
2321 930 567
2322 931 569
2323 441 113
2324 824 428
2325 620 230
2326 986 654
2327 1053 775
2328 222 28
2329 347 69
2330 441 113
2331 251 36
2332 932 570
2333 1112 897
2334 899 523
2335 1089 847
2336 970 628
2337 1067 802
2338 157 14
2339 945 590
2340 992 664
2341 1101 874
2342 543 174
2343 768 366
2344 834 440
2345 503 148
2346 1145 977
2347 361 75
2348 1077 822
2349 1103 877
2350 329 62
2351 887 507
2352 337 65
2353 930 567
2354 1094 857
2355 906 534
2356 703 301
2357 1151 992
2358 366 77
2359 1138 960
2360 1141 967
2361 601 215
2362 1010 696
2363 870 485
2364 543 174
2365 884 503
2366 1016 706
2367 994 668
2368 692 291
2369 484 137
2370 658 261
2371 1018 709
2372 571 193
2373 284 46
2374 493 142
2375 59 2
2376 1044 757
2377 486 138
2378 842 450
2379 841 449
2380 858 470
2381 904 530
2382 1067 801
2383 632 239
2384 864 477
2385 981 646
2386 233 31
2387 1088 846
2388 929 566
2389 438 111
2390 1040 749
2391 730 327
2392 609 221
2393 716 313
2394 342 67
2395 902 528
2396 829 434
2397 1034 738
2398 1002 681
2399 820 424
2400 831 437
2401 997 673
2402 873 489
2403 1022 717
2404 740 337
2405 568 191
2406 1111 895
2407 796 396
2408 364 76
2409 337 65
2410 977 640
2411 1054 777
2412 366 77
2413 875 491
2414 956 606
2415 59 2
2416 1027 725
2417 1065 798
2418 1033 737
2419 961 615
2420 945 590
2421 1025 722
2422 935 575
2423 790 389
2424 1110 894
2425 540 172
2426 702 300
2427 976 638
2428 94 5
2429 814 417
2430 973 634
2431 942 585
2432 842 450
2433 962 616
2434 133 10
2435 987 656
2436 1151 993
2437 432 108
2438 1112 897
2439 684 284
2440 1070 807
2441 853 463
2442 989 660
2443 893 515
2444 516 156
2445 1132 944
2446 1136 955
2447 733 330
2448 1144 975
2449 347 69
2450 624 233
2451 1087 843
2452 999 677
2453 997 673
2454 1029 729
2455 424 104
2456 959 611
2457 853 463
2458 1109 890
2459 1031 733
2460 531 166
2461 875 492
2462 781 380
2463 604 217
2464 296 50
2465 800 400
2466 210 25
2467 955 605
2468 313 56
2469 1131 941
2470 1140 964
2471 1083 835
2472 565 189
2473 858 470
2474 416 100
2475 520 159
2476 841 449
2477 1075 817
2478 1046 761
2479 210 25
2480 304 53
2481 401 93
2482 1061 790
2483 498 145
2484 796 396
2485 933 572
2486 775 373
2487 614 225
2488 973 634
2489 1123 922
2490 818 421
2491 791 390
2492 865 479
2493 627 235
2494 611 223
2495 1041 751
2496 995 669
2497 770 368
2498 1056 780
2499 928 564
2500 1004 685
2501 500 146
2502 373 80
2503 884 503
2504 1124 926
2505 1052 773
2506 594 210
2507 721 318
2508 1009 694
2509 819 422
2510 1090 849
2511 386 86
2512 1121 918
2513 760 357
2514 354 72
2515 498 145
2516 356 73
2517 726 323
2518 1123 922
2519 716 313
2520 818 421
2521 851 461
2522 918 550
2523 822 426
2524 807 408
2525 883 502
2526 984 651
2527 726 323
2528 959 611
2529 925 560
2530 894 517
2531 1018 709
2532 359 74
2533 1056 779
2534 555 182
2535 1007 690
2536 874 490
2537 944 588
2538 1124 925
2539 620 230
2540 978 641
2541 1049 767
2542 942 586
2543 1067 801
2544 1126 929
2545 1117 909
2546 820 423
2547 562 187
2548 985 653
2549 1014 703
2550 290 48
2551 1088 846
2552 780 378
2553 570 192
2554 875 491
2555 1101 872
2556 924 559
2557 971 630
2558 716 313
2559 366 77
2560 990 661
2561 807 408
2562 412 98
2563 925 560
2564 695 294
2565 861 473
2566 1117 908
2567 627 235
2568 793 393
2569 1030 731
2570 530 165
2571 1025 721
2572 528 164
2573 1140 965
2574 476 132
2575 887 507
2576 1118 912
2577 1095 861
2578 342 67
2579 714 311
2580 1054 777
2581 650 254
2582 1023 719
2583 549 178
2584 562 187
2585 709 307
2586 819 422
2587 233 31
2588 1027 725
2589 897 521
2590 1081 831
2591 230 30
2592 952 601
2593 847 456
2594 192 21
2595 985 653
2596 1132 945
2597 645 250
2598 1068 804
2599 1086 841
2600 1116 907
2601 139 11
2602 1038 746
2603 1134 950
2604 284 46
2605 465 126
2606 705 303
2607 717 314
2608 1109 890
2609 600 214
2610 933 572
2611 1144 974
2612 1130 940
2613 513 154
2614 201 23
2615 1017 708
2616 1032 735
2617 1005 686
2618 1113 901
2619 740 337
2620 73 3
2621 821 425
2622 349 70
2623 831 436
2624 1075 817
2625 1151 993
2626 401 93
2627 1106 885
2628 1022 716
2629 1033 736
2630 565 189
2631 1009 694
2632 848 457
2633 691 290
2634 881 500
2635 478 133
2636 884 503
2637 638 244
2638 1152 995
2639 1104 880
2640 967 624
2641 555 182
2642 899 523
2643 956 606
2644 669 270
2645 681 281
2646 1033 737
2647 344 68
2648 659 262
2649 953 602
2650 794 394
2651 1127 933
2652 705 303
2653 1088 844
2654 769 367
2655 634 241
2656 1102 875
2657 821 425
2658 1067 802
2659 761 358
2660 960 613
2661 733 330
2662 981 647
2663 536 169
2664 968 625
2665 947 593
2666 766 363
2667 858 470
2668 201 23
2669 589 206
2670 1074 816
2671 1136 955
2672 896 520
2673 495 143
2674 600 214
2675 931 569
2676 420 102
2677 504 149
2678 726 323
2679 861 474
2680 1050 768
2681 1036 741
2682 607 220
2683 702 300
2684 73 3
2685 1088 844
2686 1142 969
2687 1143 971
2688 1136 953
2689 836 442
2690 857 468
2691 1116 906
2692 307 54
2693 1046 760
2694 772 370
2695 527 163
2696 960 613
2697 748 345
2698 996 672
2699 1006 689
2700 913 543
2701 1117 908
2702 1036 742
2703 504 149
2704 1043 755
2705 1135 951
2706 1037 743
2707 349 70
2708 1104 879
2709 923 557
2710 233 31
2711 1144 975
2712 1036 741
2713 1090 849
2714 574 195
2715 766 364
2716 678 278
2717 205 24
2718 399 92
2719 954 604
2720 59 2
2721 726 323
2722 646 251
2723 439 112
2724 845 453
2725 214 26
2726 812 414
2727 1002 682
2728 1052 772
2729 807 409
2730 173 17
2731 884 503
2732 1044 757
2733 403 94
2734 934 574
2735 1084 837
2736 915 546
2737 643 248
2738 939 581
2739 804 405
2740 704 302
2741 748 345
2742 646 251
2743 1063 793
2744 736 333
2745 894 517
2746 806 407
2747 704 302
2748 1125 928
2749 439 112
2750 1108 888
2751 1008 691
2752 696 295
2753 933 572
2754 992 664
2755 706 304
2756 710 308
2757 715 312
2758 606 219
2759 806 407
2760 695 294
2761 1148 985
2762 1054 776
2763 1144 974
2764 1152 995
2765 944 588
2766 1018 710
2767 1068 803
2768 503 148
2769 952 601
2770 914 544
2771 1153 998
2772 324 60
2773 898 522
2774 653 257
2775 1129 938
2776 925 561
2777 316 57
2778 1062 792
2779 1051 771
2780 560 185
2781 1048 765
2782 728 325
2783 977 640
2784 329 62
2785 980 645
2786 426 105
2787 1042 754
2788 1116 906
2789 1146 978
2790 842 450
2791 750 347
2792 527 163
2793 748 345
2794 1088 844
2795 840 448
2796 557 183
2797 713 310
2798 483 136
2799 1144 975
2800 337 65
2801 1038 746
2802 373 80
2803 1046 761
2804 1042 754
2805 1085 838
2806 391 88
2807 820 424
2808 814 416
2809 1018 709
2810 1144 975
2811 978 641
2812 1020 713
2813 894 517
2814 1146 979
2815 1056 779
2816 602 216
2817 436 110
2818 992 664
2819 1088 846
2820 1077 823
2821 634 241
2822 1126 929
2823 609 221
2824 994 667
2825 393 89
2826 542 173
2827 503 148
2828 646 251
2829 401 93
2830 773 371
2831 1108 889
2832 1046 761
2833 1091 851
2834 542 173
2835 768 366
2836 1088 846
2837 839 446
2838 982 648
2839 1048 765
2840 867 481
2841 268 41
2842 772 370
2843 983 650
2844 947 593
2845 615 226
2846 836 443
2847 1073 813
2848 610 222
2849 714 311
2850 710 308
2851 418 101
2852 932 571
2853 539 171
2854 988 658
2855 804 405
2856 687 286
2857 1046 761
2858 1064 795
2859 897 521
2860 1000 678
2861 1014 703
2862 972 631
2863 133 10
2864 796 396
2865 939 581
2866 1041 752
2867 368 78
2868 1021 714
2869 73 3
2870 861 474
2871 992 664
2872 610 222
2873 791 390
2874 585 203
2875 1137 957
2876 1062 791
2877 1087 842
2878 943 587
2879 564 188
2880 620 230
2881 633 240
2882 667 269
2883 1073 813
2884 601 215
2885 472 130
2886 735 332
2887 380 83
2888 1120 917
2889 1149 986
2890 1107 886
2891 821 425
2892 715 312
2893 761 358
2894 647 252
2895 919 552
2896 1021 714
2897 1053 774
2898 1049 767
2899 1114 903
2900 1080 829
2901 837 444
2902 810 412
2903 968 625
2904 865 478
2905 214 26
2906 827 432
2907 725 322
2908 831 437
2909 966 623
2910 1065 797
2911 708 306
2912 561 186
2913 1030 730
2914 1076 819
2915 715 312
2916 914 545
2917 1052 773
2918 1023 719
2919 714 311
2920 1150 990
2921 836 442
2922 1092 854
2923 1106 884
2924 511 153
2925 426 105
2926 780 378
2927 790 389
2928 989 659
2929 592 208
2930 476 132
2931 574 195
2932 611 223
2933 662 264
2934 846 455
2935 546 176
2936 1101 873
2937 820 423
2938 73 3
2939 571 193
2940 948 594
2941 1058 784
2942 1045 759
2943 1134 949
2944 1029 729
2945 922 556
2946 713 310
2947 817 420
2948 855 466
2949 709 307
2950 1047 763
2951 293 49
2952 1126 931
2953 750 347
2954 1127 932
2955 884 504
2956 625 234
2957 522 160
2958 511 153
2959 799 399
2960 1001 680
2961 1148 985
2962 1120 917
2963 731 328
2964 581 200
2965 814 417
2966 984 652
2967 94 5
2968 483 136
2969 948 595
2970 1056 779
2971 758 355
2972 858 470
2973 554 181
2974 899 523
2975 1118 911
2976 551 179
2977 281 45
2978 630 238
2979 868 483
2980 802 403
2981 832 438
2982 570 192
2983 293 49
2984 683 283
2985 490 140
2986 877 494
2987 1018 710
2988 1006 689
2989 938 579
2990 749 346
2991 1062 792
2992 611 223
2993 1021 715
2994 540 172
2995 1054 776
2996 1033 736
2997 901 527
2998 808 410
2999 764 361
3000 786 385
3001 952 600
3002 827 432
3003 871 486
3004 1054 777
3005 578 198
3006 1046 760
3007 1019 711
3008 962 616
3009 762 359
3010 1044 756
3011 759 356
3012 927 563
3013 258 38
3014 971 630
3015 1050 768
3016 1040 750
3017 577 197
3018 349 70
3019 738 335
3020 439 112
3021 708 306
3022 709 307
3023 738 335
3024 1098 866
3025 950 597
3026 633 240
3027 717 314
3028 878 495
3029 652 256
3030 624 233
3031 953 602
3032 677 277
3033 980 645
3034 1116 907
3035 1008 692
3036 1133 947
3037 488 139
3038 310 55
3039 1150 989
3040 739 336
3041 1002 681
3042 923 558
3043 1138 959
3044 1016 706
3045 724 321
3046 876 493
3047 994 668
3048 1091 852
3049 1128 934
3050 636 243
3051 210 25
3052 1147 981
3053 1027 725
3054 349 70
3055 586 204
3056 1148 984
3057 1138 959
3058 1042 753
3059 1001 679
3060 1100 870
3061 694 293
3062 1115 905
3063 561 186
3064 326 61
3065 808 410
3066 717 314
3067 1106 883
3068 774 372
3069 1013 701
3070 1128 934
3071 426 105
3072 432 108
3073 665 267
3074 971 630
3075 1064 796
3076 977 640
3077 623 232
3078 934 574
3079 162 15
3080 876 493
3081 846 455
3082 825 429
3083 650 254
3084 815 418
3085 944 589
3086 1109 890
3087 739 336
3088 1046 761
3089 614 225
3090 865 479
3091 366 77
3092 899 524
3093 951 599
3094 1152 994
3095 792 392
3096 763 360
3097 739 336
3098 1148 983
3099 825 429
3100 586 204
3101 1109 890
3102 1005 686
3103 759 356
3104 1038 746
3105 436 110
3106 875 491
3107 607 220
3108 1099 869
3109 959 612
3110 313 56
3111 1015 704
3112 968 625
3113 1054 776
3114 954 604
3115 347 69
3116 966 622
3117 972 632
3118 853 463
3119 410 97
3120 894 517
3121 675 276
3122 1087 843
3123 1084 837
3124 1062 792
3125 1095 860
3126 666 268
3127 188 20
3128 630 238
3129 1077 821
3130 941 584
3131 861 473
3132 1022 716
3133 666 268
3134 671 272
3135 1150 988
3136 1137 956
3137 1097 864
3138 1102 876
3139 629 237
3140 593 209
3141 979 643
3142 733 330
3143 1049 767
3144 848 457
3145 700 298
3146 1138 960
3147 1045 758
3148 841 449
3149 834 440
3150 694 293
3151 897 521
3152 1048 764
3153 630 238
3154 1083 835
3155 792 392
3156 528 164
3157 669 270
3158 660 263
3159 805 406
3160 1096 863
3161 1149 986
3162 705 303
3163 696 295
3164 605 218
3165 1038 745
3166 500 146
3167 758 355
3168 375 81
3169 974 635
3170 1098 867
3171 644 249
3172 960 613
3173 579 199
3174 479 134
3175 1113 900
3176 979 643
3177 1091 851
3178 1071 809
3179 560 185
3180 488 139
3181 1080 828
3182 382 84
3183 506 150
3184 704 302
3185 779 377
3186 1050 769
3187 743 340
3188 1093 855
3189 928 564
3190 1008 692
3191 1131 942
3192 1095 859
3193 1010 696
3194 218 27
3195 890 511
3196 643 248
3197 948 595
3198 610 222
3199 1041 751
3200 707 305
3201 565 189
3202 936 576
3203 966 622
3204 1138 959
3205 533 167
3206 948 595
3207 1144 975
3208 511 153
3209 1013 701
3210 1020 712
3211 971 630
3212 1137 957
3213 552 180
3214 1127 932
3215 271 42
3216 1008 692
3217 759 356
3218 766 364
3219 1026 723
3220 756 353
3221 1040 750
3222 1025 721
3223 597 212
3224 1146 978
3225 493 142
3226 887 508
3227 772 370
3228 1052 773
3229 471 129
3230 299 51
3231 741 338
3232 278 44
3233 847 456
3234 663 265
3235 157 14
3236 42 1
3237 1120 915
3238 1059 786
3239 410 97
3240 886 506
3241 453 119
3242 1064 795
3243 912 542
3244 401 93
3245 1078 824
3246 1110 894
3247 831 436
3248 1102 876
3249 986 654
3250 1143 971
3251 881 500
3252 973 634
3253 875 492
3254 1093 856
3255 740 337
3256 1146 980
3257 1008 692
3258 998 674
3259 1114 902
3260 1063 793
3261 1130 939
3262 958 609
3263 596 211
3264 664 266
3265 596 211
3266 846 455
3267 814 416
3268 787 386
3269 881 499
3270 1132 945
3271 1010 696
3272 981 646
3273 841 449
3274 938 580
3275 991 663
3276 565 189
3277 205 24
3278 1046 760
3279 1008 692
3280 946 592
3281 1136 953
3282 1111 896
3283 1014 703
3284 460 123
3285 1138 958
3286 925 560
3287 974 635
3288 948 594
3289 757 354
3290 1092 853
3291 1120 917
3292 719 316
3293 942 586
3294 1050 768
3295 395 90
3296 1017 707
3297 600 214
3298 893 515
3299 1133 948
3300 822 426
3301 914 544
3302 963 617
3303 704 302
3304 326 61
3305 1143 971
3306 988 658
3307 1116 907
3308 324 60
3309 905 532
3310 1127 932
3311 377 82
3312 438 111
3313 1056 780
3314 1003 683
3315 251 36
3316 780 378
3317 222 28
3318 835 441
3319 586 204
3320 801 402
3321 509 152
3322 776 374
3323 928 565
3324 1135 951
3325 1052 772
3326 1062 792
3327 966 623
3328 168 16
3329 1139 961
3330 1012 699
3331 380 83
3332 1108 889
3333 785 384
3334 1130 939
3335 604 217
3336 1107 887
3337 782 381
3338 744 341
3339 914 544
3340 973 633
3341 609 221
3342 560 185
3343 578 198
3344 126 9
3345 992 664
3346 1139 962
3347 1116 907
3348 690 289
3349 1141 967
3350 849 459
3351 692 291
3352 258 38
3353 704 302
3354 1140 963
3355 1070 808
3356 633 240
3357 964 619
3358 271 42
3359 646 251
3360 878 495
3361 1153 996
3362 891 513
3363 718 315
3364 754 351
3365 767 365
3366 761 358
3367 809 411
3368 837 444
3369 1081 831
3370 609 221
3371 820 424
3372 1141 966
3373 800 401
3374 1023 719
3375 604 217
3376 956 606
3377 989 659
3378 1144 974
3379 882 501
3380 940 583
3381 517 157
3382 1128 934
3383 1041 751
3384 985 653
3385 540 172
3386 761 358
3387 667 269
3388 483 136
3389 491 141
3390 628 236
3391 933 572
3392 1055 778
3393 1086 840
3394 1123 924
3395 888 509
3396 803 404
3397 1095 861
3398 793 393
3399 823 427
3400 530 165
3401 690 289
3402 749 346
3403 615 226
3404 983 650
3405 1101 874
3406 687 286
3407 909 537
3408 506 150
3409 729 326
3410 908 536
3411 972 632
3412 875 491
3413 643 248
3414 974 635
3415 708 306
3416 859 471
3417 974 635
3418 797 397
3419 759 356
3420 1122 920
3421 432 108
3422 1037 744
3423 503 148
3424 972 632
3425 904 531
3426 575 196
3427 1038 746
3428 1132 945
3429 849 458
3430 865 478
3431 1038 745
3432 1020 712
3433 1044 756
3434 1113 900
3435 1065 798
3436 640 246
3437 865 479
3438 901 526
3439 936 576
3440 377 82
3441 1030 730
3442 783 382
3443 753 350
3444 833 439
3445 332 63
3446 1115 904
3447 324 60
3448 490 140
3449 1063 793
3450 1012 698
3451 304 53
3452 730 327
3453 1070 807
3454 995 669
3455 1148 985
3456 1122 920
3457 966 623
3458 1148 985
3459 873 489
3460 503 148
3461 734 331
3462 1110 892
3463 1045 758
3464 233 31
3465 738 335
3466 881 500
3467 1013 701
3468 930 568
3469 205 24
3470 930 568
3471 1077 821
3472 1037 744
3473 695 294
3474 993 666
3475 1141 966
3476 627 235
3477 968 626
3478 896 519
3479 795 395
3480 528 164
3481 1122 920
3482 607 220
3483 968 625
3484 1044 757
3485 589 206
3486 1091 851
3487 1099 869
3488 462 124
3489 1113 899
3490 693 292
3491 1139 961
3492 1104 879
3493 763 360
3494 911 540
3495 454 120
3496 690 289
3497 393 89
3498 890 512
3499 711 309
3500 42 1
3501 1137 957
3502 909 538
3503 840 447
3504 339 66
3505 931 569
3506 1051 771
3507 866 480
3508 900 525
3509 1059 785
3510 846 455
3511 662 264
3512 1028 728
3513 1135 951
3514 616 227
3515 812 414
3516 682 282
3517 707 305
3518 1133 946
3519 996 671
3520 628 236
3521 103 6
3522 830 435
3523 490 140
3524 1136 953
3525 1006 689
3526 702 300
3527 1062 792
3528 420 102
3529 1106 884
3530 815 418
3531 1081 831
3532 958 610
3533 812 414
3534 687 286
3535 715 312
3536 1117 910
3537 1144 973
3538 973 633
3539 999 676
3540 610 222
3541 1102 876
3542 520 159
3543 1064 796
3544 640 246
3545 704 302
3546 1097 864
3547 368 78
3548 929 566
3549 1104 880
3550 572 194
3551 840 447
3552 1040 750
3553 472 130
3554 1108 888
3555 645 250
3556 958 609
3557 1138 958
3558 934 573
3559 670 271
3560 704 302
3561 1019 711
3562 644 249
3563 1153 996
3564 932 570
3565 460 123
3566 815 418
3567 1148 984
3568 1103 878
3569 1059 785
3570 1060 788
3571 1109 890
3572 481 135
3573 447 116
3574 879 497
3575 1124 926
3576 866 480
3577 478 133
3578 800 401
3579 722 319
3580 800 401
3581 575 196
3582 1143 971
3583 1004 685
3584 788 387
3585 660 263
3586 1115 905
3587 740 337
3588 708 306
3589 1006 688
3590 967 624
3591 1068 804
3592 1006 689
3593 856 467
3594 944 589
3595 474 131
3596 1041 752
3597 1147 981
3598 581 200
3599 658 261
3600 771 369
3601 1110 894
3602 528 164
3603 537 170
3604 845 454
3605 1032 735
3606 575 196
3607 1080 829
3608 1065 797
3609 1039 748
3610 1128 936
3611 562 187
3612 596 211
3613 1146 979
3614 1031 733
3615 898 522
3616 586 204
3617 802 403
3618 1154 1000
3619 635 242
3620 814 417
3621 401 93
3622 1083 835
3623 791 391
3624 1121 919
3625 1150 990
3626 825 430
3627 1031 732
3628 403 94
3629 772 370
3630 453 119
3631 1033 736
3632 777 375
3633 1030 730
3634 571 193
3635 934 573
3636 999 677
3637 919 551
3638 663 265
3639 665 267
3640 432 108
3641 735 332
3642 849 459
3643 1006 689
3644 94 5
3645 991 663
3646 1067 801
3647 528 164
3648 1111 895
3649 913 543
3650 844 452
3651 630 238
3652 406 95
3653 632 239
3654 941 584
3655 901 527
3656 1086 841
3657 821 425
3658 980 644
3659 467 127
3660 1133 947
3661 666 268
3662 579 199
3663 1030 730
3664 715 312
3665 912 542
3666 638 244
3667 835 441
3668 887 507
3669 787 386
3670 1141 966
3671 641 247
3672 352 71
3673 321 59
3674 1060 788
3675 963 617
3676 307 54
3677 1053 774
3678 349 70
3679 619 229
3680 230 30
3681 416 100
3682 384 85
3683 1149 987
3684 881 500
3685 965 621
3686 776 374
3687 1062 791
3688 401 93
3689 1031 733
3690 820 423
3691 803 404
3692 671 272
3693 1034 738
3694 509 152
3695 375 81
3696 975 637
3697 274 43
3698 921 555
3699 941 584
3700 987 656
3701 983 650
3702 449 117
3703 571 193
3704 877 494
3705 627 235
3706 749 346
3707 616 227
3708 775 373
3709 1047 762
3710 665 267
3711 1039 747
3712 1078 824
3713 354 72
3714 1079 827
3715 1136 955
3716 909 537
3717 1138 959
3718 864 477
3719 693 292
3720 782 381
3721 1101 873
3722 1101 872
3723 1136 955
3724 1098 867
3725 928 564
3726 849 459
3727 1118 911
3728 586 204
3729 996 672
3730 1033 736
3731 373 80
3732 675 276
3733 940 582
3734 462 124
3735 874 490
3736 986 655
3737 318 58
3738 782 381
3739 754 351
3740 618 228
3741 1119 914
3742 1136 954
3743 671 272
3744 990 661
3745 94 5
3746 918 550
3747 870 485
3748 1117 909
3749 577 197
3750 639 245
3751 833 439
3752 570 192
3753 490 140
3754 598 213
3755 1127 932
3756 255 37
3757 605 218
3758 798 398
3759 1130 939
3760 762 359
3761 1137 957
3762 1126 930
3763 1076 819
3764 453 119
3765 543 174
3766 1073 813
3767 814 416
3768 910 539
3769 691 290
3770 894 517
3771 877 494
3772 486 138
3773 871 486
3774 874 490
3775 1017 707
3776 1103 877
3777 594 210
3778 799 399
3779 393 89
3780 1144 975
3781 1077 823
3782 679 279
3783 241 33
3784 1134 950
3785 941 584
3786 723 320
3787 1142 968
3788 981 647
3789 719 316
3790 1136 955
3791 1022 717
3792 449 117
3793 988 658
3794 873 489
3795 1015 704
3796 716 313
3797 472 130
3798 287 47
3799 609 221
3800 397 91
3801 645 250
3802 500 146
3803 451 118
3804 406 95
3805 777 375
3806 596 211
3807 751 348
3808 1097 865
3809 714 311
3810 666 268
3811 1014 703
3812 1148 985
3813 744 341
3814 1142 969
3815 785 384
3816 508 151
3817 1044 756
3818 1066 800
3819 845 454
3820 1138 960
3821 808 410
3822 723 320
3823 767 365
3824 478 133
3825 951 599
3826 720 317
3827 496 144
3828 692 291
3829 585 203
3830 725 322
3831 940 583
3832 517 157
3833 645 250
3834 1095 861
3835 1145 977
3836 1120 916
3837 954 603
3838 737 334
3839 361 75
3840 1001 679
3841 693 292
3842 1114 903
3843 1066 799
3844 892 514
3845 453 119
3846 999 677
3847 945 590
3848 274 43
3849 987 656
3850 554 181
3851 999 677
3852 896 519
3853 1144 973
3854 1001 679
3855 836 443
3856 337 65
3857 1150 988
3858 1138 958
3859 1086 841
3860 675 276
3861 878 495
3862 600 214
3863 847 456
3864 674 275
3865 460 123
3866 586 204
3867 895 518
3868 1100 871
3869 445 115
3870 914 545
3871 1145 977
3872 723 320
3873 1097 865
3874 1089 847
3875 441 113
3876 808 410
3877 1005 686
3878 511 153
3879 549 178
3880 749 346
3881 1022 717
3882 622 231
3883 791 391
3884 895 518
3885 342 67
3886 1081 831
3887 890 512
3888 952 600
3889 560 185
3890 1103 877
3891 1072 812
3892 656 259
3893 1122 920
3894 397 91
3895 1045 759
3896 1113 900
3897 1079 827
3898 1067 801
3899 736 333
3900 849 458
3901 652 256
3902 230 30
3903 1022 716
3904 894 517
3905 1151 991
3906 344 68
3907 687 286
3908 1047 762
3909 293 49
3910 332 63
3911 1140 964
3912 980 645
3913 1071 809
3914 1057 782
3915 816 419
3916 1091 852
3917 1009 694
3918 884 504
3919 133 10
3920 802 403
3921 730 327
3922 992 664
3923 1133 946
3924 1090 850
3925 598 213
3926 582 201
3927 1150 988
3928 1089 848
3929 1039 747
3930 537 170
3931 1065 798
3932 994 667
3933 968 625
3934 299 51
3935 678 278
3936 463 125
3937 1052 772
3938 832 438
3939 810 412
3940 469 128
3941 935 575
3942 103 6
3943 759 356
3944 794 394
3945 1045 758
3946 757 354
3947 1151 993
3948 655 258
3949 1040 749
3950 513 154
3951 1072 811
3952 205 24
3953 382 84
3954 1063 793
3955 1136 953
3956 354 72
3957 226 29
3958 511 153
3959 1062 791
3960 438 111
3961 628 236
3962 1145 977
3963 1011 697
3964 1102 876
3965 783 382
3966 741 338
3967 517 157
3968 785 384
3969 594 210
3970 1052 773
3971 1095 861
3972 531 166
3973 214 26
3974 966 622
3975 583 202
3976 780 379
3977 937 578
3978 666 268
3979 1108 889
3980 640 246
3981 570 192
3982 1040 750
3983 1123 922
3984 592 208
3985 808 410
3986 805 406
3987 943 587
3988 504 149
3989 780 378
3990 339 66
3991 848 457
3992 861 473
3993 226 29
3994 825 429
3995 678 278
3996 944 588
3997 679 279
3998 1087 842
3999 742 339
4000 713 310
4001 1041 752
4002 952 601
4003 982 648
4004 500 146
4005 771 369
4006 495 143
4007 600 214
4008 913 543
4009 1045 759
4010 787 386
4011 693 292
4012 1020 713
4013 1053 775
4014 271 42
4015 845 454
4016 789 388
4017 334 64
4018 873 489
4019 976 639
4020 1025 721
4021 948 595
4022 1008 691
4023 581 200
4024 508 151
4025 1117 910
4026 981 646
4027 895 518
4028 836 443
4029 1088 844
4030 321 59
4031 991 663
4032 991 663
4033 791 390
4034 665 267
4035 825 429
4036 307 54
4037 1127 933
4038 725 322
4039 1105 881
4040 783 382
4041 999 676
4042 307 54
4043 1070 808
4044 850 460
4045 395 90
4046 689 288
4047 593 209
4048 932 571
4049 695 294
4050 1082 833
4051 894 517
4052 845 453
4053 707 305
4054 791 390
4055 906 533
4056 688 287
4057 1019 711
4058 629 237
4059 907 535
4060 707 305
4061 906 533
4062 882 501
4063 1071 809
4064 1043 755
4065 735 332
4066 1101 873
4067 1013 700
4068 614 225
4069 1008 692
4070 517 157
4071 1105 882
4072 643 248
4073 1042 753
4074 820 423
4075 287 47
4076 1096 862
4077 1078 825
4078 1128 935
4079 445 115
4080 491 141
4081 869 484
4082 386 86
4083 347 69
4084 1081 831
4085 1042 754
4086 717 314
4087 1086 841
4088 954 603
4089 265 40
4090 1111 896
4091 788 387
4092 1124 926
4093 836 442
4094 952 600
4095 126 9
4096 445 115
4097 525 162
4098 1144 973
4099 960 613
4100 998 675
4101 332 63
4102 1133 946
4103 1050 768
4104 888 509
4105 1131 942
4106 1040 749
4107 890 512
4108 601 215
4109 1103 877
4110 531 166
4111 794 394
4112 787 386
4113 765 362
4114 644 249
4115 406 95
4116 914 545
4117 453 119
4118 660 263
4119 299 51
4120 1105 882
4121 1122 921
4122 293 49
4123 337 65
4124 596 211
4125 1127 932
4126 985 653
4127 884 504
4128 760 357
4129 884 504
4130 934 574
4131 755 352
4132 516 156
4133 1062 791
4134 557 183
4135 882 501
4136 999 677
4137 540 172
4138 119 8
4139 321 59
4140 284 46
4141 911 540
4142 545 175
4143 820 423
4144 458 122
4145 334 64
4146 1028 728
4147 1130 940
4148 801 402
4149 653 257
4150 845 453
4151 1064 795
4152 836 443
4153 625 234
4154 966 622
4155 807 409
4156 610 222
4157 605 218
4158 874 490
4159 994 668
4160 726 323
4161 912 542
4162 1047 763
4163 865 478
4164 1080 829
4165 829 434
4166 493 142
4167 119 8
4168 1093 856
4169 634 241
4170 1138 960
4171 1142 968
4172 1077 822
4173 840 448
4174 456 121
4175 1026 723
4176 1150 989
4177 935 575
4178 552 180
4179 1079 826
4180 1011 697
4181 1053 775
4182 1031 733
4183 716 313
4184 1010 696
4185 905 532
4186 1122 921
4187 1102 875
4188 1042 753
4189 1047 763
4190 1050 769
4191 754 351
4192 1080 828
4193 1144 973
4194 825 430
4195 818 421
4196 666 268
4197 780 378
4198 986 654
4199 1136 953
4200 976 639
4201 1066 799
4202 694 293
4203 1045 759
4204 476 132
4205 902 528
4206 939 581
4207 1039 748
4208 989 659
4209 995 669
4210 1147 982
4211 969 627
4212 496 144
4213 821 425
4214 975 637
4215 1031 733
4216 914 544
4217 326 61
4218 614 225
4219 784 383
4220 1095 859
4221 1011 697
4222 947 593
4223 546 176
4224 1001 680
4225 693 292
4226 453 119
4227 111 7
4228 183 19
4229 1032 734
4230 422 103
4231 1135 952
4232 1142 969
4233 810 412
4234 890 512
4235 1115 904
4236 936 577
4237 1076 820
4238 786 385
4239 1110 892
4240 577 197
4241 1052 772
4242 639 245
4243 1027 726
4244 453 119
4245 946 591
4246 1028 727
4247 1037 743
4248 759 356
4249 754 351
4250 479 134
4251 882 501
4252 1021 715
4253 574 195
4254 836 442
4255 307 54
4256 833 439
4257 892 514
4258 1146 980
4259 904 531
4260 1132 944
4261 976 638
4262 1002 681
4263 737 334
4264 1144 974
4265 1025 722
4266 1114 903
4267 539 171
4268 825 430
4269 1117 908
4270 912 542
4271 963 618
4272 920 553
4273 361 75
4274 853 464
4275 1116 907
4276 1076 820
4277 511 153
4278 318 58
4279 1041 752
4280 708 306
4281 1046 761
4282 1128 936
4283 543 174
4284 606 219
4285 582 201
4286 666 268
4287 1140 963
4288 1025 721
4289 426 105
4290 745 342
4291 978 641
4292 1031 733
4293 932 570
4294 1140 964
4295 548 177
4296 760 357
4297 1148 984
4298 989 660
4299 1151 993
4300 410 97
4301 962 616
4302 955 605
4303 543 174
4304 1011 697
4305 1123 922
4306 988 657
4307 842 450
4308 1128 936
4309 924 559
4310 889 510
4311 493 142
4312 1048 764
4313 1083 835
4314 981 647
4315 827 432
4316 773 371
4317 1008 692
4318 913 543
4319 971 630
4320 1110 894
4321 1074 816
4322 912 542
4323 1132 945
4324 560 185
4325 904 531
4326 1011 697
4327 830 435
4328 699 297
4329 1150 990
4330 589 206
4331 840 448
4332 503 148
4333 962 616
4334 760 357
4335 1115 904
4336 1102 876
4337 848 457
4338 698 296
4339 1060 787
4340 1004 684
4341 848 457
4342 726 323
4343 1064 795
4344 1041 752
4345 1061 789
4346 735 332
4347 639 245
4348 748 345
4349 787 386
4350 1130 939
4351 1058 784
4352 1124 926
4353 233 31
4354 1026 723
4355 904 531
4356 1084 836
4357 467 127
4358 1057 782
4359 1140 963
4360 1019 711
4361 954 604
4362 955 605
4363 525 162
4364 1018 710
4365 1084 837
4366 326 61
4367 1086 840
4368 244 34
4369 1054 776
4370 514 155
4371 465 126
4372 945 590
4373 1132 944
4374 707 305
4375 1124 926
4376 1001 680
4377 972 631
4378 775 373
4379 751 348
4380 1045 758
4381 1140 964
4382 391 88
4383 820 423
4384 1083 834
4385 568 191
4386 1031 732
4387 1128 936
4388 465 126
4389 1148 983
4390 565 189
4391 1046 760
4392 1148 984
4393 842 450
4394 337 65
4395 1153 998
4396 201 23
4397 1018 709
4398 1144 975
4399 1085 839
4400 574 195
4401 1041 751
4402 361 75
4403 1126 931
4404 334 64
4405 1055 778
4406 483 136
4407 826 431
4408 527 163
4409 861 474
4410 382 84
4411 226 29
4412 927 563
4413 989 659
4414 651 255
4415 869 484
4416 699 297
4417 1138 958
4418 843 451
4419 567 190
4420 919 551
4421 1017 708
4422 1127 933
4423 462 124
4424 1048 764
4425 1097 865
4426 318 58
4427 564 188
4428 1089 847
4429 749 346
4430 1051 771
4431 1152 995
4432 754 351
4433 1049 767
4434 1038 745
4435 1026 723
4436 441 113
4437 978 641
4438 847 456
4439 578 198
4440 614 225
4441 1106 884
4442 738 335
4443 1058 784
4444 825 430
4445 436 110
4446 420 102
4447 977 640
4448 898 522
4449 858 470
4450 1121 919
4451 1141 967
4452 914 544
4453 711 309
4454 1040 750
4455 812 414
4456 1095 860
4457 1074 815
4458 1046 760
4459 922 556
4460 761 358
4461 959 611
4462 935 575
4463 1114 902
4464 776 374
4465 650 254
4466 1126 931
4467 384 85
4468 604 217
4469 684 284
4470 749 346
4471 734 331
4472 808 410
4473 961 615
4474 747 344
4475 1073 813
4476 1105 881
4477 720 317
4478 986 655
4479 874 490
4480 840 447
4481 1144 973
4482 827 432
4483 1067 801
4484 1118 911
4485 842 450
4486 878 496
4487 1032 735
4488 846 455
4489 1032 734
4490 1013 700
4491 329 62
4492 999 676
4493 1104 880
4494 1072 812
4495 981 647
4496 375 81
4497 157 14
4498 1003 683
4499 623 232
4500 972 632
4501 994 667
4502 628 236
4503 1103 878
4504 845 454
4505 1082 833
4506 906 534
4507 1140 964
4508 1060 787
4509 778 376
4510 560 185
4511 1054 777
4512 1053 775
4513 955 605
4514 1089 847
4515 329 62
4516 871 486
4517 1008 691
4518 299 51
4519 1077 821
4520 1130 940
4521 588 205
4522 1117 908
4523 1140 963
4524 861 474
4525 456 121
4526 460 123
4527 871 486
4528 659 262
4529 610 222
4530 878 496
4531 650 254
4532 1088 846
4533 858 470
4534 1122 920
4535 1151 991
4536 1073 814
4537 1031 732
4538 1063 793
4539 1014 702
4540 999 676
4541 1138 959
4542 944 588
4543 1100 871
4544 983 650
4545 1117 909
4546 1090 850
4547 304 53
4548 789 388
4549 890 512
4550 1111 895
4551 644 249
4552 917 549
4553 1143 972
4554 842 450
4555 456 121
4556 493 142
4557 695 294
4558 1030 730
4559 474 131
4560 679 279
4561 610 222
4562 973 634
4563 839 446
4564 1133 947
4565 1099 869
4566 542 173
4567 467 127
4568 890 512
4569 859 471
4570 1071 810
4571 614 225
4572 1048 764
4573 808 410
4574 962 616
4575 274 43
4576 441 113
4577 999 677
4578 1064 795
4579 284 46
4580 958 609
4581 1086 841
4582 639 245
4583 881 500
4584 337 65
4585 1068 803
4586 1095 861
4587 1152 994
4588 937 578
4589 651 255
4590 562 187
4591 479 134
4592 726 323
4593 858 470
4594 814 417
4595 373 80
4596 1138 960
4597 439 112
4598 299 51
4599 965 621
4600 1138 958
4601 1025 722
4602 590 207
4603 590 207
4604 380 83
4605 968 625
4606 721 318
4607 1081 830
4608 855 466
4609 1013 701
4610 1033 736
4611 1119 913
4612 975 637
4613 833 439
4614 1149 987
4615 975 637
4616 740 337
4617 725 322
4618 1147 981
4619 1076 820
4620 811 413
4621 934 573
4622 888 509
4623 754 351
4624 772 370
4625 737 334
4626 1080 829
4627 1144 973
4628 1146 979
4629 546 176
4630 794 394
4631 1078 824
4632 1092 854
4633 1061 790
4634 1016 706
4635 878 495
4636 682 282
4637 1069 805
4638 1004 684
4639 871 486
4640 1037 743
4641 1061 789
4642 836 443
4643 508 151
4644 671 272
4645 987 656
4646 1152 995
4647 916 548
4648 1012 699
4649 1042 753
4650 1002 682
4651 375 81
4652 730 327
4653 713 310
4654 509 152
4655 923 558
4656 1031 732
4657 1000 678
4658 1100 870
4659 994 667
4660 839 446
4661 893 515
4662 868 482
4663 1067 802
4664 1112 898
4665 524 161
4666 1029 729
4667 963 617
4668 1148 983
4669 598 213
4670 1060 787
4671 857 468
4672 912 542
4673 976 638
4674 183 19
4675 436 110
4676 472 130
4677 1014 702
4678 302 52
4679 511 153
4680 354 72
4681 897 521
4682 618 228
4683 890 512
4684 1070 808
4685 188 20
4686 222 28
4687 789 388
4688 867 481
4689 1058 783
4690 744 341
4691 552 180
4692 800 400
4693 574 195
4694 766 364
4695 978 642
4696 426 105
4697 999 676
4698 258 38
4699 767 365
4700 857 468
4701 847 456
4702 1060 788
4703 1050 769
4704 571 193
4705 197 22
4706 785 384
4707 715 312
4708 899 524
4709 853 464
4710 1103 878
4711 447 116
4712 1094 857
4713 534 168
4714 139 11
4715 1063 793
4716 1151 992
4717 307 54
4718 484 137
4719 1049 767
4720 339 66
4721 1010 695
4722 354 72
4723 1018 710
4724 897 521
4725 533 167
4726 589 206
4727 1145 977
4728 397 91
4729 878 496
4730 671 272
4731 460 123
4732 408 96
4733 992 664
4734 912 542
4735 607 220
4736 641 247
4737 651 255
4738 958 610
4739 1091 851
4740 647 252
4741 760 357
4742 548 177
4743 1077 821
4744 1117 909
4745 1086 840
4746 1115 904
4747 1147 981
4748 1111 895
4749 1143 972
4750 679 279
4751 786 385
4752 825 429
4753 834 440
4754 909 537
4755 887 507
4756 210 25
4757 1100 871
4758 682 282
4759 542 173
4760 681 281
4761 1004 684
4762 754 351
4763 674 275
4764 527 163
4765 432 108
4766 707 305
4767 984 652
4768 1074 816
4769 391 88
4770 1006 689
4771 1082 833
4772 575 196
4773 967 624
4774 950 597
4775 364 76
4776 585 203
4777 778 376
4778 1075 817
4779 993 666
4780 995 670
4781 386 86
4782 422 103
4783 644 249
4784 1150 988
4785 828 433
4786 579 199
4787 892 514
4788 814 416
4789 1008 691
4790 877 494
4791 966 623
4792 1086 841
4793 439 112
4794 1087 843
4795 986 654
4796 658 261
4797 735 332
4798 944 589
4799 998 675
4800 84 4
4801 290 48
4802 284 46
4803 707 305
4804 1149 987
4805 1153 998
4806 1136 954
4807 1067 802
4808 1150 989
4809 509 152
4810 454 120
4811 296 50
4812 460 123
4813 743 340
4814 1128 935
4815 1001 679
4816 609 221
4817 1123 922
4818 59 2
4819 73 3
4820 924 559
4821 1030 731
4822 702 300
4823 439 112
4824 1106 884
4825 528 164
4826 564 188
4827 904 530
4828 1088 846
4829 1020 712
4830 886 506
4831 334 64
4832 766 363
4833 614 225
4834 820 423
4835 893 515
4836 1082 833
4837 1082 832
4838 958 609
4839 1117 909
4840 1002 682
4841 896 520
4842 364 76
4843 1098 867
4844 509 152
4845 230 30
4846 1050 769
4847 1008 691
4848 625 234
4849 899 523
4850 915 546
4851 1128 934
4852 145 12
4853 408 96
4854 701 299
4855 1147 982
4856 616 227
4857 1074 816
4858 984 651
4859 1108 889
4860 906 534
4861 1075 817
4862 1093 856
4863 710 308
4864 403 94
4865 183 19
4866 1100 870
4867 778 376
4868 650 254
4869 981 646
4870 890 512
4871 935 575
4872 1060 787
4873 814 416
4874 1061 789
4875 1104 879
4876 1143 972
4877 1120 917
4878 887 508
4879 530 165
4880 937 578
4881 564 188
4882 287 47
4883 742 339
4884 897 521
4885 872 488
4886 1034 739
4887 674 275
4888 703 301
4889 607 220
4890 650 254
4891 1083 834
4892 384 85
4893 999 677
4894 820 424
4895 619 229
4896 780 379
4897 887 508
4898 1094 858
4899 1085 838
4900 1059 786
4901 1025 721
4902 897 521
4903 865 479
4904 721 318
4905 930 568
4906 539 171
4907 1031 733
4908 826 431
4909 951 599
4910 866 480
4911 1045 758
4912 1048 765
4913 1120 917
4914 794 394
4915 742 339
4916 939 581
4917 1027 725
4918 1103 877
4919 865 478
4920 583 202
4921 1115 904
4922 996 671
4923 1064 796
4924 1102 876
4925 1000 678
4926 1046 760
4927 702 300
4928 1102 876
4929 728 325
4930 788 387
4931 555 182
4932 1134 949
4933 454 120
4934 596 211
4935 767 365
4936 1088 844
4937 268 41
4938 1134 950
4939 1124 925
4940 1078 825
4941 1144 974
4942 1095 861
4943 1084 836
4944 830 435
4945 878 495
4946 614 225
4947 1013 700
4948 799 399
4949 281 45
4950 986 655
4951 371 79
4952 822 426
4953 463 125
4954 970 628
4955 1021 714
4956 1075 817
4957 1047 763
4958 1136 954
4959 836 442
4960 982 648
4961 495 143
4962 681 281
4963 1145 977
4964 1138 959
4965 1071 810
4966 1023 718
4967 1042 753
4968 493 142
4969 1094 857
4970 1100 870
4971 1085 839
4972 1146 978
4973 1029 729
4974 1021 715
4975 1122 921
4976 744 341
4977 873 489
4978 610 222
4979 496 144
4980 1105 881
4981 926 562
4982 948 594
4983 918 550
4984 1147 981
4985 756 353
4986 601 215
4987 316 57
4988 567 190
4989 1004 684
4990 463 125
4991 669 270
4992 696 295
4993 1082 832
4994 899 524
4995 1057 782
4996 1148 985
4997 931 569
4998 725 322
4999 964 619
5000 321 59
