5000 1290055 12_5000_1000_3833
1 426 394
2 426 394
3 1065 985
4 1491 1379
5 744 688
6 213 197
7 837 774
8 558 516
9 837 774
10 93 86
11 426 394
12 426 394
13 1491 1379
14 372 344
15 744 688
16 744 688
17 1704 1576
18 93 86
19 2130 1970
20 93 86
21 426 394
22 852 788
23 279 258
24 1704 1576
25 186 172
26 93 86
27 651 602
28 1491 1379
29 930 860
30 279 258
31 426 394
32 852 788
33 465 430
34 1917 1773
35 93 86
36 651 602
37 372 344
38 930 860
39 837 774
40 186 172
41 279 258
42 93 86
43 279 258
44 2130 1970
45 1704 1576
46 1917 1773
47 93 86
48 213 197
49 186 172
50 186 172
51 279 258
52 2130 1970
53 1917 1773
54 1704 1576
55 852 788
56 651 602
57 930 860
58 930 860
59 930 860
60 1278 1182
61 1491 1379
62 372 344
63 1278 1182
64 930 860
65 186 172
66 651 602
67 837 774
68 2130 1970
69 279 258
70 837 774
71 930 860
72 837 774
73 1917 1773
74 1917 1773
75 639 591
76 2130 1970
77 639 591
78 279 258
79 1065 985
80 930 860
81 558 516
82 639 591
83 1704 1576
84 651 602
85 639 591
86 93 86
87 837 774
88 930 860
89 465 430
90 93 86
91 1065 985
92 1278 1182
93 744 688
94 213 197
95 1917 1773
96 372 344
97 1917 1773
98 186 172
99 2130 1970
100 744 688
101 651 602
102 651 602
103 186 172
104 639 591
105 1917 1773
106 837 774
107 93 86
108 1491 1379
109 186 172
110 426 394
111 1278 1182
112 213 197
113 852 788
114 930 860
115 186 172
116 372 344
117 639 591
118 372 344
119 2130 1970
120 852 788
121 465 430
122 1278 1182
123 279 258
124 279 258
125 639 591
126 930 860
127 651 602
128 186 172
129 2130 1970
130 465 430
131 186 172
132 279 258
133 186 172
134 186 172
135 744 688
136 930 860
137 639 591
138 651 602
139 279 258
140 1491 1379
141 465 430
142 213 197
143 372 344
144 639 591
145 465 430
146 213 197
147 1278 1182
148 651 602
149 1278 1182
150 465 430
151 639 591
152 186 172
153 372 344
154 558 516
155 213 197
156 93 86
157 1278 1182
158 852 788
159 852 788
160 213 197
161 1704 1576
162 1704 1576
163 1278 1182
164 639 591
165 837 774
166 744 688
167 837 774
168 837 774
169 930 860
170 852 788
171 1704 1576
172 744 688
173 1491 1379
174 1278 1182
175 639 591
176 465 430
177 639 591
178 852 788
179 213 197
180 837 774
181 558 516
182 1491 1379
183 651 602
184 372 344
185 465 430
186 426 394
187 1491 1379
188 1278 1182
189 558 516
190 93 86
191 930 860
192 186 172
193 1704 1576
194 852 788
195 93 86
196 186 172
197 744 688
198 1065 985
199 837 774
200 2130 1970
201 2130 1970
202 639 591
203 639 591
204 837 774
205 426 394
206 837 774
207 93 86
208 1065 985
209 558 516
210 852 788
211 372 344
212 1278 1182
213 186 172
214 213 197
215 1278 1182
216 465 430
217 465 430
218 1917 1773
219 213 197
220 1917 1773
221 372 344
222 93 86
223 279 258
224 186 172
225 852 788
226 1065 985
227 1704 1576
228 1278 1182
229 744 688
230 639 591
231 1917 1773
232 279 258
233 465 430
234 852 788
235 93 86
236 372 344
237 1065 985
238 426 394
239 852 788
240 372 344
241 651 602
242 1491 1379
243 372 344
244 1278 1182
245 744 688
246 93 86
247 213 197
248 1278 1182
249 1278 1182
250 852 788
251 1704 1576
252 372 344
253 1917 1773
254 744 688
255 1704 1576
256 837 774
257 558 516
258 93 86
259 279 258
260 213 197
261 186 172
262 426 394
263 1917 1773
264 213 197
265 1704 1576
266 558 516
267 852 788
268 651 602
269 837 774
270 639 591
271 279 258
272 744 688
273 1917 1773
274 186 172
275 1491 1379
276 930 860
277 279 258
278 1704 1576
279 852 788
280 558 516
281 1278 1182
282 1278 1182
283 186 172
284 651 602
285 1065 985
286 744 688
287 1917 1773
288 2130 1970
289 465 430
290 93 86
291 1917 1773
292 186 172
293 744 688
294 1491 1379
295 1278 1182
296 837 774
297 930 860
298 1704 1576
299 186 172
300 837 774
301 1278 1182
302 930 860
303 930 860
304 852 788
305 426 394
306 93 86
307 1704 1576
308 930 860
309 1278 1182
310 2130 1970
311 372 344
312 837 774
313 186 172
314 852 788
315 1491 1379
316 639 591
317 930 860
318 372 344
319 213 197
320 744 688
321 1065 985
322 213 197
323 372 344
324 930 860
325 837 774
326 852 788
327 558 516
328 651 602
329 651 602
330 93 86
331 372 344
332 558 516
333 744 688
334 651 602
335 1704 1576
336 1917 1773
337 372 344
338 852 788
339 639 591
340 930 860
341 465 430
342 558 516
343 651 602
344 1917 1773
345 2130 1970
346 558 516
347 186 172
348 1704 1576
349 651 602
350 372 344
351 930 860
352 651 602
353 744 688
354 744 688
355 93 86
356 1491 1379
357 558 516
358 651 602
359 426 394
360 2130 1970
361 213 197
362 1278 1182
363 930 860
364 558 516
365 186 172
366 213 197
367 279 258
368 426 394
369 426 394
370 465 430
371 1065 985
372 744 688
373 2130 1970
374 558 516
375 93 86
376 558 516
377 651 602
378 639 591
379 639 591
380 186 172
381 2130 1970
382 852 788
383 465 430
384 558 516
385 1917 1773
386 186 172
387 213 197
388 1065 985
389 93 86
390 1704 1576
391 426 394
392 1917 1773
393 213 197
394 639 591
395 2130 1970
396 465 430
397 465 430
398 1278 1182
399 558 516
400 2130 1970
401 426 394
402 744 688
403 2130 1970
404 639 591
405 852 788
406 2130 1970
407 2130 1970
408 213 197
409 465 430
410 744 688
411 93 86
412 558 516
413 1704 1576
414 930 860
415 1278 1182
416 558 516
417 837 774
418 2130 1970
419 2130 1970
420 93 86
421 558 516
422 93 86
423 186 172
424 1917 1773
425 1065 985
426 1491 1379
427 372 344
428 1917 1773
429 1917 1773
430 930 860
431 837 774
432 639 591
433 852 788
434 837 774
435 1917 1773
436 1065 985
437 1704 1576
438 837 774
439 1278 1182
440 2130 1970
441 1704 1576
442 372 344
443 1704 1576
444 1278 1182
445 930 860
446 1704 1576
447 1278 1182
448 1917 1773
449 372 344
450 213 197
451 558 516
452 744 688
453 852 788
454 639 591
455 426 394
456 837 774
457 1704 1576
458 1491 1379
459 426 394
460 1065 985
461 1491 1379
462 558 516
463 279 258
464 465 430
465 852 788
466 651 602
467 852 788
468 1278 1182
469 186 172
470 837 774
471 639 591
472 465 430
473 1065 985
474 930 860
475 1917 1773
476 930 860
477 372 344
478 930 860
479 1704 1576
480 1704 1576
481 852 788
482 213 197
483 744 688
484 2130 1970
485 426 394
486 426 394
487 852 788
488 639 591
489 639 591
490 852 788
491 1491 1379
492 852 788
493 744 688
494 279 258
495 213 197
496 213 197
497 558 516
498 279 258
499 744 688
500 639 591
501 837 774
502 426 394
503 1917 1773
504 213 197
505 1065 985
506 558 516
507 744 688
508 465 430
509 639 591
510 1704 1576
511 930 860
512 1704 1576
513 852 788
514 93 86
515 558 516
516 1704 1576
517 372 344
518 930 860
519 426 394
520 639 591
521 852 788
522 93 86
523 279 258
524 2130 1970
525 558 516
526 651 602
527 1065 985
528 465 430
529 426 394
530 1917 1773
531 93 86
532 372 344
533 186 172
534 2130 1970
535 930 860
536 93 86
537 852 788
538 279 258
539 558 516
540 1917 1773
541 279 258
542 639 591
543 558 516
544 1491 1379
545 1704 1576
546 2130 1970
547 744 688
548 837 774
549 852 788
550 213 197
551 186 172
552 372 344
553 837 774
554 639 591
555 558 516
556 1065 985
557 1917 1773
558 837 774
559 279 258
560 1917 1773
561 372 344
562 279 258
563 852 788
564 651 602
565 1065 985
566 1917 1773
567 930 860
568 372 344
569 852 788
570 1704 1576
571 1278 1182
572 744 688
573 465 430
574 639 591
575 1278 1182
576 372 344
577 426 394
578 465 430
579 465 430
580 186 172
581 1917 1773
582 93 86
583 372 344
584 651 602
585 1278 1182
586 186 172
587 1491 1379
588 279 258
589 372 344
590 213 197
591 1491 1379
592 639 591
593 1278 1182
594 186 172
595 2130 1970
596 1065 985
597 1278 1182
598 1491 1379
599 1491 1379
600 1491 1379
601 852 788
602 372 344
603 213 197
604 2130 1970
605 1704 1576
606 426 394
607 558 516
608 1704 1576
609 639 591
610 1065 985
611 837 774
612 1491 1379
613 426 394
614 1278 1182
615 93 86
616 279 258
617 1704 1576
618 837 774
619 744 688
620 372 344
621 186 172
622 852 788
623 1917 1773
624 558 516
625 744 688
626 2130 1970
627 744 688
628 2130 1970
629 852 788
630 852 788
631 465 430
632 744 688
633 1278 1182
634 2130 1970
635 1704 1576
636 744 688
637 372 344
638 279 258
639 426 394
640 1278 1182
641 186 172
642 426 394
643 465 430
644 186 172
645 639 591
646 639 591
647 639 591
648 465 430
649 93 86
650 279 258
651 1278 1182
652 837 774
653 1065 985
654 930 860
655 279 258
656 465 430
657 426 394
658 852 788
659 639 591
660 744 688
661 186 172
662 1491 1379
663 1065 985
664 930 860
665 744 688
666 930 860
667 852 788
668 558 516
669 1491 1379
670 372 344
671 558 516
672 426 394
673 639 591
674 1491 1379
675 213 197
676 213 197
677 837 774
678 372 344
679 465 430
680 837 774
681 279 258
682 651 602
683 465 430
684 1917 1773
685 372 344
686 744 688
687 639 591
688 837 774
689 852 788
690 639 591
691 1704 1576
692 852 788
693 558 516
694 2130 1970
695 639 591
696 651 602
697 213 197
698 837 774
699 2130 1970
700 2130 1970
701 852 788
702 2130 1970
703 558 516
704 651 602
705 852 788
706 372 344
707 852 788
708 213 197
709 1491 1379
710 1065 985
711 279 258
712 426 394
713 2130 1970
714 1278 1182
715 1704 1576
716 213 197
717 1704 1576
718 639 591
719 2130 1970
720 372 344
721 1065 985
722 213 197
723 186 172
724 930 860
725 651 602
726 1491 1379
727 372 344
728 1704 1576
729 930 860
730 930 860
731 639 591
732 651 602
733 852 788
734 837 774
735 1278 1182
736 1278 1182
737 1704 1576
738 465 430
739 930 860
740 1704 1576
741 465 430
742 2130 1970
743 639 591
744 1704 1576
745 186 172
746 2130 1970
747 93 86
748 837 774
749 639 591
750 639 591
751 1917 1773
752 1491 1379
753 639 591
754 465 430
755 465 430
756 186 172
757 852 788
758 639 591
759 1278 1182
760 372 344
761 1491 1379
762 2130 1970
763 852 788
764 1065 985
765 837 774
766 1917 1773
767 93 86
768 1065 985
769 465 430
770 1704 1576
771 558 516
772 1278 1182
773 186 172
774 465 430
775 930 860
776 1704 1576
777 279 258
778 930 860
779 837 774
780 651 602
781 1917 1773
782 426 394
783 744 688
784 213 197
785 1278 1182
786 1491 1379
787 1491 1379
788 372 344
789 1491 1379
790 213 197
791 1704 1576
792 93 86
793 558 516
794 1278 1182
795 651 602
796 372 344
797 1704 1576
798 1278 1182
799 2130 1970
800 1491 1379
801 1278 1182
802 1491 1379
803 213 197
804 930 860
805 372 344
806 837 774
807 744 688
808 1917 1773
809 186 172
810 651 602
811 837 774
812 1491 1379
813 837 774
814 639 591
815 852 788
816 426 394
817 1917 1773
818 93 86
819 651 602
820 837 774
821 852 788
822 213 197
823 186 172
824 558 516
825 2130 1970
826 744 688
827 837 774
828 1917 1773
829 279 258
830 1065 985
831 213 197
832 930 860
833 213 197
834 213 197
835 930 860
836 1704 1576
837 1917 1773
838 1704 1576
839 558 516
840 1917 1773
841 465 430
842 2130 1970
843 744 688
844 852 788
845 2130 1970
846 639 591
847 744 688
848 1065 985
849 852 788
850 837 774
851 639 591
852 93 86
853 186 172
854 1278 1182
855 1704 1576
856 1278 1182
857 1917 1773
858 213 197
859 1704 1576
860 558 516
861 2130 1970
862 852 788
863 1491 1379
864 1065 985
865 558 516
866 930 860
867 1704 1576
868 930 860
869 1917 1773
870 372 344
871 1065 985
872 372 344
873 186 172
874 2130 1970
875 213 197
876 93 86
877 930 860
878 558 516
879 186 172
880 93 86
881 465 430
882 639 591
883 639 591
884 186 172
885 558 516
886 426 394
887 1278 1182
888 852 788
889 651 602
890 852 788
891 213 197
892 1065 985
893 1065 985
894 426 394
895 426 394
896 465 430
897 744 688
898 1917 1773
899 744 688
900 213 197
901 186 172
902 213 197
903 639 591
904 186 172
905 558 516
906 1278 1182
907 837 774
908 279 258
909 2130 1970
910 651 602
911 465 430
912 426 394
913 186 172
914 186 172
915 372 344
916 651 602
917 930 860
918 186 172
919 852 788
920 1704 1576
921 93 86
922 852 788
923 186 172
924 213 197
925 1917 1773
926 1917 1773
927 558 516
928 651 602
929 1704 1576
930 1065 985
931 1491 1379
932 279 258
933 852 788
934 1917 1773
935 2130 1970
936 1917 1773
937 651 602
938 1278 1182
939 213 197
940 426 394
941 639 591
942 1917 1773
943 1917 1773
944 1917 1773
945 1917 1773
946 852 788
947 744 688
948 186 172
949 1704 1576
950 372 344
951 930 860
952 1917 1773
953 930 860
954 1278 1182
955 372 344
956 558 516
957 465 430
958 93 86
959 186 172
960 1278 1182
961 852 788
962 651 602
963 558 516
964 426 394
965 852 788
966 2130 1970
967 186 172
968 558 516
969 1917 1773
970 651 602
971 1278 1182
972 186 172
973 639 591
974 558 516
975 930 860
976 1491 1379
977 186 172
978 2130 1970
979 930 860
980 837 774
981 213 197
982 639 591
983 372 344
984 558 516
985 744 688
986 2130 1970
987 93 86
988 1278 1182
989 2130 1970
990 279 258
991 852 788
992 558 516
993 1278 1182
994 372 344
995 1704 1576
996 837 774
997 1065 985
998 651 602
999 639 591
1000 744 688
1001 1278 1182
1002 1278 1182
1003 1917 1773
1004 93 86
1005 558 516
1006 651 602
1007 2130 1970
1008 930 860
1009 558 516
1010 639 591
1011 639 591
1012 93 86
1013 2130 1970
1014 930 860
1015 558 516
1016 279 258
1017 837 774
1018 837 774
1019 279 258
1020 465 430
1021 465 430
1022 213 197
1023 213 197
1024 2130 1970
1025 279 258
1026 852 788
1027 1278 1182
1028 852 788
1029 651 602
1030 1278 1182
1031 1065 985
1032 1704 1576
1033 186 172
1034 372 344
1035 213 197
1036 426 394
1037 1917 1773
1038 1278 1182
1039 1917 1773
1040 1065 985
1041 651 602
1042 426 394
1043 426 394
1044 558 516
1045 744 688
1046 465 430
1047 930 860
1048 837 774
1049 2130 1970
1050 1917 1773
1051 279 258
1052 1704 1576
1053 1278 1182
1054 1491 1379
1055 651 602
1056 1704 1576
1057 1491 1379
1058 372 344
1059 465 430
1060 837 774
1061 186 172
1062 1065 985
1063 1704 1576
1064 1917 1773
1065 639 591
1066 372 344
1067 1491 1379
1068 837 774
1069 837 774
1070 1278 1182
1071 1065 985
1072 1065 985
1073 837 774
1074 186 172
1075 1278 1182
1076 744 688
1077 213 197
1078 1278 1182
1079 372 344
1080 639 591
1081 1704 1576
1082 558 516
1083 651 602
1084 1917 1773
1085 852 788
1086 279 258
1087 1704 1576
1088 837 774
1089 93 86
1090 93 86
1091 837 774
1092 852 788
1093 744 688
1094 93 86
1095 93 86
1096 1917 1773
1097 639 591
1098 744 688
1099 1491 1379
1100 2130 1970
1101 186 172
1102 1278 1182
1103 186 172
1104 426 394
1105 213 197
1106 93 86
1107 426 394
1108 558 516
1109 93 86
1110 1704 1576
1111 744 688
1112 279 258
1113 93 86
1114 852 788
1115 465 430
1116 186 172
1117 465 430
1118 465 430
1119 186 172
1120 930 860
1121 1065 985
1122 651 602
1123 1917 1773
1124 1278 1182
1125 1917 1773
1126 837 774
1127 465 430
1128 1278 1182
1129 651 602
1130 93 86
1131 426 394
1132 186 172
1133 744 688
1134 837 774
1135 2130 1970
1136 1491 1379
1137 279 258
1138 186 172
1139 93 86
1140 426 394
1141 465 430
1142 744 688
1143 744 688
1144 852 788
1145 1917 1773
1146 213 197
1147 1704 1576
1148 426 394
1149 558 516
1150 465 430
1151 279 258
1152 93 86
1153 651 602
1154 213 197
1155 1917 1773
1156 465 430
1157 1917 1773
1158 279 258
1159 930 860
1160 2130 1970
1161 1278 1182
1162 558 516
1163 186 172
1164 279 258
1165 372 344
1166 651 602
1167 837 774
1168 279 258
1169 213 197
1170 558 516
1171 930 860
1172 852 788
1173 744 688
1174 1278 1182
1175 2130 1970
1176 465 430
1177 93 86
1178 852 788
1179 639 591
1180 213 197
1181 426 394
1182 465 430
1183 93 86
1184 213 197
1185 558 516
1186 93 86
1187 1278 1182
1188 639 591
1189 1917 1773
1190 426 394
1191 1491 1379
1192 465 430
1193 1065 985
1194 1278 1182
1195 186 172
1196 1917 1773
1197 1491 1379
1198 213 197
1199 279 258
1200 93 86
1201 651 602
1202 744 688
1203 744 688
1204 1491 1379
1205 744 688
1206 1065 985
1207 1278 1182
1208 465 430
1209 213 197
1210 1491 1379
1211 186 172
1212 930 860
1213 1065 985
1214 744 688
1215 1704 1576
1216 279 258
1217 465 430
1218 558 516
1219 426 394
1220 279 258
1221 837 774
1222 2130 1970
1223 213 197
1224 837 774
1225 639 591
1226 930 860
1227 1278 1182
1228 372 344
1229 558 516
1230 651 602
1231 744 688
1232 651 602
1233 639 591
1234 465 430
1235 1278 1182
1236 1917 1773
1237 1704 1576
1238 279 258
1239 1491 1379
1240 744 688
1241 1491 1379
1242 837 774
1243 651 602
1244 1917 1773
1245 186 172
1246 426 394
1247 279 258
1248 186 172
1249 2130 1970
1250 744 688
1251 1704 1576
1252 465 430
1253 930 860
1254 465 430
1255 2130 1970
1256 558 516
1257 639 591
1258 426 394
1259 213 197
1260 1065 985
1261 1065 985
1262 213 197
1263 426 394
1264 186 172
1265 93 86
1266 279 258
1267 213 197
1268 930 860
1269 465 430
1270 465 430
1271 465 430
1272 426 394
1273 372 344
1274 1917 1773
1275 639 591
1276 426 394
1277 651 602
1278 1065 985
1279 2130 1970
1280 558 516
1281 639 591
1282 837 774
1283 1491 1379
1284 213 197
1285 93 86
1286 186 172
1287 1917 1773
1288 465 430
1289 1491 1379
1290 639 591
1291 1704 1576
1292 465 430
1293 852 788
1294 837 774
1295 279 258
1296 639 591
1297 837 774
1298 651 602
1299 372 344
1300 93 86
1301 186 172
1302 279 258
1303 213 197
1304 651 602
1305 372 344
1306 558 516
1307 558 516
1308 465 430
1309 186 172
1310 930 860
1311 1704 1576
1312 426 394
1313 465 430
1314 1278 1182
1315 1278 1182
1316 852 788
1317 1704 1576
1318 465 430
1319 852 788
1320 2130 1970
1321 1278 1182
1322 930 860
1323 1278 1182
1324 1491 1379
1325 2130 1970
1326 651 602
1327 93 86
1328 852 788
1329 639 591
1330 744 688
1331 1278 1182
1332 426 394
1333 426 394
1334 1704 1576
1335 852 788
1336 1278 1182
1337 93 86
1338 426 394
1339 852 788
1340 744 688
1341 639 591
1342 426 394
1343 1065 985
1344 213 197
1345 744 688
1346 465 430
1347 639 591
1348 744 688
1349 2130 1970
1350 639 591
1351 651 602
1352 1065 985
1353 744 688
1354 744 688
1355 372 344
1356 279 258
1357 852 788
1358 744 688
1359 837 774
1360 186 172
1361 837 774
1362 93 86
1363 93 86
1364 1491 1379
1365 1704 1576
1366 1065 985
1367 372 344
1368 651 602
1369 465 430
1370 2130 1970
1371 2130 1970
1372 852 788
1373 558 516
1374 639 591
1375 1278 1182
1376 279 258
1377 2130 1970
1378 639 591
1379 558 516
1380 1917 1773
1381 1278 1182
1382 213 197
1383 1704 1576
1384 1917 1773
1385 651 602
1386 852 788
1387 1491 1379
1388 426 394
1389 744 688
1390 372 344
1391 93 86
1392 1917 1773
1393 1065 985
1394 93 86
1395 852 788
1396 186 172
1397 1917 1773
1398 186 172
1399 1917 1773
1400 372 344
1401 186 172
1402 1278 1182
1403 2130 1970
1404 213 197
1405 1917 1773
1406 2130 1970
1407 93 86
1408 1065 985
1409 930 860
1410 744 688
1411 744 688
1412 930 860
1413 558 516
1414 372 344
1415 279 258
1416 465 430
1417 2130 1970
1418 2130 1970
1419 186 172
1420 837 774
1421 1704 1576
1422 651 602
1423 2130 1970
1424 186 172
1425 465 430
1426 852 788
1427 93 86
1428 930 860
1429 558 516
1430 93 86
1431 639 591
1432 930 860
1433 186 172
1434 2130 1970
1435 837 774
1436 2130 1970
1437 639 591
1438 279 258
1439 279 258
1440 852 788
1441 651 602
1442 465 430
1443 426 394
1444 837 774
1445 426 394
1446 213 197
1447 837 774
1448 2130 1970
1449 837 774
1450 93 86
1451 426 394
1452 558 516
1453 930 860
1454 651 602
1455 93 86
1456 213 197
1457 930 860
1458 1491 1379
1459 639 591
1460 1065 985
1461 1491 1379
1462 279 258
1463 93 86
1464 852 788
1465 639 591
1466 186 172
1467 465 430
1468 279 258
1469 213 197
1470 372 344
1471 465 430
1472 1278 1182
1473 1491 1379
1474 651 602
1475 372 344
1476 2130 1970
1477 93 86
1478 2130 1970
1479 186 172
1480 1704 1576
1481 213 197
1482 1491 1379
1483 852 788
1484 213 197
1485 744 688
1486 852 788
1487 1278 1182
1488 426 394
1489 2130 1970
1490 1491 1379
1491 558 516
1492 1065 985
1493 2130 1970
1494 426 394
1495 1278 1182
1496 1065 985
1497 852 788
1498 1491 1379
1499 93 86
1500 372 344
1501 930 860
1502 852 788
1503 93 86
1504 1278 1182
1505 1278 1182
1506 852 788
1507 186 172
1508 93 86
1509 1704 1576
1510 744 688
1511 1917 1773
1512 2130 1970
1513 744 688
1514 852 788
1515 465 430
1516 93 86
1517 558 516
1518 279 258
1519 1278 1182
1520 1491 1379
1521 1491 1379
1522 465 430
1523 639 591
1524 279 258
1525 465 430
1526 426 394
1527 837 774
1528 426 394
1529 744 688
1530 651 602
1531 465 430
1532 186 172
1533 372 344
1534 1065 985
1535 744 688
1536 651 602
1537 93 86
1538 639 591
1539 1491 1379
1540 639 591
1541 465 430
1542 837 774
1543 465 430
1544 651 602
1545 1278 1182
1546 426 394
1547 372 344
1548 1065 985
1549 651 602
1550 852 788
1551 852 788
1552 1065 985
1553 372 344
1554 744 688
1555 1491 1379
1556 837 774
1557 639 591
1558 465 430
1559 651 602
1560 465 430
1561 852 788
1562 2130 1970
1563 426 394
1564 465 430
1565 1917 1773
1566 465 430
1567 213 197
1568 1704 1576
1569 372 344
1570 837 774
1571 186 172
1572 213 197
1573 186 172
1574 1491 1379
1575 930 860
1576 1065 985
1577 1491 1379
1578 1065 985
1579 639 591
1580 372 344
1581 2130 1970
1582 279 258
1583 186 172
1584 1491 1379
1585 930 860
1586 558 516
1587 837 774
1588 1491 1379
1589 1065 985
1590 1491 1379
1591 426 394
1592 2130 1970
1593 837 774
1594 1491 1379
1595 465 430
1596 1917 1773
1597 1704 1576
1598 852 788
1599 1704 1576
1600 1917 1773
1601 279 258
1602 1065 985
1603 1278 1182
1604 744 688
1605 426 394
1606 186 172
1607 1065 985
1608 1065 985
1609 1065 985
1610 852 788
1611 1917 1773
1612 465 430
1613 558 516
1614 372 344
1615 852 788
1616 930 860
1617 837 774
1618 372 344
1619 186 172
1620 2130 1970
1621 372 344
1622 1704 1576
1623 852 788
1624 186 172
1625 1704 1576
1626 213 197
1627 1491 1379
1628 426 394
1629 1917 1773
1630 744 688
1631 1065 985
1632 930 860
1633 465 430
1634 186 172
1635 279 258
1636 186 172
1637 426 394
1638 837 774
1639 930 860
1640 744 688
1641 93 86
1642 651 602
1643 852 788
1644 213 197
1645 1491 1379
1646 93 86
1647 852 788
1648 372 344
1649 1491 1379
1650 279 258
1651 1491 1379
1652 744 688
1653 1917 1773
1654 2130 1970
1655 213 197
1656 1704 1576
1657 213 197
1658 1278 1182
1659 1491 1379
1660 1065 985
1661 1278 1182
1662 639 591
1663 426 394
1664 837 774
1665 465 430
1666 930 860
1667 744 688
1668 852 788
1669 1491 1379
1670 1278 1182
1671 651 602
1672 1917 1773
1673 930 860
1674 1917 1773
1675 1917 1773
1676 837 774
1677 213 197
1678 930 860
1679 1278 1182
1680 1065 985
1681 639 591
1682 186 172
1683 1065 985
1684 1065 985
1685 1278 1182
1686 372 344
1687 2130 1970
1688 1065 985
1689 93 86
1690 372 344
1691 426 394
1692 852 788
1693 1491 1379
1694 1491 1379
1695 279 258
1696 465 430
1697 1065 985
1698 558 516
1699 1491 1379
1700 93 86
1701 93 86
1702 2130 1970
1703 744 688
1704 744 688
1705 837 774
1706 465 430
1707 930 860
1708 651 602
1709 1704 1576
1710 93 86
1711 1491 1379
1712 930 860
1713 837 774
1714 558 516
1715 1491 1379
1716 372 344
1717 279 258
1718 1704 1576
1719 744 688
1720 372 344
1721 930 860
1722 930 860
1723 1065 985
1724 1065 985
1725 279 258
1726 213 197
1727 1491 1379
1728 426 394
1729 1491 1379
1730 186 172
1731 837 774
1732 213 197
1733 1704 1576
1734 930 860
1735 1704 1576
1736 837 774
1737 2130 1970
1738 1491 1379
1739 1704 1576
1740 213 197
1741 651 602
1742 837 774
1743 744 688
1744 1917 1773
1745 465 430
1746 558 516
1747 2130 1970
1748 837 774
1749 2130 1970
1750 558 516
1751 279 258
1752 651 602
1753 372 344
1754 852 788
1755 1491 1379
1756 1491 1379
1757 1278 1182
1758 213 197
1759 93 86
1760 186 172
1761 426 394
1762 852 788
1763 372 344
1764 426 394
1765 1065 985
1766 1065 985
1767 651 602
1768 1065 985
1769 2130 1970
1770 1278 1182
1771 1065 985
1772 2130 1970
1773 213 197
1774 1704 1576
1775 639 591
1776 1278 1182
1777 426 394
1778 1065 985
1779 213 197
1780 186 172
1781 1704 1576
1782 213 197
1783 2130 1970
1784 213 197
1785 186 172
1786 852 788
1787 1065 985
1788 1278 1182
1789 1704 1576
1790 1917 1773
1791 651 602
1792 930 860
1793 1704 1576
1794 1704 1576
1795 279 258
1796 213 197
1797 93 86
1798 1278 1182
1799 426 394
1800 372 344
1801 930 860
1802 1278 1182
1803 213 197
1804 186 172
1805 837 774
1806 186 172
1807 639 591
1808 465 430
1809 465 430
1810 651 602
1811 639 591
1812 465 430
1813 186 172
1814 1278 1182
1815 1065 985
1816 1065 985
1817 558 516
1818 93 86
1819 639 591
1820 1704 1576
1821 651 602
1822 837 774
1823 744 688
1824 93 86
1825 426 394
1826 1278 1182
1827 639 591
1828 213 197
1829 930 860
1830 465 430
1831 213 197
1832 1704 1576
1833 1491 1379
1834 1491 1379
1835 1491 1379
1836 372 344
1837 1917 1773
1838 2130 1970
1839 1917 1773
1840 852 788
1841 426 394
1842 93 86
1843 930 860
1844 1491 1379
1845 1917 1773
1846 1491 1379
1847 2130 1970
1848 639 591
1849 639 591
1850 465 430
1851 372 344
1852 2130 1970
1853 1704 1576
1854 558 516
1855 1065 985
1856 426 394
1857 2130 1970
1858 279 258
1859 1491 1379
1860 558 516
1861 930 860
1862 639 591
1863 639 591
1864 1917 1773
1865 186 172
1866 93 86
1867 186 172
1868 1278 1182
1869 213 197
1870 186 172
1871 1917 1773
1872 465 430
1873 465 430
1874 426 394
1875 279 258
1876 744 688
1877 1065 985
1878 465 430
1879 213 197
1880 852 788
1881 1704 1576
1882 1917 1773
1883 744 688
1884 1278 1182
1885 426 394
1886 852 788
1887 744 688
1888 1065 985
1889 852 788
1890 837 774
1891 2130 1970
1892 426 394
1893 1917 1773
1894 186 172
1895 2130 1970
1896 186 172
1897 2130 1970
1898 2130 1970
1899 651 602
1900 1704 1576
1901 1491 1379
1902 930 860
1903 930 860
1904 558 516
1905 279 258
1906 852 788
1907 558 516
1908 426 394
1909 930 860
1910 426 394
1911 93 86
1912 1278 1182
1913 651 602
1914 1917 1773
1915 852 788
1916 1278 1182
1917 372 344
1918 837 774
1919 426 394
1920 837 774
1921 465 430
1922 639 591
1923 213 197
1924 837 774
1925 279 258
1926 2130 1970
1927 2130 1970
1928 1278 1182
1929 558 516
1930 93 86
1931 213 197
1932 93 86
1933 465 430
1934 930 860
1935 2130 1970
1936 465 430
1937 1278 1182
1938 372 344
1939 1278 1182
1940 744 688
1941 639 591
1942 213 197
1943 1704 1576
1944 744 688
1945 852 788
1946 372 344
1947 426 394
1948 639 591
1949 1704 1576
1950 465 430
1951 213 197
1952 1917 1773
1953 852 788
1954 558 516
1955 1917 1773
1956 639 591
1957 744 688
1958 426 394
1959 93 86
1960 1278 1182
1961 1065 985
1962 1704 1576
1963 279 258
1964 93 86
1965 213 197
1966 186 172
1967 465 430
1968 1278 1182
1969 465 430
1970 1278 1182
1971 651 602
1972 852 788
1973 1917 1773
1974 558 516
1975 1065 985
1976 93 86
1977 1917 1773
1978 1917 1773
1979 1491 1379
1980 1491 1379
1981 1704 1576
1982 1704 1576
1983 837 774
1984 651 602
1985 279 258
1986 837 774
1987 213 197
1988 186 172
1989 1917 1773
1990 372 344
1991 279 258
1992 2130 1970
1993 852 788
1994 426 394
1995 852 788
1996 372 344
1997 372 344
1998 372 344
1999 372 344
2000 651 602
2001 1704 1576
2002 1704 1576
2003 930 860
2004 186 172
2005 837 774
2006 372 344
2007 930 860
2008 837 774
2009 1917 1773
2010 930 860
2011 213 197
2012 2130 1970
2013 1704 1576
2014 1065 985
2015 279 258
2016 930 860
2017 426 394
2018 1278 1182
2019 426 394
2020 2130 1970
2021 279 258
2022 639 591
2023 558 516
2024 279 258
2025 837 774
2026 1278 1182
2027 1278 1182
2028 1704 1576
2029 2130 1970
2030 558 516
2031 213 197
2032 930 860
2033 465 430
2034 852 788
2035 1704 1576
2036 1917 1773
2037 1491 1379
2038 186 172
2039 1917 1773
2040 186 172
2041 837 774
2042 186 172
2043 1278 1182
2044 426 394
2045 1704 1576
2046 1065 985
2047 279 258
2048 1065 985
2049 372 344
2050 744 688
2051 186 172
2052 186 172
2053 930 860
2054 744 688
2055 2130 1970
2056 2130 1970
2057 279 258
2058 1065 985
2059 213 197
2060 1065 985
2061 2130 1970
2062 1065 985
2063 837 774
2064 93 86
2065 837 774
2066 558 516
2067 372 344
2068 465 430
2069 1065 985
2070 852 788
2071 465 430
2072 1704 1576
2073 1065 985
2074 930 860
2075 1917 1773
2076 930 860
2077 2130 1970
2078 1704 1576
2079 426 394
2080 465 430
2081 1491 1379
2082 837 774
2083 651 602
2084 1278 1182
2085 852 788
2086 1491 1379
2087 213 197
2088 1917 1773
2089 186 172
2090 744 688
2091 930 860
2092 852 788
2093 465 430
2094 651 602
2095 852 788
2096 213 197
2097 651 602
2098 93 86
2099 1704 1576
2100 372 344
2101 2130 1970
2102 2130 1970
2103 2130 1970
2104 1491 1379
2105 213 197
2106 279 258
2107 426 394
2108 93 86
2109 93 86
2110 93 86
2111 852 788
2112 852 788
2113 852 788
2114 1491 1379
2115 1704 1576
2116 1917 1773
2117 837 774
2118 372 344
2119 1917 1773
2120 651 602
2121 2130 1970
2122 837 774
2123 1704 1576
2124 2130 1970
2125 279 258
2126 2130 1970
2127 426 394
2128 93 86
2129 1917 1773
2130 213 197
2131 372 344
2132 93 86
2133 93 86
2134 279 258
2135 93 86
2136 1065 985
2137 1917 1773
2138 558 516
2139 651 602
2140 744 688
2141 93 86
2142 93 86
2143 1065 985
2144 1704 1576
2145 93 86
2146 426 394
2147 639 591
2148 639 591
2149 279 258
2150 1278 1182
2151 465 430
2152 837 774
2153 426 394
2154 1917 1773
2155 558 516
2156 651 602
2157 1917 1773
2158 186 172
2159 1065 985
2160 213 197
2161 651 602
2162 639 591
2163 1491 1379
2164 930 860
2165 186 172
2166 372 344
2167 1278 1182
2168 93 86
2169 2130 1970
2170 426 394
2171 639 591
2172 1491 1379
2173 1065 985
2174 426 394
2175 651 602
2176 2130 1970
2177 2130 1970
2178 639 591
2179 558 516
2180 2130 1970
2181 426 394
2182 1065 985
2183 1704 1576
2184 930 860
2185 639 591
2186 1917 1773
2187 372 344
2188 651 602
2189 651 602
2190 1917 1773
2191 1491 1379
2192 1704 1576
2193 372 344
2194 426 394
2195 1278 1182
2196 1065 985
2197 639 591
2198 837 774
2199 639 591
2200 639 591
2201 1917 1773
2202 558 516
2203 837 774
2204 1491 1379
2205 1278 1182
2206 837 774
2207 852 788
2208 372 344
2209 558 516
2210 930 860
2211 1704 1576
2212 744 688
2213 1065 985
2214 1917 1773
2215 1704 1576
2216 744 688
2217 651 602
2218 372 344
2219 1065 985
2220 372 344
2221 558 516
2222 426 394
2223 930 860
2224 372 344
2225 186 172
2226 93 86
2227 372 344
2228 93 86
2229 837 774
2230 1917 1773
2231 930 860
2232 213 197
2233 1704 1576
2234 852 788
2235 651 602
2236 1491 1379
2237 2130 1970
2238 744 688
2239 1065 985
2240 426 394
2241 1704 1576
2242 372 344
2243 651 602
2244 465 430
2245 1917 1773
2246 558 516
2247 426 394
2248 279 258
2249 426 394
2250 465 430
2251 852 788
2252 930 860
2253 93 86
2254 1917 1773
2255 213 197
2256 1704 1576
2257 279 258
2258 1917 1773
2259 852 788
2260 1278 1182
2261 465 430
2262 2130 1970
2263 1278 1182
2264 852 788
2265 213 197
2266 1491 1379
2267 1491 1379
2268 465 430
2269 744 688
2270 1704 1576
2271 1278 1182
2272 2130 1970
2273 1278 1182
2274 279 258
2275 1278 1182
2276 213 197
2277 852 788
2278 372 344
2279 372 344
2280 213 197
2281 93 86
2282 426 394
2283 372 344
2284 930 860
2285 279 258
2286 852 788
2287 852 788
2288 651 602
2289 558 516
2290 372 344
2291 1704 1576
2292 1704 1576
2293 651 602
2294 837 774
2295 1065 985
2296 651 602
2297 651 602
2298 1278 1182
2299 930 860
2300 93 86
2301 1278 1182
2302 1704 1576
2303 1278 1182
2304 1065 985
2305 2130 1970
2306 279 258
2307 930 860
2308 186 172
2309 558 516
2310 279 258
2311 651 602
2312 213 197
2313 1278 1182
2314 2130 1970
2315 279 258
2316 558 516
2317 1917 1773
2318 465 430
2319 1278 1182
2320 372 344
2321 1704 1576
2322 1491 1379
2323 426 394
2324 744 688
2325 852 788
2326 2130 1970
2327 1278 1182
2328 852 788
2329 651 602
2330 213 197
2331 2130 1970
2332 1278 1182
2333 558 516
2334 1917 1773
2335 279 258
2336 186 172
2337 651 602
2338 279 258
2339 852 788
2340 639 591
2341 558 516
2342 1917 1773
2343 837 774
2344 1065 985
2345 465 430
2346 930 860
2347 93 86
2348 930 860
2349 93 86
2350 744 688
2351 1917 1773
2352 213 197
2353 651 602
2354 1491 1379
2355 93 86
2356 186 172
2357 1065 985
2358 426 394
2359 2130 1970
2360 1278 1182
2361 639 591
2362 213 197
2363 639 591
2364 1917 1773
2365 186 172
2366 639 591
2367 1491 1379
2368 426 394
2369 639 591
2370 93 86
2371 1917 1773
2372 1917 1773
2373 639 591
2374 93 86
2375 1917 1773
2376 837 774
2377 465 430
2378 639 591
2379 651 602
2380 279 258
2381 1917 1773
2382 1278 1182
2383 93 86
2384 1917 1773
2385 1065 985
2386 1491 1379
2387 93 86
2388 426 394
2389 744 688
2390 372 344
2391 279 258
2392 426 394
2393 93 86
2394 186 172
2395 2130 1970
2396 930 860
2397 372 344
2398 837 774
2399 639 591
2400 1917 1773
2401 426 394
2402 744 688
2403 372 344
2404 372 344
2405 186 172
2406 1917 1773
2407 93 86
2408 426 394
2409 1491 1379
2410 744 688
2411 558 516
2412 651 602
2413 1491 1379
2414 465 430
2415 279 258
2416 1917 1773
2417 1491 1379
2418 186 172
2419 651 602
2420 426 394
2421 2130 1970
2422 186 172
2423 930 860
2424 651 602
2425 1491 1379
2426 852 788
2427 1491 1379
2428 465 430
2429 558 516
2430 93 86
2431 1917 1773
2432 2130 1970
2433 1065 985
2434 558 516
2435 930 860
2436 372 344
2437 279 258
2438 651 602
2439 639 591
2440 213 197
2441 1491 1379
2442 558 516
2443 279 258
2444 744 688
2445 1704 1576
2446 1917 1773
2447 213 197
2448 1917 1773
2449 852 788
2450 186 172
2451 93 86
2452 279 258
2453 93 86
2454 2130 1970
2455 426 394
2456 651 602
2457 852 788
2458 837 774
2459 1491 1379
2460 852 788
2461 1917 1773
2462 213 197
2463 1704 1576
2464 2130 1970
2465 651 602
2466 837 774
2467 426 394
2468 426 394
2469 2130 1970
2470 426 394
2471 1917 1773
2472 1704 1576
2473 1917 1773
2474 465 430
2475 465 430
2476 279 258
2477 2130 1970
2478 2130 1970
2479 426 394
2480 426 394
2481 837 774
2482 2130 1970
2483 558 516
2484 651 602
2485 639 591
2486 465 430
2487 1917 1773
2488 651 602
2489 93 86
2490 93 86
2491 744 688
2492 651 602
2493 930 860
2494 465 430
2495 837 774
2496 837 774
2497 852 788
2498 372 344
2499 1065 985
2500 1917 1773
2501 744 688
2502 558 516
2503 279 258
2504 744 688
2505 1278 1182
2506 930 860
2507 213 197
2508 213 197
2509 930 860
2510 558 516
2511 651 602
2512 651 602
2513 837 774
2514 186 172
2515 426 394
2516 1278 1182
2517 744 688
2518 465 430
2519 1491 1379
2520 744 688
2521 744 688
2522 279 258
2523 465 430
2524 558 516
2525 837 774
2526 651 602
2527 1704 1576
2528 744 688
2529 372 344
2530 93 86
2531 426 394
2532 279 258
2533 744 688
2534 372 344
2535 279 258
2536 426 394
2537 852 788
2538 1704 1576
2539 1278 1182
2540 1065 985
2541 213 197
2542 372 344
2543 2130 1970
2544 1065 985
2545 1917 1773
2546 558 516
2547 2130 1970
2548 1917 1773
2549 558 516
2550 2130 1970
2551 426 394
2552 1704 1576
2553 465 430
2554 93 86
2555 426 394
2556 639 591
2557 852 788
2558 426 394
2559 1278 1182
2560 852 788
2561 852 788
2562 1917 1773
2563 186 172
2564 279 258
2565 426 394
2566 1278 1182
2567 1491 1379
2568 1065 985
2569 639 591
2570 1491 1379
2571 930 860
2572 1065 985
2573 279 258
2574 930 860
2575 651 602
2576 186 172
2577 639 591
2578 852 788
2579 213 197
2580 744 688
2581 465 430
2582 852 788
2583 2130 1970
2584 1704 1576
2585 279 258
2586 930 860
2587 852 788
2588 465 430
2589 1491 1379
2590 426 394
2591 852 788
2592 186 172
2593 558 516
2594 2130 1970
2595 465 430
2596 852 788
2597 372 344
2598 372 344
2599 837 774
2600 2130 1970
2601 372 344
2602 465 430
2603 465 430
2604 2130 1970
2605 558 516
2606 2130 1970
2607 744 688
2608 1704 1576
2609 1917 1773
2610 1704 1576
2611 930 860
2612 93 86
2613 1704 1576
2614 213 197
2615 372 344
2616 639 591
2617 930 860
2618 1491 1379
2619 744 688
2620 2130 1970
2621 930 860
2622 1491 1379
2623 852 788
2624 2130 1970
2625 2130 1970
2626 1491 1379
2627 558 516
2628 651 602
2629 93 86
2630 1278 1182
2631 1917 1773
2632 837 774
2633 2130 1970
2634 93 86
2635 2130 1970
2636 930 860
2637 651 602
2638 1704 1576
2639 837 774
2640 426 394
2641 1917 1773
2642 213 197
2643 279 258
2644 1917 1773
2645 639 591
2646 279 258
2647 639 591
2648 930 860
2649 930 860
2650 93 86
2651 93 86
2652 639 591
2653 93 86
2654 1491 1379
2655 744 688
2656 558 516
2657 837 774
2658 93 86
2659 1491 1379
2660 2130 1970
2661 372 344
2662 279 258
2663 1491 1379
2664 213 197
2665 639 591
2666 1491 1379
2667 465 430
2668 186 172
2669 1491 1379
2670 372 344
2671 186 172
2672 744 688
2673 213 197
2674 837 774
2675 1704 1576
2676 186 172
2677 213 197
2678 372 344
2679 651 602
2680 1917 1773
2681 93 86
2682 1491 1379
2683 558 516
2684 930 860
2685 93 86
2686 1278 1182
2687 1704 1576
2688 186 172
2689 1278 1182
2690 744 688
2691 639 591
2692 1065 985
2693 852 788
2694 93 86
2695 930 860
2696 2130 1970
2697 465 430
2698 852 788
2699 1917 1773
2700 186 172
2701 744 688
2702 1278 1182
2703 639 591
2704 558 516
2705 651 602
2706 1917 1773
2707 279 258
2708 426 394
2709 651 602
2710 213 197
2711 213 197
2712 930 860
2713 213 197
2714 213 197
2715 744 688
2716 1065 985
2717 639 591
2718 93 86
2719 2130 1970
2720 837 774
2721 213 197
2722 1917 1773
2723 426 394
2724 558 516
2725 1491 1379
2726 1065 985
2727 558 516
2728 93 86
2729 1917 1773
2730 1917 1773
2731 1704 1576
2732 2130 1970
2733 1065 985
2734 93 86
2735 1278 1182
2736 744 688
2737 465 430
2738 744 688
2739 1704 1576
2740 2130 1970
2741 279 258
2742 2130 1970
2743 2130 1970
2744 1278 1182
2745 186 172
2746 744 688
2747 372 344
2748 930 860
2749 213 197
2750 1704 1576
2751 1917 1773
2752 1917 1773
2753 186 172
2754 279 258
2755 93 86
2756 852 788
2757 651 602
2758 465 430
2759 930 860
2760 639 591
2761 213 197
2762 186 172
2763 1491 1379
2764 639 591
2765 837 774
2766 837 774
2767 1491 1379
2768 465 430
2769 426 394
2770 426 394
2771 930 860
2772 372 344
2773 372 344
2774 1491 1379
2775 186 172
2776 186 172
2777 186 172
2778 1917 1773
2779 837 774
2780 1491 1379
2781 213 197
2782 93 86
2783 1704 1576
2784 372 344
2785 744 688
2786 465 430
2787 372 344
2788 93 86
2789 213 197
2790 837 774
2791 186 172
2792 372 344
2793 558 516
2794 372 344
2795 930 860
2796 279 258
2797 186 172
2798 1278 1182
2799 1065 985
2800 852 788
2801 852 788
2802 852 788
2803 1704 1576
2804 852 788
2805 639 591
2806 279 258
2807 372 344
2808 213 197
2809 279 258
2810 1917 1773
2811 372 344
2812 93 86
2813 1065 985
2814 852 788
2815 837 774
2816 465 430
2817 837 774
2818 186 172
2819 1704 1576
2820 837 774
2821 426 394
2822 1278 1182
2823 1491 1379
2824 837 774
2825 372 344
2826 213 197
2827 852 788
2828 558 516
2829 744 688
2830 426 394
2831 639 591
2832 852 788
2833 213 197
2834 213 197
2835 651 602
2836 930 860
2837 1278 1182
2838 279 258
2839 186 172
2840 1704 1576
2841 1917 1773
2842 837 774
2843 213 197
2844 639 591
2845 279 258
2846 93 86
2847 1917 1773
2848 837 774
2849 744 688
2850 93 86
2851 213 197
2852 651 602
2853 1278 1182
2854 2130 1970
2855 1917 1773
2856 1491 1379
2857 279 258
2858 213 197
2859 744 688
2860 852 788
2861 852 788
2862 639 591
2863 837 774
2864 213 197
2865 558 516
2866 1278 1182
2867 1704 1576
2868 93 86
2869 213 197
2870 639 591
2871 930 860
2872 213 197
2873 930 860
2874 558 516
2875 1491 1379
2876 837 774
2877 639 591
2878 372 344
2879 1065 985
2880 1065 985
2881 558 516
2882 279 258
2883 372 344
2884 837 774
2885 93 86
2886 837 774
2887 1917 1773
2888 651 602
2889 558 516
2890 93 86
2891 93 86
2892 852 788
2893 639 591
2894 558 516
2895 930 860
2896 1278 1182
2897 186 172
2898 426 394
2899 852 788
2900 837 774
2901 837 774
2902 852 788
2903 1917 1773
2904 651 602
2905 186 172
2906 186 172
2907 186 172
2908 213 197
2909 1278 1182
2910 186 172
2911 1491 1379
2912 651 602
2913 1278 1182
2914 2130 1970
2915 2130 1970
2916 1065 985
2917 93 86
2918 639 591
2919 558 516
2920 279 258
2921 558 516
2922 186 172
2923 852 788
2924 465 430
2925 1065 985
2926 837 774
2927 639 591
2928 372 344
2929 93 86
2930 1278 1182
2931 93 86
2932 186 172
2933 651 602
2934 426 394
2935 1917 1773
2936 1065 985
2937 852 788
2938 1704 1576
2939 279 258
2940 837 774
2941 213 197
2942 93 86
2943 186 172
2944 426 394
2945 1065 985
2946 279 258
2947 930 860
2948 372 344
2949 744 688
2950 2130 1970
2951 744 688
2952 558 516
2953 651 602
2954 930 860
2955 2130 1970
2956 558 516
2957 744 688
2958 2130 1970
2959 186 172
2960 639 591
2961 1917 1773
2962 1917 1773
2963 558 516
2964 465 430
2965 279 258
2966 651 602
2967 213 197
2968 639 591
2969 1704 1576
2970 1065 985
2971 426 394
2972 213 197
2973 426 394
2974 1491 1379
2975 2130 1970
2976 1491 1379
2977 930 860
2978 1491 1379
2979 1917 1773
2980 1704 1576
2981 372 344
2982 930 860
2983 465 430
2984 1491 1379
2985 93 86
2986 1917 1773
2987 1704 1576
2988 1491 1379
2989 837 774
2990 93 86
2991 558 516
2992 1278 1182
2993 372 344
2994 639 591
2995 426 394
2996 930 860
2997 852 788
2998 930 860
2999 837 774
3000 558 516
3001 2130 1970
3002 1491 1379
3003 2130 1970
3004 930 860
3005 279 258
3006 213 197
3007 837 774
3008 372 344
3009 2130 1970
3010 930 860
3011 837 774
3012 279 258
3013 1704 1576
3014 279 258
3015 1491 1379
3016 744 688
3017 1491 1379
3018 213 197
3019 1917 1773
3020 837 774
3021 651 602
3022 1704 1576
3023 639 591
3024 2130 1970
3025 837 774
3026 837 774
3027 1278 1182
3028 465 430
3029 186 172
3030 1491 1379
3031 651 602
3032 1917 1773
3033 1065 985
3034 426 394
3035 213 197
3036 744 688
3037 651 602
3038 744 688
3039 93 86
3040 1704 1576
3041 372 344
3042 639 591
3043 744 688
3044 558 516
3045 465 430
3046 1278 1182
3047 186 172
3048 558 516
3049 213 197
3050 744 688
3051 186 172
3052 465 430
3053 639 591
3054 465 430
3055 1491 1379
3056 279 258
3057 465 430
3058 1278 1182
3059 2130 1970
3060 279 258
3061 213 197
3062 930 860
3063 93 86
3064 186 172
3065 1278 1182
3066 837 774
3067 213 197
3068 426 394
3069 279 258
3070 2130 1970
3071 744 688
3072 744 688
3073 639 591
3074 372 344
3075 1065 985
3076 651 602
3077 1704 1576
3078 279 258
3079 744 688
3080 558 516
3081 372 344
3082 930 860
3083 639 591
3084 213 197
3085 837 774
3086 93 86
3087 186 172
3088 1278 1182
3089 426 394
3090 372 344
3091 1065 985
3092 372 344
3093 279 258
3094 465 430
3095 1917 1773
3096 930 860
3097 837 774
3098 1278 1182
3099 213 197
3100 558 516
3101 2130 1970
3102 186 172
3103 372 344
3104 837 774
3105 213 197
3106 2130 1970
3107 744 688
3108 558 516
3109 930 860
3110 372 344
3111 837 774
3112 426 394
3113 1704 1576
3114 1704 1576
3115 426 394
3116 465 430
3117 213 197
3118 186 172
3119 426 394
3120 1704 1576
3121 1278 1182
3122 1278 1182
3123 639 591
3124 2130 1970
3125 1278 1182
3126 2130 1970
3127 186 172
3128 1704 1576
3129 930 860
3130 558 516
3131 1065 985
3132 1278 1182
3133 1278 1182
3134 744 688
3135 1278 1182
3136 213 197
3137 837 774
3138 1917 1773
3139 651 602
3140 837 774
3141 2130 1970
3142 1491 1379
3143 1917 1773
3144 651 602
3145 213 197
3146 852 788
3147 426 394
3148 213 197
3149 1917 1773
3150 744 688
3151 639 591
3152 426 394
3153 930 860
3154 186 172
3155 1917 1773
3156 186 172
3157 852 788
3158 213 197
3159 186 172
3160 930 860
3161 852 788
3162 426 394
3163 1065 985
3164 639 591
3165 1917 1773
3166 1278 1182
3167 651 602
3168 639 591
3169 93 86
3170 465 430
3171 279 258
3172 465 430
3173 93 86
3174 1278 1182
3175 1704 1576
3176 744 688
3177 558 516
3178 213 197
3179 213 197
3180 1065 985
3181 651 602
3182 186 172
3183 651 602
3184 852 788
3185 558 516
3186 639 591
3187 852 788
3188 1278 1182
3189 930 860
3190 2130 1970
3191 930 860
3192 465 430
3193 279 258
3194 1704 1576
3195 744 688
3196 837 774
3197 930 860
3198 1704 1576
3199 372 344
3200 639 591
3201 1917 1773
3202 213 197
3203 852 788
3204 426 394
3205 93 86
3206 852 788
3207 1917 1773
3208 1491 1379
3209 1917 1773
3210 852 788
3211 465 430
3212 372 344
3213 1491 1379
3214 213 197
3215 186 172
3216 930 860
3217 1704 1576
3218 465 430
3219 639 591
3220 852 788
3221 279 258
3222 426 394
3223 852 788
3224 744 688
3225 1491 1379
3226 213 197
3227 651 602
3228 2130 1970
3229 2130 1970
3230 639 591
3231 186 172
3232 186 172
3233 744 688
3234 213 197
3235 639 591
3236 1704 1576
3237 837 774
3238 651 602
3239 465 430
3240 651 602
3241 1491 1379
3242 372 344
3243 186 172
3244 1278 1182
3245 426 394
3246 639 591
3247 744 688
3248 186 172
3249 558 516
3250 186 172
3251 465 430
3252 93 86
3253 744 688
3254 213 197
3255 1278 1182
3256 1917 1773
3257 465 430
3258 1491 1379
3259 2130 1970
3260 852 788
3261 279 258
3262 837 774
3263 1917 1773
3264 1491 1379
3265 1917 1773
3266 837 774
3267 2130 1970
3268 852 788
3269 852 788
3270 93 86
3271 930 860
3272 1917 1773
3273 1491 1379
3274 1704 1576
3275 639 591
3276 744 688
3277 186 172
3278 93 86
3279 651 602
3280 279 258
3281 558 516
3282 213 197
3283 372 344
3284 1491 1379
3285 1491 1379
3286 93 86
3287 1491 1379
3288 93 86
3289 558 516
3290 372 344
3291 639 591
3292 279 258
3293 93 86
3294 930 860
3295 651 602
3296 1278 1182
3297 372 344
3298 426 394
3299 426 394
3300 1278 1182
3301 2130 1970
3302 852 788
3303 465 430
3304 1278 1182
3305 1065 985
3306 837 774
3307 426 394
3308 1278 1182
3309 744 688
3310 1491 1379
3311 213 197
3312 837 774
3313 852 788
3314 186 172
3315 1704 1576
3316 744 688
3317 744 688
3318 639 591
3319 93 86
3320 93 86
3321 1704 1576
3322 1704 1576
3323 465 430
3324 186 172
3325 93 86
3326 2130 1970
3327 852 788
3328 1065 985
3329 651 602
3330 639 591
3331 1917 1773
3332 558 516
3333 1491 1379
3334 639 591
3335 852 788
3336 744 688
3337 1065 985
3338 465 430
3339 465 430
3340 372 344
3341 639 591
3342 1065 985
3343 93 86
3344 1704 1576
3345 1278 1182
3346 744 688
3347 2130 1970
3348 465 430
3349 744 688
3350 837 774
3351 465 430
3352 186 172
3353 1491 1379
3354 837 774
3355 186 172
3356 2130 1970
3357 186 172
3358 279 258
3359 1278 1182
3360 558 516
3361 1065 985
3362 372 344
3363 372 344
3364 837 774
3365 465 430
3366 2130 1970
3367 279 258
3368 2130 1970
3369 639 591
3370 1917 1773
3371 1065 985
3372 213 197
3373 1917 1773
3374 372 344
3375 213 197
3376 1065 985
3377 837 774
3378 1917 1773
3379 558 516
3380 852 788
3381 1065 985
3382 2130 1970
3383 744 688
3384 1278 1182
3385 2130 1970
3386 426 394
3387 558 516
3388 1917 1773
3389 426 394
3390 1704 1576
3391 1704 1576
3392 465 430
3393 930 860
3394 837 774
3395 930 860
3396 213 197
3397 426 394
3398 372 344
3399 837 774
3400 213 197
3401 744 688
3402 372 344
3403 837 774
3404 465 430
3405 186 172
3406 372 344
3407 2130 1970
3408 279 258
3409 186 172
3410 465 430
3411 852 788
3412 1917 1773
3413 930 860
3414 1491 1379
3415 372 344
3416 2130 1970
3417 1491 1379
3418 213 197
3419 744 688
3420 93 86
3421 186 172
3422 651 602
3423 744 688
3424 852 788
3425 2130 1970
3426 93 86
3427 372 344
3428 852 788
3429 372 344
3430 744 688
3431 744 688
3432 213 197
3433 837 774
3434 186 172
3435 852 788
3436 1704 1576
3437 465 430
3438 372 344
3439 1278 1182
3440 1917 1773
3441 558 516
3442 465 430
3443 465 430
3444 186 172
3445 1704 1576
3446 558 516
3447 2130 1970
3448 465 430
3449 1065 985
3450 213 197
3451 744 688
3452 372 344
3453 1917 1773
3454 372 344
3455 1491 1379
3456 93 86
3457 186 172
3458 1278 1182
3459 639 591
3460 651 602
3461 426 394
3462 2130 1970
3463 1065 985
3464 639 591
3465 1278 1182
3466 1065 985
3467 279 258
3468 372 344
3469 1491 1379
3470 1065 985
3471 186 172
3472 1278 1182
3473 930 860
3474 639 591
3475 213 197
3476 372 344
3477 1917 1773
3478 837 774
3479 213 197
3480 1065 985
3481 426 394
3482 639 591
3483 213 197
3484 930 860
3485 1065 985
3486 651 602
3487 465 430
3488 186 172
3489 639 591
3490 1278 1182
3491 1704 1576
3492 372 344
3493 930 860
3494 186 172
3495 426 394
3496 213 197
3497 837 774
3498 852 788
3499 1065 985
3500 426 394
3501 1278 1182
3502 1704 1576
3503 1704 1576
3504 852 788
3505 93 86
3506 2130 1970
3507 279 258
3508 1917 1773
3509 426 394
3510 279 258
3511 465 430
3512 465 430
3513 372 344
3514 186 172
3515 279 258
3516 2130 1970
3517 1491 1379
3518 930 860
3519 279 258
3520 465 430
3521 651 602
3522 744 688
3523 558 516
3524 213 197
3525 93 86
3526 93 86
3527 213 197
3528 186 172
3529 426 394
3530 639 591
3531 1917 1773
3532 930 860
3533 279 258
3534 744 688
3535 1917 1773
3536 651 602
3537 213 197
3538 1704 1576
3539 2130 1970
3540 639 591
3541 213 197
3542 1278 1182
3543 426 394
3544 1917 1773
3545 558 516
3546 639 591
3547 639 591
3548 2130 1970
3549 1917 1773
3550 837 774
3551 837 774
3552 744 688
3553 186 172
3554 1278 1182
3555 213 197
3556 852 788
3557 426 394
3558 1917 1773
3559 186 172
3560 1491 1379
3561 558 516
3562 93 86
3563 558 516
3564 186 172
3565 279 258
3566 1917 1773
3567 930 860
3568 1704 1576
3569 1491 1379
3570 558 516
3571 1491 1379
3572 651 602
3573 93 86
3574 426 394
3575 186 172
3576 372 344
3577 1704 1576
3578 930 860
3579 1491 1379
3580 426 394
3581 465 430
3582 2130 1970
3583 213 197
3584 213 197
3585 1065 985
3586 1491 1379
3587 651 602
3588 186 172
3589 213 197
3590 852 788
3591 639 591
3592 639 591
3593 1278 1182
3594 465 430
3595 279 258
3596 213 197
3597 1704 1576
3598 372 344
3599 213 197
3600 2130 1970
3601 651 602
3602 93 86
3603 372 344
3604 651 602
3605 639 591
3606 279 258
3607 1917 1773
3608 744 688
3609 837 774
3610 1278 1182
3611 558 516
3612 93 86
3613 639 591
3614 930 860
3615 651 602
3616 558 516
3617 744 688
3618 639 591
3619 1917 1773
3620 744 688
3621 1065 985
3622 372 344
3623 426 394
3624 1065 985
3625 1704 1576
3626 651 602
3627 2130 1970
3628 651 602
3629 186 172
3630 1491 1379
3631 852 788
3632 1704 1576
3633 639 591
3634 1917 1773
3635 279 258
3636 1491 1379
3637 639 591
3638 1917 1773
3639 2130 1970
3640 1491 1379
3641 1278 1182
3642 426 394
3643 465 430
3644 465 430
3645 213 197
3646 213 197
3647 639 591
3648 558 516
3649 213 197
3650 213 197
3651 279 258
3652 1917 1773
3653 930 860
3654 1917 1773
3655 930 860
3656 1491 1379
3657 852 788
3658 558 516
3659 852 788
3660 1278 1182
3661 1278 1182
3662 1278 1182
3663 1491 1379
3664 465 430
3665 744 688
3666 93 86
3667 1917 1773
3668 1704 1576
3669 279 258
3670 1278 1182
3671 1704 1576
3672 1065 985
3673 465 430
3674 639 591
3675 465 430
3676 837 774
3677 837 774
3678 837 774
3679 213 197
3680 1491 1379
3681 837 774
3682 1278 1182
3683 1491 1379
3684 213 197
3685 930 860
3686 1491 1379
3687 1065 985
3688 213 197
3689 651 602
3690 1491 1379
3691 465 430
3692 1491 1379
3693 651 602
3694 465 430
3695 186 172
3696 93 86
3697 852 788
3698 930 860
3699 1917 1773
3700 852 788
3701 1704 1576
3702 930 860
3703 1917 1773
3704 1917 1773
3705 930 860
3706 852 788
3707 837 774
3708 93 86
3709 558 516
3710 639 591
3711 1491 1379
3712 639 591
3713 651 602
3714 744 688
3715 372 344
3716 639 591
3717 279 258
3718 465 430
3719 426 394
3720 372 344
3721 930 860
3722 93 86
3723 852 788
3724 558 516
3725 651 602
3726 930 860
3727 837 774
3728 213 197
3729 852 788
3730 639 591
3731 1278 1182
3732 1491 1379
3733 1917 1773
3734 558 516
3735 1278 1182
3736 558 516
3737 639 591
3738 651 602
3739 2130 1970
3740 93 86
3741 1065 985
3742 213 197
3743 837 774
3744 639 591
3745 1917 1773
3746 852 788
3747 1704 1576
3748 1704 1576
3749 1065 985
3750 279 258
3751 1491 1379
3752 372 344
3753 93 86
3754 1491 1379
3755 93 86
3756 651 602
3757 93 86
3758 1704 1576
3759 558 516
3760 186 172
3761 372 344
3762 93 86
3763 639 591
3764 744 688
3765 930 860
3766 1278 1182
3767 852 788
3768 639 591
3769 213 197
3770 1065 985
3771 465 430
3772 372 344
3773 744 688
3774 93 86
3775 213 197
3776 186 172
3777 213 197
3778 213 197
3779 426 394
3780 186 172
3781 930 860
3782 651 602
3783 186 172
3784 279 258
3785 2130 1970
3786 744 688
3787 1491 1379
3788 639 591
3789 2130 1970
3790 1065 985
3791 1704 1576
3792 1278 1182
3793 930 860
3794 651 602
3795 639 591
3796 93 86
3797 213 197
3798 372 344
3799 837 774
3800 426 394
3801 1917 1773
3802 93 86
3803 651 602
3804 1704 1576
3805 213 197
3806 1065 985
3807 837 774
3808 1278 1182
3809 744 688
3810 186 172
3811 837 774
3812 1491 1379
3813 465 430
3814 186 172
3815 372 344
3816 651 602
3817 1065 985
3818 93 86
3819 852 788
3820 930 860
3821 852 788
3822 837 774
3823 558 516
3824 852 788
3825 837 774
3826 1491 1379
3827 213 197
3828 744 688
3829 639 591
3830 465 430
3831 852 788
3832 639 591
3833 639 591
3834 852 788
3835 279 258
3836 1491 1379
3837 186 172
3838 213 197
3839 93 86
3840 1278 1182
3841 1278 1182
3842 186 172
3843 372 344
3844 186 172
3845 1491 1379
3846 465 430
3847 651 602
3848 639 591
3849 279 258
3850 186 172
3851 2130 1970
3852 930 860
3853 837 774
3854 1704 1576
3855 186 172
3856 279 258
3857 744 688
3858 930 860
3859 639 591
3860 837 774
3861 837 774
3862 852 788
3863 465 430
3864 837 774
3865 1491 1379
3866 639 591
3867 279 258
3868 639 591
3869 279 258
3870 213 197
3871 1704 1576
3872 93 86
3873 558 516
3874 426 394
3875 465 430
3876 372 344
3877 465 430
3878 426 394
3879 2130 1970
3880 852 788
3881 1065 985
3882 744 688
3883 2130 1970
3884 1491 1379
3885 930 860
3886 930 860
3887 837 774
3888 639 591
3889 279 258
3890 852 788
3891 1491 1379
3892 93 86
3893 2130 1970
3894 1917 1773
3895 1917 1773
3896 852 788
3897 744 688
3898 852 788
3899 1278 1182
3900 852 788
3901 186 172
3902 465 430
3903 852 788
3904 558 516
3905 213 197
3906 465 430
3907 2130 1970
3908 651 602
3909 639 591
3910 186 172
3911 744 688
3912 1491 1379
3913 837 774
3914 852 788
3915 93 86
3916 1278 1182
3917 930 860
3918 852 788
3919 186 172
3920 837 774
3921 852 788
3922 93 86
3923 1278 1182
3924 186 172
3925 852 788
3926 837 774
3927 1278 1182
3928 1704 1576
3929 372 344
3930 1704 1576
3931 2130 1970
3932 639 591
3933 426 394
3934 2130 1970
3935 372 344
3936 744 688
3937 852 788
3938 93 86
3939 1704 1576
3940 837 774
3941 213 197
3942 639 591
3943 837 774
3944 372 344
3945 639 591
3946 930 860
3947 372 344
3948 1065 985
3949 651 602
3950 930 860
3951 1491 1379
3952 186 172
3953 426 394
3954 639 591
3955 744 688
3956 2130 1970
3957 837 774
3958 852 788
3959 279 258
3960 651 602
3961 213 197
3962 852 788
3963 372 344
3964 93 86
3965 93 86
3966 558 516
3967 744 688
3968 1065 985
3969 744 688
3970 837 774
3971 2130 1970
3972 186 172
3973 213 197
3974 93 86
3975 837 774
3976 852 788
3977 558 516
3978 639 591
3979 426 394
3980 558 516
3981 2130 1970
3982 372 344
3983 93 86
3984 186 172
3985 93 86
3986 465 430
3987 558 516
3988 186 172
3989 639 591
3990 2130 1970
3991 852 788
3992 1917 1773
3993 558 516
3994 837 774
3995 558 516
3996 279 258
3997 852 788
3998 639 591
3999 837 774
4000 93 86
4001 744 688
4002 1704 1576
4003 1491 1379
4004 930 860
4005 1704 1576
4006 186 172
4007 1704 1576
4008 852 788
4009 639 591
4010 651 602
4011 186 172
4012 744 688
4013 2130 1970
4014 186 172
4015 930 860
4016 852 788
4017 186 172
4018 426 394
4019 1704 1576
4020 2130 1970
4021 1278 1182
4022 186 172
4023 213 197
4024 930 860
4025 744 688
4026 426 394
4027 279 258
4028 651 602
4029 930 860
4030 1491 1379
4031 837 774
4032 1917 1773
4033 837 774
4034 1278 1182
4035 372 344
4036 465 430
4037 279 258
4038 213 197
4039 1491 1379
4040 852 788
4041 2130 1970
4042 930 860
4043 639 591
4044 1491 1379
4045 639 591
4046 558 516
4047 186 172
4048 651 602
4049 465 430
4050 1917 1773
4051 93 86
4052 186 172
4053 2130 1970
4054 558 516
4055 558 516
4056 744 688
4057 465 430
4058 558 516
4059 558 516
4060 93 86
4061 837 774
4062 2130 1970
4063 2130 1970
4064 1704 1576
4065 372 344
4066 186 172
4067 279 258
4068 93 86
4069 639 591
4070 186 172
4071 279 258
4072 837 774
4073 279 258
4074 465 430
4075 1917 1773
4076 639 591
4077 93 86
4078 1917 1773
4079 465 430
4080 465 430
4081 558 516
4082 1065 985
4083 639 591
4084 651 602
4085 372 344
4086 744 688
4087 1917 1773
4088 1491 1379
4089 1917 1773
4090 93 86
4091 426 394
4092 837 774
4093 1704 1576
4094 1491 1379
4095 744 688
4096 279 258
4097 930 860
4098 558 516
4099 930 860
4100 93 86
4101 213 197
4102 651 602
4103 93 86
4104 426 394
4105 558 516
4106 465 430
4107 852 788
4108 1917 1773
4109 651 602
4110 639 591
4111 213 197
4112 279 258
4113 372 344
4114 1065 985
4115 1917 1773
4116 651 602
4117 186 172
4118 2130 1970
4119 1704 1576
4120 837 774
4121 279 258
4122 744 688
4123 465 430
4124 1704 1576
4125 2130 1970
4126 2130 1970
4127 639 591
4128 639 591
4129 1491 1379
4130 558 516
4131 1704 1576
4132 93 86
4133 837 774
4134 186 172
4135 186 172
4136 1065 985
4137 558 516
4138 1278 1182
4139 213 197
4140 1065 985
4141 558 516
4142 558 516
4143 744 688
4144 558 516
4145 426 394
4146 1704 1576
4147 372 344
4148 372 344
4149 1917 1773
4150 1278 1182
4151 1491 1379
4152 2130 1970
4153 279 258
4154 930 860
4155 837 774
4156 1491 1379
4157 465 430
4158 1917 1773
4159 1491 1379
4160 372 344
4161 852 788
4162 1065 985
4163 852 788
4164 372 344
4165 1917 1773
4166 1065 985
4167 372 344
4168 1065 985
4169 1278 1182
4170 744 688
4171 213 197
4172 279 258
4173 426 394
4174 1704 1576
4175 558 516
4176 744 688
4177 426 394
4178 744 688
4179 279 258
4180 1491 1379
4181 372 344
4182 372 344
4183 465 430
4184 930 860
4185 372 344
4186 1491 1379
4187 651 602
4188 1491 1379
4189 213 197
4190 372 344
4191 372 344
4192 93 86
4193 279 258
4194 186 172
4195 465 430
4196 1704 1576
4197 213 197
4198 837 774
4199 639 591
4200 651 602
4201 852 788
4202 639 591
4203 279 258
4204 744 688
4205 651 602
4206 93 86
4207 279 258
4208 1704 1576
4209 372 344
4210 2130 1970
4211 1491 1379
4212 186 172
4213 93 86
4214 2130 1970
4215 426 394
4216 465 430
4217 837 774
4218 639 591
4219 558 516
4220 1278 1182
4221 1491 1379
4222 1065 985
4223 744 688
4224 651 602
4225 744 688
4226 651 602
4227 639 591
4228 837 774
4229 558 516
4230 186 172
4231 837 774
4232 1917 1773
4233 426 394
4234 744 688
4235 279 258
4236 372 344
4237 426 394
4238 372 344
4239 651 602
4240 1491 1379
4241 639 591
4242 1917 1773
4243 837 774
4244 1917 1773
4245 372 344
4246 93 86
4247 1917 1773
4248 1491 1379
4249 651 602
4250 465 430
4251 1065 985
4252 930 860
4253 2130 1970
4254 372 344
4255 465 430
4256 426 394
4257 372 344
4258 558 516
4259 213 197
4260 1917 1773
4261 1491 1379
4262 186 172
4263 279 258
4264 1704 1576
4265 837 774
4266 558 516
4267 1704 1576
4268 279 258
4269 852 788
4270 558 516
4271 426 394
4272 279 258
4273 651 602
4274 744 688
4275 1278 1182
4276 213 197
4277 744 688
4278 1917 1773
4279 372 344
4280 426 394
4281 837 774
4282 279 258
4283 1917 1773
4284 279 258
4285 852 788
4286 1704 1576
4287 639 591
4288 372 344
4289 744 688
4290 1065 985
4291 558 516
4292 1278 1182
4293 1917 1773
4294 1065 985
4295 651 602
4296 93 86
4297 1917 1773
4298 279 258
4299 1065 985
4300 372 344
4301 1704 1576
4302 837 774
4303 2130 1970
4304 1917 1773
4305 1917 1773
4306 930 860
4307 213 197
4308 186 172
4309 852 788
4310 1704 1576
4311 639 591
4312 1917 1773
4313 930 860
4314 426 394
4315 744 688
4316 1278 1182
4317 465 430
4318 639 591
4319 2130 1970
4320 186 172
4321 186 172
4322 837 774
4323 1917 1773
4324 93 86
4325 930 860
4326 213 197
4327 1278 1182
4328 213 197
4329 372 344
4330 93 86
4331 837 774
4332 93 86
4333 426 394
4334 372 344
4335 651 602
4336 558 516
4337 1065 985
4338 651 602
4339 279 258
4340 1278 1182
4341 465 430
4342 426 394
4343 1917 1773
4344 372 344
4345 1065 985
4346 1065 985
4347 426 394
4348 639 591
4349 2130 1970
4350 1491 1379
4351 426 394
4352 744 688
4353 2130 1970
4354 213 197
4355 426 394
4356 93 86
4357 1704 1576
4358 852 788
4359 2130 1970
4360 1704 1576
4361 852 788
4362 837 774
4363 558 516
4364 372 344
4365 372 344
4366 930 860
4367 837 774
4368 93 86
4369 651 602
4370 1704 1576
4371 744 688
4372 558 516
4373 1917 1773
4374 1278 1182
4375 186 172
4376 837 774
4377 213 197
4378 1065 985
4379 186 172
4380 930 860
4381 744 688
4382 213 197
4383 465 430
4384 852 788
4385 1491 1379
4386 1065 985
4387 465 430
4388 1704 1576
4389 639 591
4390 372 344
4391 852 788
4392 2130 1970
4393 279 258
4394 213 197
4395 558 516
4396 186 172
4397 213 197
4398 1917 1773
4399 852 788
4400 837 774
4401 558 516
4402 426 394
4403 837 774
4404 558 516
4405 1278 1182
4406 426 394
4407 1491 1379
4408 1917 1773
4409 465 430
4410 837 774
4411 93 86
4412 558 516
4413 465 430
4414 426 394
4415 1278 1182
4416 558 516
4417 837 774
4418 1065 985
4419 1065 985
4420 930 860
4421 279 258
4422 852 788
4423 186 172
4424 1065 985
4425 465 430
4426 93 86
4427 744 688
4428 279 258
4429 744 688
4430 372 344
4431 465 430
4432 1704 1576
4433 852 788
4434 1278 1182
4435 558 516
4436 2130 1970
4437 1491 1379
4438 930 860
4439 279 258
4440 279 258
4441 639 591
4442 279 258
4443 186 172
4444 213 197
4445 558 516
4446 1704 1576
4447 1917 1773
4448 1704 1576
4449 2130 1970
4450 213 197
4451 465 430
4452 1491 1379
4453 1278 1182
4454 852 788
4455 744 688
4456 558 516
4457 1704 1576
4458 2130 1970
4459 465 430
4460 837 774
4461 93 86
4462 426 394
4463 426 394
4464 1704 1576
4465 558 516
4466 213 197
4467 930 860
4468 2130 1970
4469 651 602
4470 930 860
4471 2130 1970
4472 1065 985
4473 372 344
4474 852 788
4475 465 430
4476 1917 1773
4477 186 172
4478 372 344
4479 1491 1379
4480 372 344
4481 93 86
4482 1704 1576
4483 558 516
4484 1491 1379
4485 639 591
4486 2130 1970
4487 930 860
4488 837 774
4489 426 394
4490 1704 1576
4491 372 344
4492 186 172
4493 744 688
4494 651 602
4495 2130 1970
4496 930 860
4497 279 258
4498 465 430
4499 93 86
4500 651 602
4501 372 344
4502 2130 1970
4503 426 394
4504 930 860
4505 930 860
4506 1917 1773
4507 837 774
4508 465 430
4509 1491 1379
4510 426 394
4511 1491 1379
4512 186 172
4513 639 591
4514 279 258
4515 1065 985
4516 651 602
4517 186 172
4518 651 602
4519 558 516
4520 558 516
4521 1065 985
4522 1704 1576
4523 744 688
4524 930 860
4525 837 774
4526 213 197
4527 426 394
4528 639 591
4529 837 774
4530 639 591
4531 372 344
4532 465 430
4533 426 394
4534 837 774
4535 213 197
4536 279 258
4537 1491 1379
4538 558 516
4539 1278 1182
4540 213 197
4541 465 430
4542 837 774
4543 465 430
4544 1704 1576
4545 426 394
4546 1278 1182
4547 1065 985
4548 186 172
4549 2130 1970
4550 426 394
4551 426 394
4552 852 788
4553 1065 985
4554 1278 1182
4555 1491 1379
4556 186 172
4557 852 788
4558 1704 1576
4559 1704 1576
4560 1704 1576
4561 558 516
4562 186 172
4563 651 602
4564 852 788
4565 93 86
4566 465 430
4567 213 197
4568 639 591
4569 852 788
4570 372 344
4571 1278 1182
4572 213 197
4573 639 591
4574 1491 1379
4575 2130 1970
4576 852 788
4577 186 172
4578 1065 985
4579 213 197
4580 186 172
4581 426 394
4582 1917 1773
4583 852 788
4584 558 516
4585 1704 1576
4586 465 430
4587 213 197
4588 1917 1773
4589 279 258
4590 852 788
4591 837 774
4592 852 788
4593 2130 1970
4594 639 591
4595 651 602
4596 1491 1379
4597 639 591
4598 1491 1379
4599 852 788
4600 651 602
4601 426 394
4602 837 774
4603 744 688
4604 372 344
4605 1278 1182
4606 1491 1379
4607 1491 1379
4608 651 602
4609 744 688
4610 279 258
4611 1917 1773
4612 930 860
4613 1278 1182
4614 465 430
4615 372 344
4616 837 774
4617 213 197
4618 372 344
4619 465 430
4620 1917 1773
4621 213 197
4622 852 788
4623 2130 1970
4624 279 258
4625 930 860
4626 1491 1379
4627 426 394
4628 744 688
4629 558 516
4630 426 394
4631 1278 1182
4632 1917 1773
4633 1917 1773
4634 930 860
4635 744 688
4636 426 394
4637 852 788
4638 372 344
4639 1278 1182
4640 2130 1970
4641 852 788
4642 744 688
4643 1065 985
4644 1491 1379
4645 1917 1773
4646 2130 1970
4647 1278 1182
4648 1278 1182
4649 744 688
4650 1491 1379
4651 372 344
4652 2130 1970
4653 639 591
4654 426 394
4655 1917 1773
4656 186 172
4657 2130 1970
4658 1491 1379
4659 1491 1379
4660 465 430
4661 213 197
4662 1065 985
4663 465 430
4664 279 258
4665 213 197
4666 1065 985
4667 426 394
4668 1917 1773
4669 1278 1182
4670 372 344
4671 1491 1379
4672 279 258
4673 372 344
4674 93 86
4675 1278 1182
4676 1278 1182
4677 93 86
4678 465 430
4679 186 172
4680 465 430
4681 1491 1379
4682 1065 985
4683 1065 985
4684 2130 1970
4685 2130 1970
4686 930 860
4687 1278 1182
4688 2130 1970
4689 465 430
4690 213 197
4691 651 602
4692 837 774
4693 213 197
4694 465 430
4695 1491 1379
4696 186 172
4697 639 591
4698 930 860
4699 1491 1379
4700 465 430
4701 465 430
4702 651 602
4703 558 516
4704 639 591
4705 837 774
4706 465 430
4707 2130 1970
4708 651 602
4709 426 394
4710 426 394
4711 1704 1576
4712 1278 1182
4713 1917 1773
4714 558 516
4715 1704 1576
4716 93 86
4717 558 516
4718 426 394
4719 837 774
4720 279 258
4721 2130 1970
4722 186 172
4723 1491 1379
4724 186 172
4725 1278 1182
4726 186 172
4727 465 430
4728 1278 1182
4729 639 591
4730 426 394
4731 930 860
4732 1278 1182
4733 213 197
4734 2130 1970
4735 1065 985
4736 1278 1182
4737 930 860
4738 852 788
4739 426 394
4740 744 688
4741 186 172
4742 1278 1182
4743 2130 1970
4744 2130 1970
4745 465 430
4746 558 516
4747 2130 1970
4748 930 860
4749 837 774
4750 837 774
4751 1704 1576
4752 93 86
4753 372 344
4754 279 258
4755 426 394
4756 1278 1182
4757 186 172
4758 1917 1773
4759 1704 1576
4760 213 197
4761 186 172
4762 639 591
4763 1278 1182
4764 651 602
4765 1704 1576
4766 1278 1182
4767 1704 1576
4768 213 197
4769 465 430
4770 465 430
4771 186 172
4772 651 602
4773 279 258
4774 1278 1182
4775 639 591
4776 2130 1970
4777 639 591
4778 651 602
4779 639 591
4780 930 860
4781 639 591
4782 1917 1773
4783 558 516
4784 279 258
4785 186 172
4786 93 86
4787 837 774
4788 426 394
4789 837 774
4790 2130 1970
4791 744 688
4792 1917 1773
4793 852 788
4794 1704 1576
4795 930 860
4796 1491 1379
4797 1065 985
4798 837 774
4799 1917 1773
4800 93 86
4801 744 688
4802 1491 1379
4803 651 602
4804 651 602
4805 465 430
4806 2130 1970
4807 1065 985
4808 837 774
4809 639 591
4810 639 591
4811 2130 1970
4812 1278 1182
4813 1491 1379
4814 837 774
4815 930 860
4816 837 774
4817 465 430
4818 1065 985
4819 639 591
4820 1704 1576
4821 465 430
4822 1917 1773
4823 558 516
4824 279 258
4825 213 197
4826 213 197
4827 1704 1576
4828 558 516
4829 1917 1773
4830 1278 1182
4831 837 774
4832 1704 1576
4833 558 516
4834 639 591
4835 93 86
4836 1704 1576
4837 279 258
4838 1704 1576
4839 213 197
4840 558 516
4841 651 602
4842 465 430
4843 279 258
4844 426 394
4845 852 788
4846 558 516
4847 558 516
4848 1491 1379
4849 651 602
4850 1491 1379
4851 372 344
4852 1278 1182
4853 426 394
4854 930 860
4855 930 860
4856 1704 1576
4857 1278 1182
4858 852 788
4859 2130 1970
4860 1278 1182
4861 852 788
4862 213 197
4863 213 197
4864 213 197
4865 1065 985
4866 372 344
4867 1065 985
4868 930 860
4869 426 394
4870 837 774
4871 93 86
4872 93 86
4873 930 860
4874 1917 1773
4875 1917 1773
4876 930 860
4877 639 591
4878 279 258
4879 1917 1773
4880 1065 985
4881 1704 1576
4882 558 516
4883 213 197
4884 186 172
4885 1917 1773
4886 465 430
4887 372 344
4888 1491 1379
4889 837 774
4890 558 516
4891 93 86
4892 93 86
4893 651 602
4894 279 258
4895 651 602
4896 1065 985
4897 744 688
4898 213 197
4899 372 344
4900 852 788
4901 651 602
4902 837 774
4903 930 860
4904 1065 985
4905 465 430
4906 744 688
4907 279 258
4908 186 172
4909 2130 1970
4910 93 86
4911 186 172
4912 465 430
4913 465 430
4914 213 197
4915 1278 1182
4916 1065 985
4917 426 394
4918 1065 985
4919 837 774
4920 744 688
4921 1917 1773
4922 1065 985
4923 279 258
4924 1278 1182
4925 213 197
4926 930 860
4927 1704 1576
4928 279 258
4929 744 688
4930 213 197
4931 1917 1773
4932 1704 1576
4933 1278 1182
4934 1491 1379
4935 744 688
4936 93 86
4937 930 860
4938 639 591
4939 186 172
4940 1917 1773
4941 93 86
4942 930 860
4943 213 197
4944 1065 985
4945 651 602
4946 639 591
4947 558 516
4948 651 602
4949 930 860
4950 1704 1576
4951 1065 985
4952 186 172
4953 213 197
4954 558 516
4955 426 394
4956 279 258
4957 852 788
4958 279 258
4959 744 688
4960 426 394
4961 1704 1576
4962 558 516
4963 837 774
4964 1278 1182
4965 1917 1773
4966 558 516
4967 1278 1182
4968 1917 1773
4969 279 258
4970 213 197
4971 1917 1773
4972 426 394
4973 2130 1970
4974 1065 985
4975 1917 1773
4976 279 258
4977 852 788
4978 93 86
4979 372 344
4980 2130 1970
4981 852 788
4982 2130 1970
4983 639 591
4984 558 516
4985 744 688
4986 639 591
4987 1491 1379
4988 1704 1576
4989 1278 1182
4990 651 602
4991 372 344
4992 558 516
4993 1917 1773
4994 651 602
4995 1065 985
4996 1065 985
4997 213 197
4998 837 774
4999 1491 1379
5000 558 516
