5000 2138268 13_5000_1000_2983
1 693 553
2 594 474
3 524 444
4 524 444
5 786 666
6 495 395
7 786 666
8 917 777
9 297 237
10 891 711
11 693 553
12 198 158
13 524 444
14 524 444
15 693 553
16 655 555
17 99 79
18 786 666
19 1179 999
20 1048 888
21 393 333
22 1048 888
23 524 444
24 917 777
25 990 790
26 1179 999
27 393 333
28 917 777
29 786 666
30 1179 999
31 917 777
32 792 632
33 792 632
34 495 395
35 198 158
36 891 711
37 1179 999
38 693 553
39 693 553
40 297 237
41 393 333
42 1179 999
43 297 237
44 1179 999
45 594 474
46 1048 888
47 524 444
48 655 555
49 786 666
50 297 237
51 1179 999
52 693 553
53 524 444
54 990 790
55 1048 888
56 786 666
57 917 777
58 655 555
59 131 111
60 891 711
61 198 158
62 198 158
63 655 555
64 262 222
65 891 711
66 693 553
67 297 237
68 693 553
69 1310 1110
70 1179 999
71 693 553
72 297 237
73 99 79
74 990 790
75 1310 1110
76 396 316
77 1310 1110
78 1048 888
79 495 395
80 262 222
81 393 333
82 655 555
83 792 632
84 990 790
85 693 553
86 396 316
87 917 777
88 693 553
89 99 79
90 1179 999
91 495 395
92 1048 888
93 786 666
94 693 553
95 1048 888
96 396 316
97 99 79
98 786 666
99 891 711
100 396 316
101 655 555
102 655 555
103 891 711
104 917 777
105 786 666
106 262 222
107 693 553
108 99 79
109 524 444
110 393 333
111 786 666
112 396 316
113 792 632
114 594 474
115 655 555
116 655 555
117 495 395
118 990 790
119 917 777
120 1310 1110
121 594 474
122 1179 999
123 786 666
124 1179 999
125 655 555
126 524 444
127 495 395
128 655 555
129 655 555
130 786 666
131 1179 999
132 99 79
133 891 711
134 393 333
135 99 79
136 693 553
137 693 553
138 524 444
139 131 111
140 131 111
141 594 474
142 393 333
143 786 666
144 131 111
145 1310 1110
146 393 333
147 594 474
148 1310 1110
149 131 111
150 262 222
151 655 555
152 792 632
153 655 555
154 655 555
155 693 553
156 786 666
157 917 777
158 594 474
159 792 632
160 786 666
161 786 666
162 198 158
163 792 632
164 990 790
165 198 158
166 655 555
167 693 553
168 297 237
169 655 555
170 1179 999
171 594 474
172 990 790
173 1179 999
174 990 790
175 198 158
176 396 316
177 693 553
178 594 474
179 262 222
180 1310 1110
181 1179 999
182 99 79
183 198 158
184 891 711
185 297 237
186 693 553
187 396 316
188 1310 1110
189 594 474
190 495 395
191 891 711
192 131 111
193 495 395
194 262 222
195 1310 1110
196 655 555
197 495 395
198 297 237
199 524 444
200 917 777
201 786 666
202 262 222
203 786 666
204 594 474
205 1179 999
206 786 666
207 99 79
208 495 395
209 524 444
210 655 555
211 262 222
212 1179 999
213 198 158
214 655 555
215 792 632
216 198 158
217 655 555
218 131 111
219 396 316
220 1048 888
221 792 632
222 891 711
223 1179 999
224 1179 999
225 891 711
226 524 444
227 990 790
228 1048 888
229 198 158
230 393 333
231 786 666
232 198 158
233 891 711
234 131 111
235 594 474
236 297 237
237 1179 999
238 524 444
239 198 158
240 1048 888
241 99 79
242 297 237
243 524 444
244 1179 999
245 1310 1110
246 1179 999
247 655 555
248 198 158
249 396 316
250 990 790
251 524 444
252 792 632
253 891 711
254 1310 1110
255 1179 999
256 786 666
257 131 111
258 297 237
259 495 395
260 891 711
261 990 790
262 655 555
263 262 222
264 198 158
265 396 316
266 524 444
267 917 777
268 786 666
269 297 237
270 693 553
271 594 474
272 655 555
273 297 237
274 786 666
275 99 79
276 594 474
277 693 553
278 99 79
279 524 444
280 786 666
281 393 333
282 262 222
283 786 666
284 693 553
285 495 395
286 990 790
287 655 555
288 792 632
289 198 158
290 297 237
291 131 111
292 198 158
293 131 111
294 917 777
295 786 666
296 786 666
297 99 79
298 1179 999
299 396 316
300 495 395
301 297 237
302 786 666
303 891 711
304 297 237
305 262 222
306 524 444
307 131 111
308 1310 1110
309 99 79
310 786 666
311 262 222
312 917 777
313 891 711
314 891 711
315 524 444
316 990 790
317 594 474
318 99 79
319 693 553
320 786 666
321 917 777
322 524 444
323 1310 1110
324 917 777
325 1179 999
326 891 711
327 1048 888
328 655 555
329 99 79
330 917 777
331 891 711
332 1179 999
333 99 79
334 693 553
335 99 79
336 792 632
337 990 790
338 495 395
339 594 474
340 594 474
341 693 553
342 297 237
343 297 237
344 131 111
345 594 474
346 1310 1110
347 495 395
348 917 777
349 198 158
350 891 711
351 131 111
352 891 711
353 693 553
354 891 711
355 495 395
356 917 777
357 1310 1110
358 393 333
359 131 111
360 524 444
361 198 158
362 786 666
363 786 666
364 99 79
365 495 395
366 495 395
367 1310 1110
368 131 111
369 262 222
370 1048 888
371 693 553
372 1310 1110
373 99 79
374 990 790
375 99 79
376 655 555
377 1179 999
378 393 333
379 198 158
380 990 790
381 495 395
382 786 666
383 396 316
384 891 711
385 131 111
386 524 444
387 393 333
388 990 790
389 262 222
390 655 555
391 1310 1110
392 792 632
393 198 158
394 594 474
395 262 222
396 786 666
397 693 553
398 131 111
399 1048 888
400 693 553
401 792 632
402 198 158
403 917 777
404 792 632
405 524 444
406 786 666
407 524 444
408 396 316
409 786 666
410 131 111
411 131 111
412 891 711
413 131 111
414 792 632
415 131 111
416 524 444
417 297 237
418 393 333
419 262 222
420 792 632
421 131 111
422 655 555
423 917 777
424 693 553
425 792 632
426 524 444
427 1310 1110
428 99 79
429 396 316
430 198 158
431 495 395
432 891 711
433 594 474
434 198 158
435 99 79
436 594 474
437 1048 888
438 262 222
439 917 777
440 1310 1110
441 792 632
442 1310 1110
443 693 553
444 990 790
445 524 444
446 891 711
447 1048 888
448 262 222
449 594 474
450 297 237
451 262 222
452 131 111
453 495 395
454 262 222
455 1048 888
456 792 632
457 891 711
458 198 158
459 396 316
460 262 222
461 990 790
462 792 632
463 393 333
464 891 711
465 131 111
466 524 444
467 495 395
468 792 632
469 396 316
470 655 555
471 99 79
472 990 790
473 99 79
474 594 474
475 655 555
476 792 632
477 131 111
478 131 111
479 99 79
480 990 790
481 786 666
482 1048 888
483 786 666
484 655 555
485 990 790
486 990 790
487 396 316
488 396 316
489 792 632
490 792 632
491 262 222
492 990 790
493 1310 1110
494 99 79
495 693 553
496 990 790
497 524 444
498 495 395
499 655 555
500 99 79
501 786 666
502 655 555
503 786 666
504 396 316
505 396 316
506 396 316
507 297 237
508 99 79
509 693 553
510 990 790
511 792 632
512 495 395
513 1048 888
514 792 632
515 99 79
516 297 237
517 990 790
518 99 79
519 393 333
520 1048 888
521 786 666
522 1310 1110
523 655 555
524 495 395
525 786 666
526 655 555
527 917 777
528 198 158
529 297 237
530 396 316
531 786 666
532 693 553
533 655 555
534 655 555
535 396 316
536 917 777
537 693 553
538 198 158
539 131 111
540 693 553
541 990 790
542 917 777
543 262 222
544 917 777
545 990 790
546 786 666
547 1310 1110
548 131 111
549 297 237
550 198 158
551 198 158
552 891 711
553 917 777
554 495 395
555 594 474
556 393 333
557 786 666
558 792 632
559 693 553
560 655 555
561 594 474
562 1179 999
563 891 711
564 786 666
565 693 553
566 1310 1110
567 1048 888
568 917 777
569 99 79
570 198 158
571 792 632
572 198 158
573 495 395
574 131 111
575 786 666
576 262 222
577 297 237
578 594 474
579 99 79
580 495 395
581 655 555
582 198 158
583 131 111
584 1179 999
585 495 395
586 524 444
587 99 79
588 524 444
589 693 553
590 693 553
591 396 316
592 1048 888
593 1310 1110
594 262 222
595 693 553
596 1310 1110
597 524 444
598 1048 888
599 1048 888
600 262 222
601 396 316
602 524 444
603 1179 999
604 198 158
605 792 632
606 990 790
607 990 790
608 297 237
609 524 444
610 1048 888
611 594 474
612 917 777
613 990 790
614 524 444
615 786 666
616 917 777
617 891 711
618 524 444
619 297 237
620 131 111
621 917 777
622 297 237
623 990 790
624 524 444
625 131 111
626 693 553
627 262 222
628 495 395
629 1310 1110
630 990 790
631 792 632
632 891 711
633 297 237
634 786 666
635 1310 1110
636 396 316
637 99 79
638 1179 999
639 99 79
640 198 158
641 990 790
642 99 79
643 990 790
644 393 333
645 131 111
646 786 666
647 198 158
648 396 316
649 917 777
650 297 237
651 655 555
652 1310 1110
653 1179 999
654 1048 888
655 655 555
656 891 711
657 131 111
658 396 316
659 1310 1110
660 990 790
661 655 555
662 495 395
663 198 158
664 1048 888
665 655 555
666 891 711
667 131 111
668 396 316
669 917 777
670 792 632
671 297 237
672 693 553
673 262 222
674 1048 888
675 396 316
676 1310 1110
677 262 222
678 99 79
679 131 111
680 693 553
681 297 237
682 495 395
683 495 395
684 393 333
685 792 632
686 99 79
687 1179 999
688 792 632
689 655 555
690 786 666
691 594 474
692 1048 888
693 396 316
694 131 111
695 990 790
696 990 790
697 393 333
698 396 316
699 917 777
700 786 666
701 594 474
702 262 222
703 262 222
704 99 79
705 891 711
706 198 158
707 131 111
708 262 222
709 1048 888
710 786 666
711 198 158
712 693 553
713 524 444
714 262 222
715 198 158
716 1310 1110
717 524 444
718 396 316
719 990 790
720 990 790
721 917 777
722 524 444
723 990 790
724 131 111
725 1179 999
726 297 237
727 990 790
728 393 333
729 990 790
730 655 555
731 495 395
732 396 316
733 393 333
734 786 666
735 693 553
736 1048 888
737 262 222
738 1310 1110
739 693 553
740 655 555
741 990 790
742 495 395
743 786 666
744 524 444
745 990 790
746 917 777
747 1310 1110
748 131 111
749 917 777
750 1310 1110
751 396 316
752 594 474
753 1310 1110
754 594 474
755 393 333
756 131 111
757 693 553
758 990 790
759 594 474
760 786 666
761 297 237
762 524 444
763 594 474
764 792 632
765 786 666
766 655 555
767 396 316
768 297 237
769 594 474
770 297 237
771 1048 888
772 99 79
773 524 444
774 917 777
775 917 777
776 655 555
777 786 666
778 693 553
779 891 711
780 1179 999
781 99 79
782 198 158
783 792 632
784 297 237
785 786 666
786 990 790
787 1048 888
788 786 666
789 297 237
790 594 474
791 262 222
792 524 444
793 1179 999
794 495 395
795 990 790
796 297 237
797 1179 999
798 594 474
799 1310 1110
800 786 666
801 792 632
802 262 222
803 262 222
804 990 790
805 393 333
806 131 111
807 495 395
808 393 333
809 198 158
810 297 237
811 917 777
812 297 237
813 262 222
814 393 333
815 1310 1110
816 1310 1110
817 198 158
818 990 790
819 99 79
820 655 555
821 495 395
822 396 316
823 262 222
824 891 711
825 297 237
826 396 316
827 131 111
828 131 111
829 594 474
830 131 111
831 262 222
832 786 666
833 917 777
834 524 444
835 524 444
836 655 555
837 1310 1110
838 786 666
839 396 316
840 693 553
841 524 444
842 393 333
843 786 666
844 99 79
845 198 158
846 262 222
847 990 790
848 99 79
849 396 316
850 524 444
851 99 79
852 1310 1110
853 1179 999
854 393 333
855 198 158
856 990 790
857 594 474
858 786 666
859 262 222
860 1310 1110
861 131 111
862 786 666
863 990 790
864 990 790
865 262 222
866 693 553
867 1179 999
868 990 790
869 917 777
870 786 666
871 917 777
872 594 474
873 917 777
874 1179 999
875 262 222
876 786 666
877 495 395
878 297 237
879 655 555
880 891 711
881 1179 999
882 655 555
883 396 316
884 594 474
885 99 79
886 99 79
887 990 790
888 1048 888
889 1048 888
890 655 555
891 1048 888
892 786 666
893 1048 888
894 262 222
895 198 158
896 594 474
897 297 237
898 655 555
899 198 158
900 495 395
901 198 158
902 917 777
903 198 158
904 396 316
905 297 237
906 495 395
907 1048 888
908 131 111
909 1179 999
910 786 666
911 891 711
912 131 111
913 524 444
914 1179 999
915 917 777
916 655 555
917 917 777
918 495 395
919 99 79
920 792 632
921 594 474
922 297 237
923 396 316
924 655 555
925 792 632
926 1048 888
927 524 444
928 393 333
929 495 395
930 396 316
931 1310 1110
932 262 222
933 393 333
934 792 632
935 1048 888
936 990 790
937 396 316
938 693 553
939 524 444
940 1310 1110
941 1048 888
942 524 444
943 524 444
944 524 444
945 262 222
946 1310 1110
947 524 444
948 99 79
949 393 333
950 262 222
951 393 333
952 891 711
953 792 632
954 693 553
955 1048 888
956 131 111
957 655 555
958 1179 999
959 655 555
960 1179 999
961 262 222
962 594 474
963 693 553
964 131 111
965 792 632
966 792 632
967 594 474
968 393 333
969 99 79
970 396 316
971 1179 999
972 594 474
973 131 111
974 1310 1110
975 917 777
976 693 553
977 524 444
978 393 333
979 524 444
980 693 553
981 393 333
982 524 444
983 594 474
984 131 111
985 1179 999
986 495 395
987 1048 888
988 99 79
989 524 444
990 792 632
991 131 111
992 396 316
993 495 395
994 786 666
995 693 553
996 1048 888
997 297 237
998 1048 888
999 891 711
1000 792 632
1001 393 333
1002 792 632
1003 1048 888
1004 990 790
1005 917 777
1006 99 79
1007 297 237
1008 792 632
1009 99 79
1010 131 111
1011 1310 1110
1012 1310 1110
1013 297 237
1014 1310 1110
1015 917 777
1016 655 555
1017 297 237
1018 495 395
1019 99 79
1020 655 555
1021 1179 999
1022 495 395
1023 524 444
1024 262 222
1025 524 444
1026 297 237
1027 198 158
1028 786 666
1029 786 666
1030 495 395
1031 1310 1110
1032 594 474
1033 524 444
1034 393 333
1035 131 111
1036 990 790
1037 198 158
1038 1310 1110
1039 198 158
1040 524 444
1041 262 222
1042 99 79
1043 792 632
1044 1310 1110
1045 1179 999
1046 1179 999
1047 495 395
1048 917 777
1049 693 553
1050 1310 1110
1051 792 632
1052 693 553
1053 594 474
1054 792 632
1055 786 666
1056 1179 999
1057 396 316
1058 792 632
1059 1179 999
1060 495 395
1061 655 555
1062 917 777
1063 786 666
1064 792 632
1065 1310 1110
1066 1048 888
1067 393 333
1068 792 632
1069 495 395
1070 393 333
1071 396 316
1072 594 474
1073 594 474
1074 693 553
1075 393 333
1076 1310 1110
1077 655 555
1078 786 666
1079 262 222
1080 891 711
1081 1310 1110
1082 524 444
1083 99 79
1084 131 111
1085 1048 888
1086 396 316
1087 693 553
1088 198 158
1089 393 333
1090 655 555
1091 693 553
1092 495 395
1093 786 666
1094 131 111
1095 693 553
1096 297 237
1097 524 444
1098 1310 1110
1099 1179 999
1100 792 632
1101 792 632
1102 655 555
1103 990 790
1104 655 555
1105 524 444
1106 198 158
1107 1179 999
1108 524 444
1109 393 333
1110 393 333
1111 262 222
1112 495 395
1113 917 777
1114 917 777
1115 1048 888
1116 393 333
1117 495 395
1118 1179 999
1119 131 111
1120 891 711
1121 693 553
1122 786 666
1123 393 333
1124 262 222
1125 396 316
1126 198 158
1127 131 111
1128 495 395
1129 198 158
1130 393 333
1131 393 333
1132 786 666
1133 655 555
1134 99 79
1135 891 711
1136 786 666
1137 524 444
1138 891 711
1139 297 237
1140 297 237
1141 786 666
1142 1179 999
1143 917 777
1144 99 79
1145 990 790
1146 524 444
1147 792 632
1148 990 790
1149 396 316
1150 131 111
1151 655 555
1152 393 333
1153 693 553
1154 99 79
1155 594 474
1156 396 316
1157 891 711
1158 262 222
1159 917 777
1160 891 711
1161 396 316
1162 524 444
1163 1179 999
1164 393 333
1165 917 777
1166 393 333
1167 297 237
1168 1179 999
1169 495 395
1170 198 158
1171 917 777
1172 917 777
1173 1048 888
1174 693 553
1175 396 316
1176 1048 888
1177 693 553
1178 393 333
1179 396 316
1180 792 632
1181 396 316
1182 524 444
1183 297 237
1184 393 333
1185 1310 1110
1186 297 237
1187 495 395
1188 262 222
1189 594 474
1190 396 316
1191 1048 888
1192 262 222
1193 891 711
1194 1048 888
1195 524 444
1196 917 777
1197 524 444
1198 524 444
1199 524 444
1200 131 111
1201 495 395
1202 99 79
1203 917 777
1204 655 555
1205 786 666
1206 99 79
1207 396 316
1208 786 666
1209 693 553
1210 1048 888
1211 1310 1110
1212 891 711
1213 297 237
1214 594 474
1215 655 555
1216 396 316
1217 393 333
1218 393 333
1219 297 237
1220 1310 1110
1221 1179 999
1222 495 395
1223 1310 1110
1224 524 444
1225 655 555
1226 594 474
1227 655 555
1228 990 790
1229 495 395
1230 891 711
1231 131 111
1232 693 553
1233 917 777
1234 262 222
1235 693 553
1236 524 444
1237 198 158
1238 524 444
1239 917 777
1240 594 474
1241 99 79
1242 524 444
1243 495 395
1244 393 333
1245 990 790
1246 393 333
1247 786 666
1248 655 555
1249 495 395
1250 1048 888
1251 655 555
1252 786 666
1253 891 711
1254 297 237
1255 655 555
1256 786 666
1257 131 111
1258 524 444
1259 396 316
1260 990 790
1261 1048 888
1262 262 222
1263 990 790
1264 792 632
1265 655 555
1266 1179 999
1267 917 777
1268 594 474
1269 693 553
1270 693 553
1271 393 333
1272 393 333
1273 594 474
1274 393 333
1275 262 222
1276 1310 1110
1277 1048 888
1278 693 553
1279 792 632
1280 524 444
1281 297 237
1282 1310 1110
1283 693 553
1284 262 222
1285 990 790
1286 1179 999
1287 917 777
1288 524 444
1289 693 553
1290 396 316
1291 594 474
1292 1048 888
1293 655 555
1294 198 158
1295 655 555
1296 131 111
1297 198 158
1298 917 777
1299 131 111
1300 1179 999
1301 99 79
1302 655 555
1303 297 237
1304 786 666
1305 495 395
1306 393 333
1307 393 333
1308 693 553
1309 917 777
1310 131 111
1311 655 555
1312 594 474
1313 792 632
1314 495 395
1315 262 222
1316 524 444
1317 792 632
1318 198 158
1319 495 395
1320 792 632
1321 1048 888
1322 1310 1110
1323 655 555
1324 1048 888
1325 594 474
1326 792 632
1327 495 395
1328 1179 999
1329 524 444
1330 786 666
1331 131 111
1332 262 222
1333 524 444
1334 786 666
1335 262 222
1336 792 632
1337 786 666
1338 917 777
1339 786 666
1340 198 158
1341 393 333
1342 396 316
1343 524 444
1344 990 790
1345 198 158
1346 891 711
1347 891 711
1348 1310 1110
1349 99 79
1350 792 632
1351 524 444
1352 1179 999
1353 1048 888
1354 917 777
1355 891 711
1356 655 555
1357 393 333
1358 786 666
1359 693 553
1360 99 79
1361 297 237
1362 655 555
1363 917 777
1364 655 555
1365 396 316
1366 990 790
1367 792 632
1368 393 333
1369 393 333
1370 917 777
1371 786 666
1372 990 790
1373 594 474
1374 393 333
1375 1310 1110
1376 262 222
1377 891 711
1378 198 158
1379 396 316
1380 99 79
1381 1310 1110
1382 396 316
1383 1310 1110
1384 198 158
1385 594 474
1386 131 111
1387 990 790
1388 1310 1110
1389 792 632
1390 495 395
1391 393 333
1392 297 237
1393 786 666
1394 786 666
1395 655 555
1396 990 790
1397 297 237
1398 1310 1110
1399 393 333
1400 1310 1110
1401 917 777
1402 131 111
1403 792 632
1404 1048 888
1405 990 790
1406 786 666
1407 524 444
1408 131 111
1409 198 158
1410 297 237
1411 393 333
1412 1179 999
1413 495 395
1414 655 555
1415 891 711
1416 297 237
1417 393 333
1418 1310 1110
1419 524 444
1420 393 333
1421 131 111
1422 1310 1110
1423 131 111
1424 396 316
1425 495 395
1426 495 395
1427 990 790
1428 891 711
1429 495 395
1430 693 553
1431 131 111
1432 990 790
1433 99 79
1434 131 111
1435 524 444
1436 655 555
1437 594 474
1438 1048 888
1439 655 555
1440 297 237
1441 198 158
1442 655 555
1443 655 555
1444 990 790
1445 297 237
1446 792 632
1447 792 632
1448 1179 999
1449 792 632
1450 393 333
1451 693 553
1452 1310 1110
1453 495 395
1454 393 333
1455 297 237
1456 1179 999
1457 1048 888
1458 297 237
1459 396 316
1460 786 666
1461 396 316
1462 198 158
1463 99 79
1464 495 395
1465 786 666
1466 594 474
1467 655 555
1468 495 395
1469 1179 999
1470 990 790
1471 891 711
1472 917 777
1473 262 222
1474 1048 888
1475 891 711
1476 655 555
1477 792 632
1478 393 333
1479 524 444
1480 655 555
1481 396 316
1482 786 666
1483 198 158
1484 262 222
1485 524 444
1486 297 237
1487 396 316
1488 594 474
1489 1310 1110
1490 792 632
1491 1048 888
1492 693 553
1493 524 444
1494 198 158
1495 1048 888
1496 198 158
1497 1310 1110
1498 1048 888
1499 594 474
1500 917 777
1501 495 395
1502 655 555
1503 396 316
1504 99 79
1505 524 444
1506 262 222
1507 786 666
1508 917 777
1509 1179 999
1510 524 444
1511 393 333
1512 262 222
1513 524 444
1514 693 553
1515 792 632
1516 917 777
1517 917 777
1518 393 333
1519 891 711
1520 1048 888
1521 396 316
1522 262 222
1523 1179 999
1524 524 444
1525 297 237
1526 917 777
1527 594 474
1528 1179 999
1529 792 632
1530 891 711
1531 131 111
1532 655 555
1533 495 395
1534 655 555
1535 524 444
1536 495 395
1537 891 711
1538 393 333
1539 1310 1110
1540 792 632
1541 262 222
1542 495 395
1543 655 555
1544 891 711
1545 891 711
1546 990 790
1547 262 222
1548 891 711
1549 594 474
1550 917 777
1551 786 666
1552 396 316
1553 990 790
1554 393 333
1555 393 333
1556 396 316
1557 917 777
1558 198 158
1559 131 111
1560 393 333
1561 917 777
1562 396 316
1563 524 444
1564 990 790
1565 891 711
1566 198 158
1567 1179 999
1568 990 790
1569 396 316
1570 131 111
1571 131 111
1572 297 237
1573 1048 888
1574 655 555
1575 990 790
1576 1179 999
1577 792 632
1578 594 474
1579 524 444
1580 594 474
1581 393 333
1582 1048 888
1583 917 777
1584 99 79
1585 524 444
1586 99 79
1587 297 237
1588 655 555
1589 262 222
1590 792 632
1591 786 666
1592 262 222
1593 594 474
1594 131 111
1595 396 316
1596 693 553
1597 262 222
1598 524 444
1599 792 632
1600 198 158
1601 1048 888
1602 131 111
1603 1310 1110
1604 792 632
1605 891 711
1606 594 474
1607 495 395
1608 990 790
1609 262 222
1610 792 632
1611 396 316
1612 262 222
1613 393 333
1614 693 553
1615 655 555
1616 1310 1110
1617 655 555
1618 891 711
1619 131 111
1620 917 777
1621 396 316
1622 693 553
1623 396 316
1624 1310 1110
1625 131 111
1626 1310 1110
1627 1310 1110
1628 396 316
1629 262 222
1630 1310 1110
1631 891 711
1632 262 222
1633 655 555
1634 917 777
1635 891 711
1636 393 333
1637 99 79
1638 594 474
1639 131 111
1640 393 333
1641 131 111
1642 1179 999
1643 655 555
1644 792 632
1645 262 222
1646 990 790
1647 495 395
1648 792 632
1649 1179 999
1650 524 444
1651 99 79
1652 262 222
1653 495 395
1654 1310 1110
1655 792 632
1656 396 316
1657 262 222
1658 792 632
1659 1310 1110
1660 792 632
1661 262 222
1662 524 444
1663 262 222
1664 792 632
1665 393 333
1666 1179 999
1667 131 111
1668 655 555
1669 262 222
1670 1048 888
1671 524 444
1672 495 395
1673 1310 1110
1674 917 777
1675 1048 888
1676 262 222
1677 99 79
1678 1048 888
1679 655 555
1680 396 316
1681 1310 1110
1682 1048 888
1683 99 79
1684 786 666
1685 594 474
1686 198 158
1687 393 333
1688 786 666
1689 396 316
1690 393 333
1691 917 777
1692 396 316
1693 396 316
1694 1310 1110
1695 792 632
1696 655 555
1697 393 333
1698 786 666
1699 99 79
1700 198 158
1701 693 553
1702 393 333
1703 396 316
1704 393 333
1705 655 555
1706 99 79
1707 917 777
1708 495 395
1709 297 237
1710 792 632
1711 891 711
1712 524 444
1713 131 111
1714 99 79
1715 495 395
1716 792 632
1717 655 555
1718 693 553
1719 1310 1110
1720 495 395
1721 1179 999
1722 891 711
1723 655 555
1724 1048 888
1725 262 222
1726 297 237
1727 396 316
1728 198 158
1729 786 666
1730 786 666
1731 693 553
1732 131 111
1733 1048 888
1734 1048 888
1735 1179 999
1736 990 790
1737 297 237
1738 594 474
1739 594 474
1740 1048 888
1741 990 790
1742 131 111
1743 655 555
1744 495 395
1745 1310 1110
1746 693 553
1747 297 237
1748 792 632
1749 393 333
1750 990 790
1751 393 333
1752 297 237
1753 393 333
1754 99 79
1755 1048 888
1756 262 222
1757 524 444
1758 594 474
1759 594 474
1760 297 237
1761 917 777
1762 786 666
1763 396 316
1764 297 237
1765 1310 1110
1766 524 444
1767 198 158
1768 495 395
1769 1048 888
1770 1048 888
1771 594 474
1772 990 790
1773 786 666
1774 792 632
1775 990 790
1776 1048 888
1777 786 666
1778 786 666
1779 262 222
1780 262 222
1781 297 237
1782 792 632
1783 198 158
1784 262 222
1785 792 632
1786 131 111
1787 524 444
1788 786 666
1789 396 316
1790 198 158
1791 1310 1110
1792 1179 999
1793 131 111
1794 1048 888
1795 594 474
1796 297 237
1797 524 444
1798 131 111
1799 1310 1110
1800 262 222
1801 655 555
1802 1179 999
1803 594 474
1804 262 222
1805 1179 999
1806 495 395
1807 297 237
1808 786 666
1809 99 79
1810 393 333
1811 891 711
1812 792 632
1813 99 79
1814 393 333
1815 594 474
1816 1048 888
1817 396 316
1818 393 333
1819 131 111
1820 990 790
1821 262 222
1822 917 777
1823 1179 999
1824 297 237
1825 297 237
1826 786 666
1827 524 444
1828 792 632
1829 1048 888
1830 693 553
1831 917 777
1832 396 316
1833 786 666
1834 594 474
1835 524 444
1836 262 222
1837 131 111
1838 1310 1110
1839 990 790
1840 198 158
1841 396 316
1842 792 632
1843 693 553
1844 99 79
1845 594 474
1846 1310 1110
1847 1310 1110
1848 524 444
1849 990 790
1850 594 474
1851 297 237
1852 693 553
1853 1048 888
1854 792 632
1855 495 395
1856 198 158
1857 198 158
1858 594 474
1859 99 79
1860 1310 1110
1861 99 79
1862 655 555
1863 990 790
1864 198 158
1865 524 444
1866 495 395
1867 1179 999
1868 297 237
1869 262 222
1870 990 790
1871 1179 999
1872 990 790
1873 495 395
1874 393 333
1875 524 444
1876 655 555
1877 131 111
1878 786 666
1879 917 777
1880 198 158
1881 396 316
1882 262 222
1883 1048 888
1884 1179 999
1885 990 790
1886 198 158
1887 990 790
1888 393 333
1889 786 666
1890 792 632
1891 693 553
1892 198 158
1893 198 158
1894 594 474
1895 297 237
1896 262 222
1897 99 79
1898 1048 888
1899 198 158
1900 693 553
1901 792 632
1902 262 222
1903 1179 999
1904 655 555
1905 131 111
1906 693 553
1907 262 222
1908 917 777
1909 1310 1110
1910 1179 999
1911 792 632
1912 693 553
1913 990 790
1914 693 553
1915 990 790
1916 1310 1110
1917 1310 1110
1918 917 777
1919 1179 999
1920 792 632
1921 131 111
1922 99 79
1923 262 222
1924 792 632
1925 917 777
1926 131 111
1927 792 632
1928 198 158
1929 990 790
1930 655 555
1931 131 111
1932 262 222
1933 297 237
1934 1179 999
1935 393 333
1936 198 158
1937 693 553
1938 990 790
1939 495 395
1940 1048 888
1941 891 711
1942 198 158
1943 1048 888
1944 792 632
1945 99 79
1946 198 158
1947 297 237
1948 262 222
1949 792 632
1950 1310 1110
1951 655 555
1952 262 222
1953 396 316
1954 198 158
1955 1179 999
1956 792 632
1957 262 222
1958 1179 999
1959 198 158
1960 655 555
1961 262 222
1962 786 666
1963 198 158
1964 693 553
1965 393 333
1966 594 474
1967 693 553
1968 891 711
1969 792 632
1970 1179 999
1971 262 222
1972 655 555
1973 198 158
1974 786 666
1975 99 79
1976 524 444
1977 891 711
1978 1310 1110
1979 262 222
1980 198 158
1981 792 632
1982 1048 888
1983 396 316
1984 1179 999
1985 99 79
1986 1179 999
1987 495 395
1988 1048 888
1989 891 711
1990 990 790
1991 891 711
1992 693 553
1993 786 666
1994 262 222
1995 1048 888
1996 396 316
1997 693 553
1998 131 111
1999 891 711
2000 297 237
2001 917 777
2002 594 474
2003 198 158
2004 1179 999
2005 693 553
2006 131 111
2007 131 111
2008 393 333
2009 693 553
2010 1310 1110
2011 891 711
2012 396 316
2013 1310 1110
2014 786 666
2015 1048 888
2016 131 111
2017 495 395
2018 786 666
2019 1310 1110
2020 198 158
2021 262 222
2022 891 711
2023 786 666
2024 655 555
2025 891 711
2026 891 711
2027 594 474
2028 524 444
2029 524 444
2030 262 222
2031 393 333
2032 786 666
2033 297 237
2034 1179 999
2035 1310 1110
2036 396 316
2037 1048 888
2038 524 444
2039 655 555
2040 1048 888
2041 297 237
2042 393 333
2043 297 237
2044 1310 1110
2045 594 474
2046 1048 888
2047 594 474
2048 655 555
2049 792 632
2050 655 555
2051 297 237
2052 393 333
2053 891 711
2054 99 79
2055 1179 999
2056 594 474
2057 524 444
2058 693 553
2059 1048 888
2060 990 790
2061 1048 888
2062 262 222
2063 524 444
2064 131 111
2065 917 777
2066 693 553
2067 393 333
2068 1179 999
2069 655 555
2070 396 316
2071 396 316
2072 1179 999
2073 262 222
2074 1048 888
2075 495 395
2076 594 474
2077 891 711
2078 396 316
2079 786 666
2080 1310 1110
2081 495 395
2082 396 316
2083 1179 999
2084 1179 999
2085 990 790
2086 396 316
2087 198 158
2088 524 444
2089 792 632
2090 891 711
2091 99 79
2092 655 555
2093 792 632
2094 495 395
2095 891 711
2096 786 666
2097 594 474
2098 1179 999
2099 131 111
2100 792 632
2101 99 79
2102 262 222
2103 786 666
2104 1310 1110
2105 786 666
2106 198 158
2107 131 111
2108 1310 1110
2109 131 111
2110 891 711
2111 131 111
2112 990 790
2113 198 158
2114 594 474
2115 786 666
2116 396 316
2117 198 158
2118 1179 999
2119 1179 999
2120 1048 888
2121 393 333
2122 198 158
2123 1179 999
2124 396 316
2125 198 158
2126 393 333
2127 1310 1110
2128 786 666
2129 99 79
2130 990 790
2131 990 790
2132 917 777
2133 655 555
2134 917 777
2135 891 711
2136 393 333
2137 198 158
2138 990 790
2139 655 555
2140 297 237
2141 297 237
2142 297 237
2143 1179 999
2144 786 666
2145 990 790
2146 1179 999
2147 262 222
2148 792 632
2149 262 222
2150 655 555
2151 198 158
2152 655 555
2153 99 79
2154 786 666
2155 792 632
2156 495 395
2157 393 333
2158 1048 888
2159 297 237
2160 198 158
2161 198 158
2162 655 555
2163 990 790
2164 1048 888
2165 99 79
2166 393 333
2167 655 555
2168 524 444
2169 917 777
2170 594 474
2171 594 474
2172 792 632
2173 792 632
2174 1310 1110
2175 990 790
2176 495 395
2177 262 222
2178 262 222
2179 990 790
2180 99 79
2181 594 474
2182 1048 888
2183 786 666
2184 396 316
2185 495 395
2186 198 158
2187 786 666
2188 655 555
2189 99 79
2190 495 395
2191 396 316
2192 786 666
2193 198 158
2194 891 711
2195 594 474
2196 396 316
2197 396 316
2198 396 316
2199 891 711
2200 786 666
2201 524 444
2202 990 790
2203 655 555
2204 693 553
2205 990 790
2206 198 158
2207 297 237
2208 594 474
2209 917 777
2210 693 553
2211 495 395
2212 786 666
2213 1179 999
2214 786 666
2215 524 444
2216 396 316
2217 917 777
2218 393 333
2219 917 777
2220 792 632
2221 131 111
2222 891 711
2223 786 666
2224 891 711
2225 655 555
2226 655 555
2227 655 555
2228 495 395
2229 693 553
2230 917 777
2231 1048 888
2232 891 711
2233 198 158
2234 792 632
2235 792 632
2236 99 79
2237 1048 888
2238 786 666
2239 495 395
2240 990 790
2241 792 632
2242 198 158
2243 891 711
2244 1179 999
2245 655 555
2246 396 316
2247 297 237
2248 262 222
2249 297 237
2250 396 316
2251 131 111
2252 198 158
2253 1179 999
2254 693 553
2255 1310 1110
2256 792 632
2257 786 666
2258 495 395
2259 262 222
2260 198 158
2261 792 632
2262 99 79
2263 1048 888
2264 786 666
2265 786 666
2266 990 790
2267 1310 1110
2268 792 632
2269 131 111
2270 99 79
2271 786 666
2272 990 790
2273 990 790
2274 1048 888
2275 655 555
2276 198 158
2277 262 222
2278 786 666
2279 297 237
2280 131 111
2281 990 790
2282 917 777
2283 1310 1110
2284 393 333
2285 1179 999
2286 891 711
2287 524 444
2288 396 316
2289 655 555
2290 655 555
2291 1179 999
2292 1310 1110
2293 524 444
2294 495 395
2295 131 111
2296 990 790
2297 891 711
2298 891 711
2299 396 316
2300 1179 999
2301 131 111
2302 594 474
2303 1310 1110
2304 792 632
2305 786 666
2306 198 158
2307 917 777
2308 393 333
2309 297 237
2310 1179 999
2311 917 777
2312 1179 999
2313 1048 888
2314 990 790
2315 198 158
2316 655 555
2317 99 79
2318 792 632
2319 655 555
2320 990 790
2321 917 777
2322 594 474
2323 198 158
2324 1310 1110
2325 495 395
2326 524 444
2327 1310 1110
2328 1310 1110
2329 990 790
2330 891 711
2331 990 790
2332 786 666
2333 792 632
2334 393 333
2335 262 222
2336 917 777
2337 495 395
2338 891 711
2339 655 555
2340 594 474
2341 1048 888
2342 1179 999
2343 792 632
2344 99 79
2345 262 222
2346 655 555
2347 495 395
2348 99 79
2349 693 553
2350 655 555
2351 131 111
2352 594 474
2353 198 158
2354 655 555
2355 1310 1110
2356 693 553
2357 495 395
2358 990 790
2359 990 790
2360 594 474
2361 786 666
2362 990 790
2363 594 474
2364 786 666
2365 262 222
2366 131 111
2367 396 316
2368 990 790
2369 1310 1110
2370 1048 888
2371 99 79
2372 792 632
2373 990 790
2374 990 790
2375 655 555
2376 524 444
2377 655 555
2378 693 553
2379 396 316
2380 1179 999
2381 891 711
2382 1048 888
2383 1048 888
2384 1179 999
2385 786 666
2386 524 444
2387 198 158
2388 1179 999
2389 594 474
2390 131 111
2391 1179 999
2392 1179 999
2393 990 790
2394 495 395
2395 393 333
2396 198 158
2397 917 777
2398 693 553
2399 1179 999
2400 1048 888
2401 792 632
2402 990 790
2403 917 777
2404 393 333
2405 891 711
2406 655 555
2407 792 632
2408 655 555
2409 1310 1110
2410 262 222
2411 1179 999
2412 891 711
2413 495 395
2414 524 444
2415 891 711
2416 655 555
2417 990 790
2418 594 474
2419 655 555
2420 891 711
2421 262 222
2422 1048 888
2423 655 555
2424 297 237
2425 297 237
2426 990 790
2427 786 666
2428 792 632
2429 131 111
2430 693 553
2431 891 711
2432 262 222
2433 1310 1110
2434 792 632
2435 297 237
2436 917 777
2437 297 237
2438 1179 999
2439 99 79
2440 262 222
2441 262 222
2442 396 316
2443 495 395
2444 1179 999
2445 891 711
2446 396 316
2447 198 158
2448 1310 1110
2449 786 666
2450 1310 1110
2451 393 333
2452 495 395
2453 693 553
2454 297 237
2455 792 632
2456 198 158
2457 917 777
2458 1048 888
2459 655 555
2460 524 444
2461 396 316
2462 594 474
2463 524 444
2464 524 444
2465 594 474
2466 393 333
2467 495 395
2468 1048 888
2469 262 222
2470 786 666
2471 262 222
2472 990 790
2473 1310 1110
2474 792 632
2475 131 111
2476 99 79
2477 495 395
2478 262 222
2479 262 222
2480 594 474
2481 786 666
2482 297 237
2483 594 474
2484 917 777
2485 655 555
2486 990 790
2487 891 711
2488 594 474
2489 1179 999
2490 891 711
2491 495 395
2492 655 555
2493 891 711
2494 99 79
2495 655 555
2496 393 333
2497 693 553
2498 792 632
2499 99 79
2500 786 666
2501 396 316
2502 131 111
2503 1179 999
2504 1179 999
2505 393 333
2506 990 790
2507 891 711
2508 1310 1110
2509 792 632
2510 99 79
2511 891 711
2512 495 395
2513 297 237
2514 495 395
2515 99 79
2516 1310 1110
2517 524 444
2518 891 711
2519 297 237
2520 198 158
2521 917 777
2522 917 777
2523 891 711
2524 131 111
2525 693 553
2526 99 79
2527 495 395
2528 524 444
2529 393 333
2530 131 111
2531 99 79
2532 594 474
2533 393 333
2534 297 237
2535 1179 999
2536 495 395
2537 594 474
2538 594 474
2539 262 222
2540 594 474
2541 1310 1110
2542 786 666
2543 917 777
2544 990 790
2545 786 666
2546 1310 1110
2547 131 111
2548 1048 888
2549 524 444
2550 393 333
2551 396 316
2552 990 790
2553 990 790
2554 917 777
2555 693 553
2556 1048 888
2557 1310 1110
2558 1310 1110
2559 396 316
2560 990 790
2561 1310 1110
2562 396 316
2563 198 158
2564 393 333
2565 655 555
2566 396 316
2567 262 222
2568 396 316
2569 594 474
2570 262 222
2571 1048 888
2572 891 711
2573 262 222
2574 655 555
2575 693 553
2576 495 395
2577 495 395
2578 1048 888
2579 792 632
2580 792 632
2581 1179 999
2582 99 79
2583 792 632
2584 1048 888
2585 396 316
2586 99 79
2587 655 555
2588 786 666
2589 655 555
2590 524 444
2591 262 222
2592 524 444
2593 495 395
2594 393 333
2595 1310 1110
2596 393 333
2597 1048 888
2598 693 553
2599 131 111
2600 99 79
2601 198 158
2602 917 777
2603 693 553
2604 655 555
2605 1048 888
2606 1179 999
2607 262 222
2608 393 333
2609 262 222
2610 396 316
2611 990 790
2612 495 395
2613 297 237
2614 990 790
2615 594 474
2616 891 711
2617 198 158
2618 393 333
2619 1048 888
2620 655 555
2621 524 444
2622 1179 999
2623 262 222
2624 792 632
2625 198 158
2626 792 632
2627 1310 1110
2628 1179 999
2629 495 395
2630 693 553
2631 990 790
2632 990 790
2633 131 111
2634 524 444
2635 297 237
2636 786 666
2637 297 237
2638 693 553
2639 786 666
2640 297 237
2641 594 474
2642 524 444
2643 792 632
2644 1179 999
2645 990 790
2646 990 790
2647 891 711
2648 990 790
2649 655 555
2650 297 237
2651 1179 999
2652 393 333
2653 1048 888
2654 917 777
2655 990 790
2656 655 555
2657 393 333
2658 393 333
2659 693 553
2660 990 790
2661 524 444
2662 393 333
2663 495 395
2664 594 474
2665 990 790
2666 262 222
2667 198 158
2668 131 111
2669 99 79
2670 1048 888
2671 393 333
2672 917 777
2673 891 711
2674 1310 1110
2675 693 553
2676 990 790
2677 891 711
2678 1048 888
2679 393 333
2680 655 555
2681 262 222
2682 99 79
2683 396 316
2684 131 111
2685 917 777
2686 297 237
2687 792 632
2688 1310 1110
2689 917 777
2690 990 790
2691 99 79
2692 396 316
2693 1048 888
2694 524 444
2695 131 111
2696 1179 999
2697 792 632
2698 99 79
2699 792 632
2700 1048 888
2701 99 79
2702 693 553
2703 990 790
2704 792 632
2705 297 237
2706 297 237
2707 786 666
2708 917 777
2709 198 158
2710 131 111
2711 792 632
2712 1048 888
2713 393 333
2714 786 666
2715 792 632
2716 495 395
2717 524 444
2718 990 790
2719 693 553
2720 1048 888
2721 1179 999
2722 1310 1110
2723 1310 1110
2724 524 444
2725 495 395
2726 792 632
2727 1048 888
2728 693 553
2729 1179 999
2730 198 158
2731 792 632
2732 1048 888
2733 198 158
2734 1048 888
2735 891 711
2736 792 632
2737 495 395
2738 891 711
2739 693 553
2740 1310 1110
2741 990 790
2742 891 711
2743 524 444
2744 262 222
2745 786 666
2746 1179 999
2747 297 237
2748 99 79
2749 917 777
2750 990 790
2751 524 444
2752 396 316
2753 524 444
2754 495 395
2755 655 555
2756 1179 999
2757 262 222
2758 917 777
2759 1179 999
2760 891 711
2761 990 790
2762 1048 888
2763 99 79
2764 786 666
2765 524 444
2766 655 555
2767 655 555
2768 198 158
2769 99 79
2770 198 158
2771 1310 1110
2772 297 237
2773 917 777
2774 655 555
2775 198 158
2776 495 395
2777 891 711
2778 495 395
2779 524 444
2780 1179 999
2781 990 790
2782 786 666
2783 891 711
2784 990 790
2785 917 777
2786 655 555
2787 891 711
2788 99 79
2789 393 333
2790 594 474
2791 1179 999
2792 1179 999
2793 393 333
2794 131 111
2795 1179 999
2796 1179 999
2797 655 555
2798 917 777
2799 524 444
2800 396 316
2801 396 316
2802 262 222
2803 1310 1110
2804 396 316
2805 1310 1110
2806 524 444
2807 393 333
2808 693 553
2809 786 666
2810 99 79
2811 786 666
2812 495 395
2813 891 711
2814 792 632
2815 594 474
2816 1179 999
2817 297 237
2818 891 711
2819 99 79
2820 594 474
2821 1179 999
2822 524 444
2823 1048 888
2824 1048 888
2825 693 553
2826 495 395
2827 594 474
2828 1048 888
2829 693 553
2830 891 711
2831 524 444
2832 1048 888
2833 396 316
2834 786 666
2835 1048 888
2836 495 395
2837 131 111
2838 786 666
2839 891 711
2840 495 395
2841 1310 1110
2842 262 222
2843 1179 999
2844 524 444
2845 396 316
2846 297 237
2847 1179 999
2848 396 316
2849 297 237
2850 131 111
2851 1179 999
2852 262 222
2853 693 553
2854 524 444
2855 792 632
2856 524 444
2857 198 158
2858 891 711
2859 990 790
2860 99 79
2861 1048 888
2862 396 316
2863 198 158
2864 393 333
2865 1310 1110
2866 917 777
2867 524 444
2868 198 158
2869 1179 999
2870 786 666
2871 792 632
2872 99 79
2873 990 790
2874 131 111
2875 891 711
2876 792 632
2877 393 333
2878 198 158
2879 1179 999
2880 198 158
2881 262 222
2882 891 711
2883 99 79
2884 495 395
2885 297 237
2886 393 333
2887 297 237
2888 396 316
2889 655 555
2890 393 333
2891 393 333
2892 297 237
2893 594 474
2894 396 316
2895 1179 999
2896 1179 999
2897 262 222
2898 297 237
2899 198 158
2900 1048 888
2901 655 555
2902 891 711
2903 990 790
2904 198 158
2905 655 555
2906 99 79
2907 1179 999
2908 693 553
2909 198 158
2910 1048 888
2911 891 711
2912 1310 1110
2913 1179 999
2914 198 158
2915 990 790
2916 1310 1110
2917 594 474
2918 655 555
2919 198 158
2920 495 395
2921 693 553
2922 393 333
2923 495 395
2924 786 666
2925 131 111
2926 786 666
2927 693 553
2928 396 316
2929 495 395
2930 693 553
2931 786 666
2932 297 237
2933 495 395
2934 131 111
2935 396 316
2936 990 790
2937 594 474
2938 990 790
2939 198 158
2940 99 79
2941 693 553
2942 198 158
2943 99 79
2944 495 395
2945 792 632
2946 1310 1110
2947 655 555
2948 99 79
2949 393 333
2950 655 555
2951 594 474
2952 655 555
2953 693 553
2954 917 777
2955 693 553
2956 524 444
2957 131 111
2958 99 79
2959 1048 888
2960 693 553
2961 990 790
2962 198 158
2963 262 222
2964 393 333
2965 693 553
2966 131 111
2967 393 333
2968 792 632
2969 524 444
2970 524 444
2971 198 158
2972 792 632
2973 262 222
2974 396 316
2975 1310 1110
2976 198 158
2977 396 316
2978 495 395
2979 792 632
2980 396 316
2981 594 474
2982 297 237
2983 891 711
2984 495 395
2985 262 222
2986 1179 999
2987 262 222
2988 786 666
2989 1048 888
2990 131 111
2991 99 79
2992 495 395
2993 786 666
2994 693 553
2995 792 632
2996 396 316
2997 891 711
2998 990 790
2999 495 395
3000 693 553
3001 693 553
3002 594 474
3003 792 632
3004 594 474
3005 297 237
3006 393 333
3007 524 444
3008 99 79
3009 655 555
3010 396 316
3011 393 333
3012 1179 999
3013 693 553
3014 990 790
3015 693 553
3016 198 158
3017 131 111
3018 198 158
3019 792 632
3020 594 474
3021 131 111
3022 891 711
3023 262 222
3024 594 474
3025 990 790
3026 917 777
3027 1179 999
3028 1310 1110
3029 495 395
3030 99 79
3031 594 474
3032 393 333
3033 786 666
3034 262 222
3035 792 632
3036 1310 1110
3037 495 395
3038 495 395
3039 917 777
3040 131 111
3041 594 474
3042 1179 999
3043 262 222
3044 1179 999
3045 693 553
3046 131 111
3047 594 474
3048 693 553
3049 393 333
3050 792 632
3051 99 79
3052 297 237
3053 917 777
3054 990 790
3055 393 333
3056 198 158
3057 917 777
3058 393 333
3059 262 222
3060 262 222
3061 655 555
3062 198 158
3063 917 777
3064 891 711
3065 393 333
3066 786 666
3067 917 777
3068 396 316
3069 792 632
3070 1179 999
3071 786 666
3072 891 711
3073 917 777
3074 198 158
3075 393 333
3076 594 474
3077 693 553
3078 594 474
3079 131 111
3080 495 395
3081 393 333
3082 131 111
3083 655 555
3084 198 158
3085 198 158
3086 393 333
3087 393 333
3088 393 333
3089 594 474
3090 1048 888
3091 495 395
3092 262 222
3093 99 79
3094 393 333
3095 1179 999
3096 198 158
3097 297 237
3098 495 395
3099 792 632
3100 1310 1110
3101 917 777
3102 524 444
3103 917 777
3104 891 711
3105 297 237
3106 594 474
3107 990 790
3108 297 237
3109 655 555
3110 131 111
3111 495 395
3112 297 237
3113 524 444
3114 990 790
3115 792 632
3116 198 158
3117 297 237
3118 524 444
3119 393 333
3120 990 790
3121 1310 1110
3122 524 444
3123 524 444
3124 1048 888
3125 262 222
3126 198 158
3127 396 316
3128 131 111
3129 198 158
3130 655 555
3131 655 555
3132 792 632
3133 786 666
3134 594 474
3135 297 237
3136 198 158
3137 1048 888
3138 655 555
3139 198 158
3140 131 111
3141 297 237
3142 524 444
3143 262 222
3144 262 222
3145 393 333
3146 1048 888
3147 792 632
3148 396 316
3149 1310 1110
3150 396 316
3151 655 555
3152 594 474
3153 594 474
3154 1179 999
3155 693 553
3156 524 444
3157 393 333
3158 792 632
3159 524 444
3160 1179 999
3161 1179 999
3162 990 790
3163 524 444
3164 792 632
3165 786 666
3166 524 444
3167 1048 888
3168 495 395
3169 594 474
3170 393 333
3171 495 395
3172 99 79
3173 655 555
3174 297 237
3175 786 666
3176 990 790
3177 917 777
3178 917 777
3179 262 222
3180 1048 888
3181 594 474
3182 495 395
3183 655 555
3184 1179 999
3185 396 316
3186 393 333
3187 198 158
3188 262 222
3189 524 444
3190 495 395
3191 396 316
3192 1179 999
3193 393 333
3194 891 711
3195 262 222
3196 917 777
3197 131 111
3198 297 237
3199 262 222
3200 495 395
3201 198 158
3202 198 158
3203 1310 1110
3204 786 666
3205 786 666
3206 131 111
3207 1048 888
3208 262 222
3209 524 444
3210 524 444
3211 396 316
3212 693 553
3213 655 555
3214 198 158
3215 1048 888
3216 131 111
3217 393 333
3218 786 666
3219 891 711
3220 198 158
3221 396 316
3222 393 333
3223 262 222
3224 786 666
3225 393 333
3226 198 158
3227 1310 1110
3228 131 111
3229 786 666
3230 396 316
3231 792 632
3232 693 553
3233 1179 999
3234 99 79
3235 786 666
3236 990 790
3237 198 158
3238 297 237
3239 99 79
3240 99 79
3241 297 237
3242 1310 1110
3243 495 395
3244 655 555
3245 262 222
3246 792 632
3247 396 316
3248 655 555
3249 393 333
3250 1179 999
3251 917 777
3252 917 777
3253 917 777
3254 393 333
3255 1048 888
3256 198 158
3257 1048 888
3258 99 79
3259 594 474
3260 524 444
3261 786 666
3262 917 777
3263 655 555
3264 1310 1110
3265 1310 1110
3266 786 666
3267 917 777
3268 396 316
3269 524 444
3270 396 316
3271 297 237
3272 393 333
3273 396 316
3274 262 222
3275 524 444
3276 990 790
3277 495 395
3278 693 553
3279 99 79
3280 99 79
3281 693 553
3282 655 555
3283 792 632
3284 693 553
3285 990 790
3286 396 316
3287 297 237
3288 786 666
3289 131 111
3290 693 553
3291 131 111
3292 990 790
3293 393 333
3294 99 79
3295 1179 999
3296 891 711
3297 594 474
3298 655 555
3299 198 158
3300 1310 1110
3301 594 474
3302 396 316
3303 1048 888
3304 297 237
3305 1048 888
3306 524 444
3307 297 237
3308 396 316
3309 1310 1110
3310 1179 999
3311 262 222
3312 262 222
3313 99 79
3314 1048 888
3315 917 777
3316 792 632
3317 495 395
3318 917 777
3319 990 790
3320 891 711
3321 131 111
3322 990 790
3323 1048 888
3324 693 553
3325 891 711
3326 495 395
3327 594 474
3328 396 316
3329 792 632
3330 917 777
3331 198 158
3332 786 666
3333 917 777
3334 524 444
3335 1310 1110
3336 1048 888
3337 655 555
3338 262 222
3339 891 711
3340 393 333
3341 131 111
3342 262 222
3343 792 632
3344 891 711
3345 262 222
3346 198 158
3347 917 777
3348 1048 888
3349 393 333
3350 297 237
3351 99 79
3352 693 553
3353 131 111
3354 594 474
3355 693 553
3356 131 111
3357 396 316
3358 693 553
3359 131 111
3360 594 474
3361 891 711
3362 792 632
3363 693 553
3364 917 777
3365 1179 999
3366 495 395
3367 786 666
3368 393 333
3369 198 158
3370 1048 888
3371 262 222
3372 262 222
3373 396 316
3374 1310 1110
3375 1179 999
3376 262 222
3377 990 790
3378 891 711
3379 792 632
3380 917 777
3381 1310 1110
3382 594 474
3383 594 474
3384 655 555
3385 1310 1110
3386 396 316
3387 262 222
3388 891 711
3389 198 158
3390 1310 1110
3391 786 666
3392 198 158
3393 693 553
3394 891 711
3395 655 555
3396 99 79
3397 990 790
3398 792 632
3399 1179 999
3400 1179 999
3401 524 444
3402 393 333
3403 891 711
3404 393 333
3405 393 333
3406 655 555
3407 131 111
3408 524 444
3409 917 777
3410 693 553
3411 393 333
3412 262 222
3413 990 790
3414 393 333
3415 990 790
3416 693 553
3417 524 444
3418 594 474
3419 198 158
3420 1179 999
3421 393 333
3422 495 395
3423 655 555
3424 693 553
3425 198 158
3426 594 474
3427 131 111
3428 99 79
3429 524 444
3430 693 553
3431 655 555
3432 131 111
3433 594 474
3434 655 555
3435 693 553
3436 1048 888
3437 262 222
3438 99 79
3439 693 553
3440 594 474
3441 198 158
3442 495 395
3443 393 333
3444 655 555
3445 495 395
3446 990 790
3447 393 333
3448 786 666
3449 495 395
3450 1310 1110
3451 990 790
3452 495 395
3453 917 777
3454 990 790
3455 917 777
3456 396 316
3457 495 395
3458 917 777
3459 524 444
3460 524 444
3461 891 711
3462 1310 1110
3463 396 316
3464 1048 888
3465 1048 888
3466 1048 888
3467 792 632
3468 99 79
3469 655 555
3470 594 474
3471 792 632
3472 131 111
3473 786 666
3474 131 111
3475 792 632
3476 198 158
3477 495 395
3478 1048 888
3479 1179 999
3480 1310 1110
3481 198 158
3482 396 316
3483 396 316
3484 198 158
3485 917 777
3486 786 666
3487 131 111
3488 131 111
3489 891 711
3490 524 444
3491 792 632
3492 396 316
3493 655 555
3494 693 553
3495 297 237
3496 262 222
3497 792 632
3498 891 711
3499 198 158
3500 786 666
3501 990 790
3502 396 316
3503 786 666
3504 262 222
3505 990 790
3506 131 111
3507 1048 888
3508 297 237
3509 396 316
3510 524 444
3511 495 395
3512 393 333
3513 917 777
3514 393 333
3515 495 395
3516 297 237
3517 594 474
3518 396 316
3519 297 237
3520 99 79
3521 655 555
3522 131 111
3523 131 111
3524 495 395
3525 792 632
3526 655 555
3527 655 555
3528 524 444
3529 131 111
3530 262 222
3531 262 222
3532 262 222
3533 917 777
3534 1179 999
3535 131 111
3536 198 158
3537 297 237
3538 262 222
3539 524 444
3540 524 444
3541 786 666
3542 1048 888
3543 990 790
3544 262 222
3545 594 474
3546 1179 999
3547 198 158
3548 396 316
3549 524 444
3550 262 222
3551 891 711
3552 99 79
3553 917 777
3554 655 555
3555 990 790
3556 1310 1110
3557 396 316
3558 1310 1110
3559 792 632
3560 131 111
3561 396 316
3562 297 237
3563 297 237
3564 131 111
3565 1179 999
3566 99 79
3567 524 444
3568 655 555
3569 1310 1110
3570 594 474
3571 917 777
3572 990 790
3573 297 237
3574 495 395
3575 396 316
3576 297 237
3577 1179 999
3578 1310 1110
3579 891 711
3580 198 158
3581 786 666
3582 917 777
3583 786 666
3584 786 666
3585 396 316
3586 1310 1110
3587 594 474
3588 1179 999
3589 131 111
3590 990 790
3591 786 666
3592 396 316
3593 990 790
3594 594 474
3595 655 555
3596 693 553
3597 990 790
3598 198 158
3599 891 711
3600 990 790
3601 1310 1110
3602 891 711
3603 393 333
3604 297 237
3605 891 711
3606 1310 1110
3607 495 395
3608 792 632
3609 891 711
3610 655 555
3611 594 474
3612 917 777
3613 393 333
3614 786 666
3615 1179 999
3616 1179 999
3617 891 711
3618 655 555
3619 198 158
3620 262 222
3621 297 237
3622 1048 888
3623 99 79
3624 792 632
3625 262 222
3626 1048 888
3627 1179 999
3628 792 632
3629 1179 999
3630 99 79
3631 990 790
3632 792 632
3633 594 474
3634 594 474
3635 792 632
3636 917 777
3637 594 474
3638 1310 1110
3639 198 158
3640 262 222
3641 524 444
3642 990 790
3643 396 316
3644 131 111
3645 495 395
3646 594 474
3647 198 158
3648 786 666
3649 655 555
3650 262 222
3651 990 790
3652 1179 999
3653 594 474
3654 297 237
3655 990 790
3656 99 79
3657 262 222
3658 524 444
3659 917 777
3660 262 222
3661 524 444
3662 524 444
3663 198 158
3664 198 158
3665 297 237
3666 1179 999
3667 917 777
3668 262 222
3669 198 158
3670 655 555
3671 262 222
3672 198 158
3673 990 790
3674 297 237
3675 792 632
3676 393 333
3677 891 711
3678 297 237
3679 495 395
3680 198 158
3681 262 222
3682 131 111
3683 524 444
3684 1310 1110
3685 792 632
3686 693 553
3687 524 444
3688 262 222
3689 396 316
3690 1179 999
3691 1310 1110
3692 297 237
3693 792 632
3694 297 237
3695 655 555
3696 495 395
3697 495 395
3698 1048 888
3699 495 395
3700 786 666
3701 262 222
3702 396 316
3703 655 555
3704 990 790
3705 1048 888
3706 917 777
3707 198 158
3708 131 111
3709 693 553
3710 495 395
3711 1048 888
3712 786 666
3713 396 316
3714 131 111
3715 99 79
3716 693 553
3717 792 632
3718 393 333
3719 655 555
3720 524 444
3721 99 79
3722 917 777
3723 693 553
3724 594 474
3725 917 777
3726 495 395
3727 891 711
3728 891 711
3729 792 632
3730 198 158
3731 396 316
3732 1048 888
3733 396 316
3734 1048 888
3735 891 711
3736 792 632
3737 99 79
3738 1048 888
3739 495 395
3740 1048 888
3741 655 555
3742 1048 888
3743 990 790
3744 297 237
3745 524 444
3746 786 666
3747 1048 888
3748 786 666
3749 524 444
3750 786 666
3751 655 555
3752 786 666
3753 297 237
3754 891 711
3755 262 222
3756 131 111
3757 297 237
3758 891 711
3759 524 444
3760 1179 999
3761 655 555
3762 891 711
3763 99 79
3764 1310 1110
3765 495 395
3766 99 79
3767 524 444
3768 198 158
3769 594 474
3770 594 474
3771 786 666
3772 891 711
3773 1179 999
3774 297 237
3775 297 237
3776 1310 1110
3777 99 79
3778 1310 1110
3779 262 222
3780 396 316
3781 99 79
3782 393 333
3783 393 333
3784 297 237
3785 495 395
3786 792 632
3787 495 395
3788 1048 888
3789 786 666
3790 524 444
3791 396 316
3792 198 158
3793 594 474
3794 393 333
3795 297 237
3796 792 632
3797 917 777
3798 786 666
3799 495 395
3800 891 711
3801 786 666
3802 396 316
3803 655 555
3804 655 555
3805 786 666
3806 792 632
3807 594 474
3808 393 333
3809 524 444
3810 917 777
3811 1179 999
3812 131 111
3813 198 158
3814 891 711
3815 917 777
3816 693 553
3817 693 553
3818 1048 888
3819 891 711
3820 198 158
3821 917 777
3822 1048 888
3823 393 333
3824 917 777
3825 990 790
3826 495 395
3827 524 444
3828 786 666
3829 495 395
3830 262 222
3831 393 333
3832 1048 888
3833 524 444
3834 262 222
3835 792 632
3836 297 237
3837 262 222
3838 99 79
3839 1048 888
3840 131 111
3841 1310 1110
3842 1048 888
3843 655 555
3844 99 79
3845 99 79
3846 524 444
3847 131 111
3848 393 333
3849 396 316
3850 1179 999
3851 495 395
3852 1048 888
3853 917 777
3854 917 777
3855 1048 888
3856 393 333
3857 131 111
3858 891 711
3859 297 237
3860 198 158
3861 393 333
3862 693 553
3863 1310 1110
3864 99 79
3865 99 79
3866 1048 888
3867 1048 888
3868 1179 999
3869 396 316
3870 393 333
3871 524 444
3872 786 666
3873 891 711
3874 393 333
3875 198 158
3876 297 237
3877 131 111
3878 917 777
3879 1048 888
3880 594 474
3881 792 632
3882 594 474
3883 917 777
3884 786 666
3885 524 444
3886 655 555
3887 655 555
3888 393 333
3889 594 474
3890 131 111
3891 262 222
3892 262 222
3893 495 395
3894 990 790
3895 396 316
3896 396 316
3897 198 158
3898 891 711
3899 524 444
3900 262 222
3901 198 158
3902 297 237
3903 693 553
3904 1048 888
3905 891 711
3906 262 222
3907 1179 999
3908 198 158
3909 693 553
3910 524 444
3911 131 111
3912 693 553
3913 786 666
3914 693 553
3915 1310 1110
3916 495 395
3917 786 666
3918 891 711
3919 792 632
3920 917 777
3921 655 555
3922 198 158
3923 1179 999
3924 1310 1110
3925 891 711
3926 524 444
3927 297 237
3928 786 666
3929 792 632
3930 891 711
3931 594 474
3932 594 474
3933 1048 888
3934 396 316
3935 594 474
3936 495 395
3937 393 333
3938 396 316
3939 495 395
3940 594 474
3941 655 555
3942 198 158
3943 524 444
3944 1179 999
3945 131 111
3946 792 632
3947 393 333
3948 495 395
3949 1310 1110
3950 495 395
3951 99 79
3952 1048 888
3953 131 111
3954 396 316
3955 1310 1110
3956 495 395
3957 396 316
3958 99 79
3959 198 158
3960 131 111
3961 297 237
3962 524 444
3963 1048 888
3964 297 237
3965 693 553
3966 891 711
3967 131 111
3968 917 777
3969 1310 1110
3970 99 79
3971 693 553
3972 198 158
3973 393 333
3974 786 666
3975 99 79
3976 393 333
3977 1310 1110
3978 495 395
3979 792 632
3980 396 316
3981 495 395
3982 594 474
3983 693 553
3984 891 711
3985 917 777
3986 393 333
3987 693 553
3988 99 79
3989 693 553
3990 524 444
3991 594 474
3992 1310 1110
3993 198 158
3994 131 111
3995 1179 999
3996 693 553
3997 917 777
3998 262 222
3999 1310 1110
4000 891 711
4001 297 237
4002 297 237
4003 198 158
4004 262 222
4005 655 555
4006 1310 1110
4007 131 111
4008 262 222
4009 594 474
4010 1048 888
4011 495 395
4012 693 553
4013 1179 999
4014 786 666
4015 393 333
4016 917 777
4017 262 222
4018 495 395
4019 990 790
4020 786 666
4021 262 222
4022 198 158
4023 495 395
4024 396 316
4025 99 79
4026 99 79
4027 524 444
4028 393 333
4029 655 555
4030 693 553
4031 396 316
4032 495 395
4033 396 316
4034 891 711
4035 1048 888
4036 297 237
4037 917 777
4038 99 79
4039 786 666
4040 792 632
4041 524 444
4042 1048 888
4043 495 395
4044 396 316
4045 792 632
4046 396 316
4047 917 777
4048 297 237
4049 297 237
4050 1179 999
4051 524 444
4052 393 333
4053 693 553
4054 792 632
4055 131 111
4056 99 79
4057 693 553
4058 131 111
4059 1179 999
4060 393 333
4061 99 79
4062 891 711
4063 262 222
4064 792 632
4065 990 790
4066 1179 999
4067 131 111
4068 131 111
4069 99 79
4070 990 790
4071 131 111
4072 693 553
4073 297 237
4074 99 79
4075 917 777
4076 1048 888
4077 524 444
4078 891 711
4079 594 474
4080 655 555
4081 393 333
4082 99 79
4083 1310 1110
4084 792 632
4085 891 711
4086 693 553
4087 393 333
4088 524 444
4089 524 444
4090 990 790
4091 297 237
4092 198 158
4093 99 79
4094 262 222
4095 198 158
4096 891 711
4097 891 711
4098 1179 999
4099 495 395
4100 99 79
4101 495 395
4102 198 158
4103 693 553
4104 297 237
4105 396 316
4106 393 333
4107 393 333
4108 594 474
4109 396 316
4110 297 237
4111 396 316
4112 262 222
4113 891 711
4114 917 777
4115 786 666
4116 396 316
4117 297 237
4118 655 555
4119 792 632
4120 990 790
4121 131 111
4122 99 79
4123 1179 999
4124 393 333
4125 792 632
4126 198 158
4127 1310 1110
4128 594 474
4129 990 790
4130 396 316
4131 891 711
4132 1310 1110
4133 1179 999
4134 297 237
4135 1179 999
4136 1179 999
4137 1048 888
4138 495 395
4139 786 666
4140 1048 888
4141 594 474
4142 393 333
4143 917 777
4144 655 555
4145 131 111
4146 594 474
4147 524 444
4148 1179 999
4149 693 553
4150 594 474
4151 594 474
4152 198 158
4153 792 632
4154 655 555
4155 891 711
4156 495 395
4157 198 158
4158 917 777
4159 786 666
4160 1310 1110
4161 891 711
4162 792 632
4163 990 790
4164 1048 888
4165 693 553
4166 1310 1110
4167 1310 1110
4168 393 333
4169 792 632
4170 198 158
4171 99 79
4172 198 158
4173 693 553
4174 990 790
4175 990 790
4176 99 79
4177 891 711
4178 524 444
4179 1179 999
4180 917 777
4181 1048 888
4182 99 79
4183 1179 999
4184 131 111
4185 495 395
4186 891 711
4187 198 158
4188 131 111
4189 1310 1110
4190 524 444
4191 131 111
4192 297 237
4193 99 79
4194 1179 999
4195 297 237
4196 655 555
4197 198 158
4198 262 222
4199 655 555
4200 990 790
4201 891 711
4202 396 316
4203 396 316
4204 297 237
4205 495 395
4206 693 553
4207 131 111
4208 693 553
4209 786 666
4210 891 711
4211 990 790
4212 396 316
4213 693 553
4214 297 237
4215 594 474
4216 594 474
4217 393 333
4218 393 333
4219 990 790
4220 891 711
4221 262 222
4222 990 790
4223 198 158
4224 1179 999
4225 393 333
4226 655 555
4227 297 237
4228 262 222
4229 131 111
4230 693 553
4231 131 111
4232 131 111
4233 1048 888
4234 792 632
4235 495 395
4236 891 711
4237 297 237
4238 594 474
4239 393 333
4240 131 111
4241 1048 888
4242 786 666
4243 786 666
4244 693 553
4245 594 474
4246 655 555
4247 495 395
4248 990 790
4249 198 158
4250 297 237
4251 393 333
4252 262 222
4253 1179 999
4254 262 222
4255 693 553
4256 393 333
4257 262 222
4258 495 395
4259 1179 999
4260 262 222
4261 792 632
4262 1310 1110
4263 655 555
4264 917 777
4265 198 158
4266 131 111
4267 393 333
4268 198 158
4269 1179 999
4270 524 444
4271 99 79
4272 594 474
4273 297 237
4274 495 395
4275 393 333
4276 198 158
4277 594 474
4278 495 395
4279 524 444
4280 131 111
4281 262 222
4282 393 333
4283 1179 999
4284 524 444
4285 495 395
4286 1310 1110
4287 198 158
4288 1310 1110
4289 495 395
4290 99 79
4291 594 474
4292 693 553
4293 990 790
4294 792 632
4295 396 316
4296 693 553
4297 891 711
4298 594 474
4299 393 333
4300 396 316
4301 1179 999
4302 198 158
4303 297 237
4304 594 474
4305 990 790
4306 262 222
4307 1179 999
4308 792 632
4309 1179 999
4310 1048 888
4311 262 222
4312 1048 888
4313 792 632
4314 655 555
4315 990 790
4316 917 777
4317 990 790
4318 655 555
4319 1310 1110
4320 1048 888
4321 297 237
4322 393 333
4323 99 79
4324 524 444
4325 297 237
4326 1179 999
4327 396 316
4328 262 222
4329 1310 1110
4330 131 111
4331 131 111
4332 1179 999
4333 393 333
4334 792 632
4335 99 79
4336 693 553
4337 917 777
4338 990 790
4339 917 777
4340 693 553
4341 786 666
4342 655 555
4343 990 790
4344 1048 888
4345 655 555
4346 1048 888
4347 1048 888
4348 792 632
4349 792 632
4350 396 316
4351 1310 1110
4352 262 222
4353 131 111
4354 262 222
4355 198 158
4356 396 316
4357 1179 999
4358 524 444
4359 990 790
4360 524 444
4361 524 444
4362 990 790
4363 891 711
4364 1179 999
4365 99 79
4366 917 777
4367 693 553
4368 693 553
4369 495 395
4370 917 777
4371 1048 888
4372 1179 999
4373 917 777
4374 594 474
4375 198 158
4376 495 395
4377 297 237
4378 262 222
4379 396 316
4380 655 555
4381 393 333
4382 655 555
4383 786 666
4384 693 553
4385 594 474
4386 198 158
4387 198 158
4388 655 555
4389 396 316
4390 524 444
4391 891 711
4392 198 158
4393 786 666
4394 1179 999
4395 396 316
4396 693 553
4397 891 711
4398 198 158
4399 594 474
4400 594 474
4401 1179 999
4402 693 553
4403 990 790
4404 495 395
4405 99 79
4406 1310 1110
4407 198 158
4408 396 316
4409 1048 888
4410 655 555
4411 655 555
4412 693 553
4413 99 79
4414 1179 999
4415 396 316
4416 262 222
4417 393 333
4418 655 555
4419 524 444
4420 198 158
4421 393 333
4422 99 79
4423 396 316
4424 693 553
4425 594 474
4426 693 553
4427 495 395
4428 393 333
4429 297 237
4430 393 333
4431 99 79
4432 655 555
4433 990 790
4434 524 444
4435 198 158
4436 655 555
4437 262 222
4438 396 316
4439 917 777
4440 693 553
4441 131 111
4442 198 158
4443 297 237
4444 1179 999
4445 594 474
4446 1179 999
4447 1048 888
4448 792 632
4449 792 632
4450 594 474
4451 396 316
4452 693 553
4453 786 666
4454 786 666
4455 396 316
4456 891 711
4457 891 711
4458 594 474
4459 524 444
4460 655 555
4461 393 333
4462 495 395
4463 396 316
4464 396 316
4465 1310 1110
4466 393 333
4467 786 666
4468 99 79
4469 1310 1110
4470 891 711
4471 655 555
4472 524 444
4473 990 790
4474 1179 999
4475 792 632
4476 131 111
4477 990 790
4478 891 711
4479 891 711
4480 396 316
4481 131 111
4482 99 79
4483 1310 1110
4484 297 237
4485 396 316
4486 792 632
4487 396 316
4488 1179 999
4489 297 237
4490 792 632
4491 198 158
4492 495 395
4493 891 711
4494 99 79
4495 655 555
4496 1048 888
4497 495 395
4498 891 711
4499 1179 999
4500 393 333
4501 891 711
4502 693 553
4503 792 632
4504 1048 888
4505 693 553
4506 891 711
4507 990 790
4508 495 395
4509 495 395
4510 262 222
4511 1310 1110
4512 792 632
4513 693 553
4514 524 444
4515 693 553
4516 198 158
4517 693 553
4518 917 777
4519 917 777
4520 1179 999
4521 99 79
4522 396 316
4523 792 632
4524 495 395
4525 891 711
4526 393 333
4527 792 632
4528 594 474
4529 594 474
4530 655 555
4531 1048 888
4532 1179 999
4533 1179 999
4534 1048 888
4535 99 79
4536 792 632
4537 393 333
4538 792 632
4539 131 111
4540 990 790
4541 786 666
4542 917 777
4543 1179 999
4544 99 79
4545 396 316
4546 792 632
4547 594 474
4548 990 790
4549 655 555
4550 786 666
4551 198 158
4552 786 666
4553 1310 1110
4554 786 666
4555 1048 888
4556 1310 1110
4557 693 553
4558 1048 888
4559 1310 1110
4560 990 790
4561 990 790
4562 917 777
4563 495 395
4564 917 777
4565 524 444
4566 655 555
4567 131 111
4568 1048 888
4569 1310 1110
4570 594 474
4571 1179 999
4572 198 158
4573 990 790
4574 396 316
4575 792 632
4576 990 790
4577 198 158
4578 131 111
4579 1048 888
4580 594 474
4581 393 333
4582 990 790
4583 524 444
4584 792 632
4585 1179 999
4586 594 474
4587 131 111
4588 792 632
4589 1310 1110
4590 655 555
4591 396 316
4592 495 395
4593 594 474
4594 792 632
4595 1310 1110
4596 1179 999
4597 1048 888
4598 594 474
4599 1048 888
4600 262 222
4601 393 333
4602 594 474
4603 393 333
4604 297 237
4605 891 711
4606 262 222
4607 396 316
4608 786 666
4609 495 395
4610 891 711
4611 393 333
4612 786 666
4613 891 711
4614 990 790
4615 891 711
4616 891 711
4617 393 333
4618 262 222
4619 131 111
4620 693 553
4621 1310 1110
4622 990 790
4623 524 444
4624 990 790
4625 655 555
4626 131 111
4627 792 632
4628 524 444
4629 495 395
4630 393 333
4631 786 666
4632 792 632
4633 262 222
4634 262 222
4635 891 711
4636 297 237
4637 198 158
4638 990 790
4639 1179 999
4640 198 158
4641 792 632
4642 524 444
4643 891 711
4644 990 790
4645 1310 1110
4646 396 316
4647 524 444
4648 524 444
4649 396 316
4650 393 333
4651 198 158
4652 655 555
4653 786 666
4654 1048 888
4655 990 790
4656 1048 888
4657 99 79
4658 1310 1110
4659 594 474
4660 990 790
4661 131 111
4662 1310 1110
4663 792 632
4664 1179 999
4665 655 555
4666 1048 888
4667 198 158
4668 594 474
4669 396 316
4670 198 158
4671 393 333
4672 262 222
4673 99 79
4674 131 111
4675 131 111
4676 524 444
4677 262 222
4678 99 79
4679 891 711
4680 99 79
4681 495 395
4682 396 316
4683 524 444
4684 262 222
4685 594 474
4686 786 666
4687 495 395
4688 990 790
4689 262 222
4690 297 237
4691 198 158
4692 917 777
4693 297 237
4694 786 666
4695 99 79
4696 594 474
4697 131 111
4698 396 316
4699 297 237
4700 396 316
4701 393 333
4702 1179 999
4703 1179 999
4704 297 237
4705 1310 1110
4706 693 553
4707 1179 999
4708 1048 888
4709 891 711
4710 786 666
4711 792 632
4712 594 474
4713 1310 1110
4714 792 632
4715 131 111
4716 524 444
4717 693 553
4718 655 555
4719 198 158
4720 917 777
4721 655 555
4722 594 474
4723 99 79
4724 990 790
4725 891 711
4726 990 790
4727 131 111
4728 297 237
4729 262 222
4730 262 222
4731 1310 1110
4732 99 79
4733 792 632
4734 792 632
4735 198 158
4736 792 632
4737 524 444
4738 917 777
4739 524 444
4740 792 632
4741 99 79
4742 99 79
4743 262 222
4744 786 666
4745 792 632
4746 655 555
4747 297 237
4748 990 790
4749 99 79
4750 495 395
4751 131 111
4752 396 316
4753 693 553
4754 1179 999
4755 917 777
4756 1048 888
4757 198 158
4758 297 237
4759 1048 888
4760 990 790
4761 262 222
4762 297 237
4763 262 222
4764 262 222
4765 693 553
4766 198 158
4767 990 790
4768 396 316
4769 262 222
4770 393 333
4771 393 333
4772 495 395
4773 495 395
4774 99 79
4775 990 790
4776 990 790
4777 786 666
4778 594 474
4779 297 237
4780 198 158
4781 693 553
4782 198 158
4783 524 444
4784 891 711
4785 393 333
4786 917 777
4787 99 79
4788 297 237
4789 262 222
4790 131 111
4791 786 666
4792 99 79
4793 396 316
4794 198 158
4795 1310 1110
4796 655 555
4797 396 316
4798 990 790
4799 655 555
4800 1048 888
4801 393 333
4802 693 553
4803 198 158
4804 693 553
4805 693 553
4806 655 555
4807 1310 1110
4808 524 444
4809 297 237
4810 524 444
4811 198 158
4812 1048 888
4813 792 632
4814 198 158
4815 495 395
4816 297 237
4817 917 777
4818 99 79
4819 524 444
4820 396 316
4821 990 790
4822 495 395
4823 1048 888
4824 131 111
4825 495 395
4826 1310 1110
4827 792 632
4828 990 790
4829 917 777
4830 990 790
4831 786 666
4832 131 111
4833 262 222
4834 131 111
4835 786 666
4836 495 395
4837 262 222
4838 131 111
4839 594 474
4840 594 474
4841 393 333
4842 655 555
4843 891 711
4844 131 111
4845 1310 1110
4846 198 158
4847 297 237
4848 495 395
4849 786 666
4850 693 553
4851 524 444
4852 495 395
4853 1310 1110
4854 396 316
4855 655 555
4856 131 111
4857 262 222
4858 1048 888
4859 1048 888
4860 262 222
4861 262 222
4862 396 316
4863 594 474
4864 990 790
4865 792 632
4866 990 790
4867 1179 999
4868 1048 888
4869 495 395
4870 262 222
4871 495 395
4872 393 333
4873 693 553
4874 891 711
4875 792 632
4876 786 666
4877 891 711
4878 262 222
4879 693 553
4880 1048 888
4881 1048 888
4882 594 474
4883 393 333
4884 792 632
4885 655 555
4886 594 474
4887 99 79
4888 891 711
4889 990 790
4890 297 237
4891 495 395
4892 495 395
4893 655 555
4894 393 333
4895 393 333
4896 655 555
4897 990 790
4898 393 333
4899 594 474
4900 1179 999
4901 262 222
4902 297 237
4903 131 111
4904 693 553
4905 262 222
4906 693 553
4907 495 395
4908 495 395
4909 1179 999
4910 990 790
4911 393 333
4912 99 79
4913 99 79
4914 917 777
4915 524 444
4916 594 474
4917 786 666
4918 396 316
4919 396 316
4920 393 333
4921 891 711
4922 198 158
4923 262 222
4924 917 777
4925 792 632
4926 594 474
4927 655 555
4928 262 222
4929 891 711
4930 891 711
4931 792 632
4932 396 316
4933 1048 888
4934 524 444
4935 1310 1110
4936 131 111
4937 495 395
4938 495 395
4939 1310 1110
4940 693 553
4941 198 158
4942 1179 999
4943 297 237
4944 786 666
4945 594 474
4946 393 333
4947 792 632
4948 393 333
4949 297 237
4950 917 777
4951 1048 888
4952 786 666
4953 1179 999
4954 262 222
4955 495 395
4956 594 474
4957 393 333
4958 786 666
4959 99 79
4960 393 333
4961 594 474
4962 524 444
4963 917 777
4964 131 111
4965 792 632
4966 524 444
4967 297 237
4968 792 632
4969 396 316
4970 99 79
4971 990 790
4972 524 444
4973 262 222
4974 1048 888
4975 1048 888
4976 594 474
4977 917 777
4978 786 666
4979 393 333
4980 131 111
4981 524 444
4982 594 474
4983 1310 1110
4984 990 790
4985 99 79
4986 99 79
4987 594 474
4988 262 222
4989 262 222
4990 198 158
4991 99 79
4992 655 555
4993 495 395
4994 1048 888
4995 1179 999
4996 524 444
4997 792 632
4998 594 474
4999 393 333
5000 1048 888
