5000 1188433 13_5000_1000_2937
1 2030 1830
2 1421 1281
3 511 371
4 511 371
5 219 159
6 1218 1098
7 657 477
8 730 530
9 2030 1830
10 406 366
11 1624 1464
12 203 183
13 511 371
14 219 159
15 1218 1098
16 438 318
17 406 366
18 219 159
19 584 424
20 73 53
21 146 106
22 73 53
23 365 265
24 146 106
25 203 183
26 438 318
27 584 424
28 146 106
29 73 53
30 584 424
31 730 530
32 1827 1647
33 1015 915
34 1218 1098
35 609 549
36 406 366
37 292 212
38 1218 1098
39 812 732
40 2030 1830
41 146 106
42 292 212
43 2030 1830
44 292 212
45 203 183
46 365 265
47 511 371
48 438 318
49 73 53
50 2030 1830
51 438 318
52 812 732
53 73 53
54 1421 1281
55 73 53
56 73 53
57 292 212
58 438 318
59 292 212
60 812 732
61 203 183
62 1827 1647
63 438 318
64 73 53
65 406 366
66 2030 1830
67 812 732
68 812 732
69 365 265
70 292 212
71 812 732
72 812 732
73 406 366
74 1827 1647
75 365 265
76 609 549
77 73 53
78 365 265
79 406 366
80 365 265
81 730 530
82 584 424
83 1421 1281
84 609 549
85 1624 1464
86 1015 915
87 146 106
88 406 366
89 1624 1464
90 292 212
91 1218 1098
92 219 159
93 73 53
94 2030 1830
95 219 159
96 609 549
97 406 366
98 365 265
99 1218 1098
100 1421 1281
101 584 424
102 146 106
103 812 732
104 146 106
105 73 53
106 219 159
107 406 366
108 1624 1464
109 657 477
110 438 318
111 73 53
112 203 183
113 1015 915
114 1827 1647
115 146 106
116 584 424
117 1218 1098
118 1827 1647
119 292 212
120 73 53
121 1015 915
122 584 424
123 657 477
124 438 318
125 146 106
126 657 477
127 2030 1830
128 292 212
129 584 424
130 511 371
131 146 106
132 812 732
133 812 732
134 584 424
135 812 732
136 812 732
137 406 366
138 365 265
139 730 530
140 438 318
141 1015 915
142 292 212
143 657 477
144 730 530
145 365 265
146 730 530
147 609 549
148 365 265
149 146 106
150 511 371
151 730 530
152 1421 1281
153 146 106
154 584 424
155 1624 1464
156 511 371
157 584 424
158 1827 1647
159 1827 1647
160 219 159
161 365 265
162 203 183
163 203 183
164 1827 1647
165 203 183
166 292 212
167 812 732
168 2030 1830
169 730 530
170 146 106
171 1421 1281
172 609 549
173 146 106
174 1015 915
175 1015 915
176 1421 1281
177 1624 1464
178 1421 1281
179 219 159
180 73 53
181 146 106
182 406 366
183 1827 1647
184 406 366
185 1218 1098
186 1218 1098
187 1421 1281
188 657 477
189 203 183
190 1624 1464
191 812 732
192 438 318
193 406 366
194 657 477
195 219 159
196 292 212
197 2030 1830
198 1218 1098
199 73 53
200 584 424
201 365 265
202 365 265
203 73 53
204 1015 915
205 146 106
206 365 265
207 2030 1830
208 1624 1464
209 365 265
210 730 530
211 365 265
212 730 530
213 203 183
214 292 212
215 1827 1647
216 1421 1281
217 292 212
218 730 530
219 609 549
220 365 265
221 1015 915
222 812 732
223 730 530
224 438 318
225 2030 1830
226 657 477
227 1421 1281
228 219 159
229 1015 915
230 146 106
231 73 53
232 609 549
233 406 366
234 292 212
235 1015 915
236 1218 1098
237 584 424
238 73 53
239 203 183
240 73 53
241 812 732
242 1218 1098
243 511 371
244 146 106
245 73 53
246 730 530
247 438 318
248 1421 1281
249 1421 1281
250 1827 1647
251 511 371
252 1015 915
253 1218 1098
254 365 265
255 292 212
256 657 477
257 584 424
258 2030 1830
259 406 366
260 1624 1464
261 1421 1281
262 438 318
263 511 371
264 609 549
265 1015 915
266 73 53
267 292 212
268 73 53
269 406 366
270 1218 1098
271 1015 915
272 146 106
273 2030 1830
274 657 477
275 1218 1098
276 1421 1281
277 1218 1098
278 1218 1098
279 73 53
280 511 371
281 146 106
282 219 159
283 657 477
284 1218 1098
285 812 732
286 609 549
287 584 424
288 1827 1647
289 1421 1281
290 1218 1098
291 730 530
292 1421 1281
293 146 106
294 730 530
295 657 477
296 657 477
297 1218 1098
298 730 530
299 609 549
300 812 732
301 406 366
302 511 371
303 406 366
304 406 366
305 511 371
306 511 371
307 730 530
308 73 53
309 1218 1098
310 511 371
311 365 265
312 146 106
313 1218 1098
314 406 366
315 365 265
316 1827 1647
317 1015 915
318 812 732
319 1218 1098
320 219 159
321 584 424
322 73 53
323 219 159
324 292 212
325 292 212
326 812 732
327 73 53
328 292 212
329 812 732
330 146 106
331 812 732
332 584 424
333 1624 1464
334 812 732
335 1624 1464
336 609 549
337 1015 915
338 406 366
339 1015 915
340 1015 915
341 406 366
342 1624 1464
343 812 732
344 438 318
345 1827 1647
346 365 265
347 406 366
348 584 424
349 609 549
350 1624 1464
351 438 318
352 2030 1830
353 1218 1098
354 812 732
355 406 366
356 584 424
357 657 477
358 730 530
359 292 212
360 219 159
361 609 549
362 511 371
363 73 53
364 1624 1464
365 1624 1464
366 1218 1098
367 365 265
368 292 212
369 657 477
370 365 265
371 1624 1464
372 657 477
373 1218 1098
374 203 183
375 406 366
376 438 318
377 730 530
378 292 212
379 1015 915
380 609 549
381 1218 1098
382 657 477
383 609 549
384 2030 1830
385 730 530
386 219 159
387 584 424
388 609 549
389 219 159
390 584 424
391 219 159
392 609 549
393 1827 1647
394 609 549
395 219 159
396 219 159
397 406 366
398 292 212
399 219 159
400 1624 1464
401 203 183
402 1421 1281
403 438 318
404 1421 1281
405 365 265
406 657 477
407 657 477
408 609 549
409 219 159
410 584 424
411 292 212
412 2030 1830
413 438 318
414 609 549
415 146 106
416 365 265
417 812 732
418 146 106
419 219 159
420 609 549
421 146 106
422 146 106
423 146 106
424 1218 1098
425 1827 1647
426 73 53
427 511 371
428 1218 1098
429 1827 1647
430 609 549
431 812 732
432 2030 1830
433 1421 1281
434 203 183
435 1218 1098
436 1421 1281
437 657 477
438 511 371
439 146 106
440 73 53
441 1421 1281
442 657 477
443 2030 1830
444 1827 1647
445 219 159
446 406 366
447 511 371
448 365 265
449 203 183
450 406 366
451 219 159
452 292 212
453 1218 1098
454 219 159
455 365 265
456 1827 1647
457 406 366
458 1827 1647
459 203 183
460 657 477
461 1421 1281
462 609 549
463 584 424
464 812 732
465 146 106
466 365 265
467 1624 1464
468 203 183
469 1827 1647
470 146 106
471 1624 1464
472 203 183
473 1624 1464
474 203 183
475 584 424
476 1421 1281
477 730 530
478 146 106
479 2030 1830
480 1421 1281
481 657 477
482 365 265
483 365 265
484 438 318
485 609 549
486 1421 1281
487 1421 1281
488 609 549
489 1015 915
490 1421 1281
491 73 53
492 609 549
493 365 265
494 1218 1098
495 406 366
496 609 549
497 365 265
498 406 366
499 584 424
500 1624 1464
501 657 477
502 146 106
503 219 159
504 203 183
505 1015 915
506 1827 1647
507 812 732
508 406 366
509 406 366
510 1015 915
511 1421 1281
512 812 732
513 657 477
514 1421 1281
515 2030 1830
516 406 366
517 1827 1647
518 2030 1830
519 730 530
520 219 159
521 73 53
522 511 371
523 730 530
524 812 732
525 657 477
526 584 424
527 730 530
528 203 183
529 1624 1464
530 1015 915
531 511 371
532 406 366
533 292 212
534 146 106
535 1015 915
536 438 318
537 1624 1464
538 1827 1647
539 584 424
540 406 366
541 1827 1647
542 730 530
543 511 371
544 730 530
545 203 183
546 657 477
547 73 53
548 730 530
549 406 366
550 1421 1281
551 609 549
552 1218 1098
553 730 530
554 812 732
555 609 549
556 730 530
557 365 265
558 609 549
559 2030 1830
560 438 318
561 609 549
562 584 424
563 406 366
564 511 371
565 2030 1830
566 511 371
567 365 265
568 292 212
569 2030 1830
570 1827 1647
571 203 183
572 203 183
573 1218 1098
574 292 212
575 73 53
576 511 371
577 2030 1830
578 609 549
579 2030 1830
580 1218 1098
581 584 424
582 1015 915
583 438 318
584 146 106
585 1218 1098
586 365 265
587 1624 1464
588 365 265
589 1218 1098
590 1624 1464
591 609 549
592 219 159
593 511 371
594 511 371
595 812 732
596 219 159
597 365 265
598 511 371
599 511 371
600 219 159
601 1421 1281
602 365 265
603 146 106
604 203 183
605 1421 1281
606 1421 1281
607 1421 1281
608 812 732
609 511 371
610 219 159
611 1015 915
612 292 212
613 609 549
614 657 477
615 219 159
616 584 424
617 812 732
618 219 159
619 812 732
620 146 106
621 730 530
622 1218 1098
623 1827 1647
624 73 53
625 146 106
626 406 366
627 657 477
628 2030 1830
629 365 265
630 1421 1281
631 1421 1281
632 1218 1098
633 1218 1098
634 365 265
635 365 265
636 203 183
637 1624 1464
638 438 318
639 406 366
640 1015 915
641 203 183
642 1624 1464
643 1421 1281
644 438 318
645 438 318
646 219 159
647 1015 915
648 609 549
649 146 106
650 406 366
651 584 424
652 657 477
653 146 106
654 365 265
655 292 212
656 1218 1098
657 146 106
658 1827 1647
659 511 371
660 1015 915
661 438 318
662 406 366
663 1015 915
664 511 371
665 292 212
666 2030 1830
667 146 106
668 1827 1647
669 438 318
670 609 549
671 1624 1464
672 2030 1830
673 219 159
674 219 159
675 609 549
676 73 53
677 365 265
678 2030 1830
679 438 318
680 406 366
681 1624 1464
682 1624 1464
683 406 366
684 730 530
685 1015 915
686 1624 1464
687 584 424
688 203 183
689 146 106
690 73 53
691 609 549
692 73 53
693 203 183
694 438 318
695 1421 1281
696 203 183
697 730 530
698 609 549
699 146 106
700 219 159
701 609 549
702 657 477
703 657 477
704 2030 1830
705 1624 1464
706 1421 1281
707 730 530
708 219 159
709 657 477
710 365 265
711 609 549
712 812 732
713 73 53
714 219 159
715 1421 1281
716 365 265
717 511 371
718 1827 1647
719 203 183
720 1827 1647
721 730 530
722 73 53
723 1421 1281
724 584 424
725 584 424
726 406 366
727 609 549
728 146 106
729 1421 1281
730 146 106
731 2030 1830
732 1015 915
733 292 212
734 657 477
735 406 366
736 657 477
737 73 53
738 73 53
739 1624 1464
740 292 212
741 203 183
742 1218 1098
743 365 265
744 73 53
745 1421 1281
746 438 318
747 657 477
748 438 318
749 438 318
750 511 371
751 1827 1647
752 1015 915
753 657 477
754 1015 915
755 438 318
756 438 318
757 406 366
758 1421 1281
759 203 183
760 657 477
761 2030 1830
762 73 53
763 609 549
764 1421 1281
765 657 477
766 146 106
767 203 183
768 406 366
769 1421 1281
770 406 366
771 511 371
772 812 732
773 219 159
774 730 530
775 438 318
776 292 212
777 73 53
778 1624 1464
779 1624 1464
780 438 318
781 1218 1098
782 1827 1647
783 609 549
784 1218 1098
785 511 371
786 1015 915
787 511 371
788 657 477
789 1624 1464
790 1015 915
791 365 265
792 511 371
793 146 106
794 1624 1464
795 1827 1647
796 1624 1464
797 438 318
798 1421 1281
799 511 371
800 511 371
801 1421 1281
802 219 159
803 657 477
804 609 549
805 438 318
806 730 530
807 812 732
808 292 212
809 1015 915
810 1218 1098
811 438 318
812 406 366
813 365 265
814 584 424
815 219 159
816 511 371
817 609 549
818 1827 1647
819 1218 1098
820 292 212
821 406 366
822 203 183
823 511 371
824 812 732
825 812 732
826 203 183
827 292 212
828 292 212
829 1421 1281
830 146 106
831 657 477
832 657 477
833 292 212
834 511 371
835 73 53
836 584 424
837 657 477
838 73 53
839 1015 915
840 1624 1464
841 657 477
842 292 212
843 657 477
844 812 732
845 1827 1647
846 219 159
847 1421 1281
848 406 366
849 203 183
850 657 477
851 1624 1464
852 365 265
853 730 530
854 438 318
855 203 183
856 1421 1281
857 1421 1281
858 511 371
859 657 477
860 73 53
861 438 318
862 511 371
863 1421 1281
864 203 183
865 219 159
866 812 732
867 146 106
868 1015 915
869 730 530
870 511 371
871 146 106
872 609 549
873 438 318
874 438 318
875 657 477
876 657 477
877 1218 1098
878 1624 1464
879 438 318
880 1624 1464
881 146 106
882 292 212
883 203 183
884 1421 1281
885 1218 1098
886 406 366
887 1015 915
888 219 159
889 219 159
890 146 106
891 219 159
892 511 371
893 365 265
894 365 265
895 1015 915
896 203 183
897 1624 1464
898 584 424
899 1015 915
900 812 732
901 1421 1281
902 730 530
903 609 549
904 609 549
905 2030 1830
906 2030 1830
907 511 371
908 146 106
909 438 318
910 657 477
911 812 732
912 146 106
913 73 53
914 730 530
915 292 212
916 584 424
917 730 530
918 812 732
919 1218 1098
920 1421 1281
921 1015 915
922 1218 1098
923 1421 1281
924 730 530
925 1421 1281
926 73 53
927 73 53
928 292 212
929 1218 1098
930 203 183
931 511 371
932 511 371
933 730 530
934 1015 915
935 365 265
936 203 183
937 1015 915
938 1624 1464
939 73 53
940 219 159
941 219 159
942 657 477
943 219 159
944 73 53
945 365 265
946 365 265
947 73 53
948 406 366
949 730 530
950 657 477
951 584 424
952 406 366
953 1827 1647
954 2030 1830
955 657 477
956 146 106
957 292 212
958 146 106
959 730 530
960 730 530
961 511 371
962 1421 1281
963 812 732
964 584 424
965 1015 915
966 1827 1647
967 203 183
968 292 212
969 1624 1464
970 1421 1281
971 730 530
972 1421 1281
973 292 212
974 365 265
975 584 424
976 1218 1098
977 219 159
978 584 424
979 365 265
980 2030 1830
981 584 424
982 219 159
983 1015 915
984 292 212
985 146 106
986 812 732
987 365 265
988 406 366
989 73 53
990 1421 1281
991 730 530
992 1015 915
993 406 366
994 511 371
995 2030 1830
996 657 477
997 406 366
998 511 371
999 1624 1464
1000 1421 1281
1001 146 106
1002 1421 1281
1003 511 371
1004 1015 915
1005 292 212
1006 406 366
1007 812 732
1008 1421 1281
1009 812 732
1010 730 530
1011 511 371
1012 219 159
1013 2030 1830
1014 657 477
1015 438 318
1016 146 106
1017 812 732
1018 1624 1464
1019 406 366
1020 730 530
1021 438 318
1022 1218 1098
1023 657 477
1024 657 477
1025 365 265
1026 1218 1098
1027 203 183
1028 511 371
1029 219 159
1030 406 366
1031 73 53
1032 1015 915
1033 657 477
1034 146 106
1035 438 318
1036 1421 1281
1037 609 549
1038 365 265
1039 203 183
1040 365 265
1041 511 371
1042 812 732
1043 1015 915
1044 365 265
1045 292 212
1046 730 530
1047 2030 1830
1048 292 212
1049 1218 1098
1050 365 265
1051 1015 915
1052 406 366
1053 1015 915
1054 1827 1647
1055 73 53
1056 730 530
1057 609 549
1058 1421 1281
1059 438 318
1060 1218 1098
1061 146 106
1062 292 212
1063 365 265
1064 203 183
1065 73 53
1066 657 477
1067 584 424
1068 203 183
1069 1624 1464
1070 438 318
1071 609 549
1072 1421 1281
1073 203 183
1074 1218 1098
1075 292 212
1076 73 53
1077 438 318
1078 73 53
1079 511 371
1080 1218 1098
1081 511 371
1082 73 53
1083 2030 1830
1084 146 106
1085 219 159
1086 1015 915
1087 2030 1830
1088 1421 1281
1089 730 530
1090 730 530
1091 406 366
1092 2030 1830
1093 511 371
1094 146 106
1095 2030 1830
1096 812 732
1097 657 477
1098 73 53
1099 730 530
1100 609 549
1101 1015 915
1102 292 212
1103 1421 1281
1104 730 530
1105 365 265
1106 1015 915
1107 292 212
1108 657 477
1109 292 212
1110 438 318
1111 657 477
1112 2030 1830
1113 730 530
1114 292 212
1115 219 159
1116 584 424
1117 1218 1098
1118 292 212
1119 146 106
1120 812 732
1121 812 732
1122 511 371
1123 146 106
1124 73 53
1125 1421 1281
1126 1421 1281
1127 584 424
1128 2030 1830
1129 1015 915
1130 292 212
1131 730 530
1132 657 477
1133 292 212
1134 406 366
1135 1624 1464
1136 511 371
1137 73 53
1138 1624 1464
1139 1218 1098
1140 2030 1830
1141 511 371
1142 584 424
1143 146 106
1144 406 366
1145 1421 1281
1146 73 53
1147 1015 915
1148 203 183
1149 1015 915
1150 584 424
1151 730 530
1152 292 212
1153 812 732
1154 406 366
1155 609 549
1156 1015 915
1157 812 732
1158 511 371
1159 146 106
1160 2030 1830
1161 1421 1281
1162 657 477
1163 438 318
1164 292 212
1165 730 530
1166 438 318
1167 1218 1098
1168 438 318
1169 2030 1830
1170 1421 1281
1171 584 424
1172 730 530
1173 365 265
1174 1218 1098
1175 203 183
1176 511 371
1177 1624 1464
1178 730 530
1179 609 549
1180 203 183
1181 1015 915
1182 657 477
1183 2030 1830
1184 584 424
1185 657 477
1186 2030 1830
1187 812 732
1188 73 53
1189 1421 1281
1190 609 549
1191 73 53
1192 365 265
1193 406 366
1194 73 53
1195 219 159
1196 438 318
1197 657 477
1198 365 265
1199 365 265
1200 292 212
1201 812 732
1202 406 366
1203 292 212
1204 292 212
1205 219 159
1206 2030 1830
1207 203 183
1208 365 265
1209 812 732
1210 219 159
1211 73 53
1212 812 732
1213 1218 1098
1214 1827 1647
1215 584 424
1216 1827 1647
1217 584 424
1218 438 318
1219 1218 1098
1220 219 159
1221 584 424
1222 1624 1464
1223 365 265
1224 657 477
1225 730 530
1226 1827 1647
1227 438 318
1228 1421 1281
1229 1218 1098
1230 2030 1830
1231 730 530
1232 2030 1830
1233 292 212
1234 511 371
1235 1624 1464
1236 511 371
1237 203 183
1238 657 477
1239 584 424
1240 1421 1281
1241 2030 1830
1242 657 477
1243 2030 1830
1244 438 318
1245 609 549
1246 584 424
1247 511 371
1248 584 424
1249 1218 1098
1250 219 159
1251 730 530
1252 73 53
1253 1624 1464
1254 1624 1464
1255 438 318
1256 219 159
1257 292 212
1258 365 265
1259 1015 915
1260 1421 1281
1261 219 159
1262 219 159
1263 609 549
1264 1015 915
1265 730 530
1266 730 530
1267 438 318
1268 1421 1281
1269 406 366
1270 406 366
1271 584 424
1272 730 530
1273 203 183
1274 438 318
1275 511 371
1276 219 159
1277 511 371
1278 1218 1098
1279 1421 1281
1280 365 265
1281 1624 1464
1282 657 477
1283 406 366
1284 511 371
1285 609 549
1286 146 106
1287 292 212
1288 73 53
1289 1218 1098
1290 203 183
1291 1421 1281
1292 657 477
1293 730 530
1294 203 183
1295 292 212
1296 730 530
1297 1827 1647
1298 438 318
1299 438 318
1300 292 212
1301 2030 1830
1302 584 424
1303 1218 1098
1304 219 159
1305 2030 1830
1306 584 424
1307 438 318
1308 2030 1830
1309 584 424
1310 292 212
1311 438 318
1312 609 549
1313 203 183
1314 2030 1830
1315 657 477
1316 657 477
1317 1015 915
1318 203 183
1319 406 366
1320 609 549
1321 365 265
1322 511 371
1323 730 530
1324 73 53
1325 1015 915
1326 1421 1281
1327 406 366
1328 438 318
1329 365 265
1330 657 477
1331 146 106
1332 365 265
1333 365 265
1334 511 371
1335 657 477
1336 1015 915
1337 657 477
1338 730 530
1339 365 265
1340 1421 1281
1341 584 424
1342 1421 1281
1343 73 53
1344 609 549
1345 203 183
1346 2030 1830
1347 1624 1464
1348 365 265
1349 406 366
1350 609 549
1351 73 53
1352 730 530
1353 657 477
1354 292 212
1355 812 732
1356 146 106
1357 584 424
1358 73 53
1359 1624 1464
1360 812 732
1361 812 732
1362 292 212
1363 730 530
1364 730 530
1365 609 549
1366 1015 915
1367 203 183
1368 438 318
1369 292 212
1370 438 318
1371 511 371
1372 1421 1281
1373 203 183
1374 438 318
1375 73 53
1376 219 159
1377 1218 1098
1378 1421 1281
1379 1827 1647
1380 1624 1464
1381 511 371
1382 1421 1281
1383 219 159
1384 1827 1647
1385 1015 915
1386 730 530
1387 203 183
1388 73 53
1389 1015 915
1390 406 366
1391 146 106
1392 406 366
1393 365 265
1394 657 477
1395 584 424
1396 1421 1281
1397 812 732
1398 365 265
1399 438 318
1400 657 477
1401 438 318
1402 146 106
1403 1421 1281
1404 73 53
1405 203 183
1406 657 477
1407 219 159
1408 438 318
1409 1015 915
1410 1624 1464
1411 584 424
1412 438 318
1413 406 366
1414 438 318
1415 2030 1830
1416 406 366
1417 292 212
1418 511 371
1419 73 53
1420 292 212
1421 438 318
1422 511 371
1423 438 318
1424 1015 915
1425 1218 1098
1426 1624 1464
1427 1421 1281
1428 812 732
1429 1624 1464
1430 406 366
1431 146 106
1432 1015 915
1433 2030 1830
1434 438 318
1435 365 265
1436 584 424
1437 1015 915
1438 365 265
1439 292 212
1440 1624 1464
1441 1827 1647
1442 292 212
1443 146 106
1444 1827 1647
1445 2030 1830
1446 1421 1281
1447 1827 1647
1448 730 530
1449 1015 915
1450 730 530
1451 1624 1464
1452 511 371
1453 812 732
1454 146 106
1455 1218 1098
1456 730 530
1457 657 477
1458 1624 1464
1459 1015 915
1460 219 159
1461 203 183
1462 609 549
1463 1624 1464
1464 406 366
1465 365 265
1466 1421 1281
1467 146 106
1468 1624 1464
1469 730 530
1470 1827 1647
1471 1624 1464
1472 730 530
1473 657 477
1474 219 159
1475 812 732
1476 292 212
1477 609 549
1478 438 318
1479 511 371
1480 292 212
1481 1827 1647
1482 219 159
1483 1827 1647
1484 73 53
1485 73 53
1486 2030 1830
1487 609 549
1488 1015 915
1489 73 53
1490 203 183
1491 511 371
1492 1218 1098
1493 657 477
1494 1827 1647
1495 365 265
1496 1421 1281
1497 73 53
1498 219 159
1499 1827 1647
1500 438 318
1501 2030 1830
1502 584 424
1503 609 549
1504 406 366
1505 657 477
1506 511 371
1507 657 477
1508 292 212
1509 438 318
1510 219 159
1511 438 318
1512 73 53
1513 219 159
1514 406 366
1515 1421 1281
1516 292 212
1517 438 318
1518 730 530
1519 1624 1464
1520 511 371
1521 1827 1647
1522 657 477
1523 438 318
1524 657 477
1525 2030 1830
1526 292 212
1527 203 183
1528 292 212
1529 1827 1647
1530 2030 1830
1531 146 106
1532 438 318
1533 406 366
1534 146 106
1535 365 265
1536 1624 1464
1537 1624 1464
1538 730 530
1539 73 53
1540 1015 915
1541 219 159
1542 812 732
1543 438 318
1544 2030 1830
1545 2030 1830
1546 203 183
1547 73 53
1548 406 366
1549 1827 1647
1550 292 212
1551 365 265
1552 1421 1281
1553 1015 915
1554 730 530
1555 584 424
1556 203 183
1557 292 212
1558 203 183
1559 292 212
1560 730 530
1561 146 106
1562 609 549
1563 73 53
1564 203 183
1565 812 732
1566 203 183
1567 730 530
1568 609 549
1569 203 183
1570 730 530
1571 292 212
1572 1218 1098
1573 511 371
1574 730 530
1575 1421 1281
1576 292 212
1577 1421 1281
1578 609 549
1579 219 159
1580 1827 1647
1581 292 212
1582 219 159
1583 730 530
1584 2030 1830
1585 219 159
1586 1624 1464
1587 406 366
1588 292 212
1589 219 159
1590 203 183
1591 511 371
1592 73 53
1593 1015 915
1594 292 212
1595 203 183
1596 2030 1830
1597 219 159
1598 73 53
1599 1421 1281
1600 1827 1647
1601 511 371
1602 292 212
1603 219 159
1604 1421 1281
1605 2030 1830
1606 1827 1647
1607 812 732
1608 203 183
1609 365 265
1610 1827 1647
1611 1015 915
1612 219 159
1613 730 530
1614 1624 1464
1615 146 106
1616 73 53
1617 730 530
1618 812 732
1619 146 106
1620 730 530
1621 1421 1281
1622 406 366
1623 609 549
1624 511 371
1625 438 318
1626 657 477
1627 657 477
1628 1827 1647
1629 365 265
1630 219 159
1631 1218 1098
1632 219 159
1633 730 530
1634 146 106
1635 812 732
1636 292 212
1637 406 366
1638 1421 1281
1639 292 212
1640 292 212
1641 292 212
1642 730 530
1643 292 212
1644 609 549
1645 365 265
1646 1015 915
1647 2030 1830
1648 1015 915
1649 146 106
1650 511 371
1651 812 732
1652 219 159
1653 1218 1098
1654 365 265
1655 1015 915
1656 1015 915
1657 219 159
1658 1015 915
1659 219 159
1660 1827 1647
1661 365 265
1662 73 53
1663 219 159
1664 203 183
1665 584 424
1666 730 530
1667 292 212
1668 730 530
1669 73 53
1670 73 53
1671 511 371
1672 1624 1464
1673 511 371
1674 292 212
1675 365 265
1676 219 159
1677 1624 1464
1678 73 53
1679 730 530
1680 609 549
1681 657 477
1682 73 53
1683 2030 1830
1684 511 371
1685 609 549
1686 609 549
1687 438 318
1688 73 53
1689 609 549
1690 146 106
1691 292 212
1692 1015 915
1693 609 549
1694 219 159
1695 1421 1281
1696 584 424
1697 584 424
1698 511 371
1699 2030 1830
1700 203 183
1701 2030 1830
1702 584 424
1703 1421 1281
1704 584 424
1705 292 212
1706 406 366
1707 292 212
1708 2030 1830
1709 1624 1464
1710 609 549
1711 2030 1830
1712 511 371
1713 438 318
1714 406 366
1715 406 366
1716 609 549
1717 730 530
1718 1218 1098
1719 511 371
1720 406 366
1721 146 106
1722 812 732
1723 584 424
1724 73 53
1725 219 159
1726 2030 1830
1727 1827 1647
1728 1015 915
1729 73 53
1730 511 371
1731 1218 1098
1732 584 424
1733 511 371
1734 73 53
1735 438 318
1736 1827 1647
1737 406 366
1738 609 549
1739 1421 1281
1740 657 477
1741 609 549
1742 584 424
1743 292 212
1744 1624 1464
1745 365 265
1746 812 732
1747 1218 1098
1748 203 183
1749 146 106
1750 1015 915
1751 146 106
1752 812 732
1753 584 424
1754 1624 1464
1755 219 159
1756 73 53
1757 657 477
1758 1015 915
1759 1015 915
1760 1624 1464
1761 730 530
1762 219 159
1763 1827 1647
1764 2030 1830
1765 365 265
1766 657 477
1767 1827 1647
1768 812 732
1769 657 477
1770 73 53
1771 1827 1647
1772 1827 1647
1773 511 371
1774 203 183
1775 1827 1647
1776 511 371
1777 657 477
1778 657 477
1779 219 159
1780 657 477
1781 1624 1464
1782 1015 915
1783 203 183
1784 511 371
1785 1421 1281
1786 292 212
1787 219 159
1788 657 477
1789 1015 915
1790 609 549
1791 73 53
1792 730 530
1793 730 530
1794 73 53
1795 609 549
1796 406 366
1797 73 53
1798 730 530
1799 73 53
1800 511 371
1801 292 212
1802 438 318
1803 1421 1281
1804 219 159
1805 584 424
1806 1624 1464
1807 406 366
1808 219 159
1809 406 366
1810 292 212
1811 1624 1464
1812 1015 915
1813 1624 1464
1814 292 212
1815 609 549
1816 73 53
1817 1421 1281
1818 438 318
1819 438 318
1820 609 549
1821 73 53
1822 438 318
1823 730 530
1824 2030 1830
1825 1624 1464
1826 511 371
1827 219 159
1828 1827 1647
1829 365 265
1830 2030 1830
1831 146 106
1832 203 183
1833 73 53
1834 1827 1647
1835 657 477
1836 365 265
1837 146 106
1838 365 265
1839 203 183
1840 1015 915
1841 609 549
1842 609 549
1843 1624 1464
1844 812 732
1845 609 549
1846 73 53
1847 657 477
1848 219 159
1849 1421 1281
1850 203 183
1851 1218 1098
1852 812 732
1853 73 53
1854 1827 1647
1855 1624 1464
1856 1827 1647
1857 1421 1281
1858 1015 915
1859 406 366
1860 365 265
1861 1624 1464
1862 292 212
1863 1015 915
1864 1421 1281
1865 219 159
1866 1218 1098
1867 730 530
1868 1624 1464
1869 511 371
1870 1827 1647
1871 584 424
1872 609 549
1873 812 732
1874 146 106
1875 219 159
1876 584 424
1877 438 318
1878 657 477
1879 292 212
1880 203 183
1881 1827 1647
1882 219 159
1883 511 371
1884 584 424
1885 1421 1281
1886 203 183
1887 203 183
1888 146 106
1889 657 477
1890 609 549
1891 406 366
1892 1827 1647
1893 1827 1647
1894 203 183
1895 406 366
1896 365 265
1897 406 366
1898 219 159
1899 1421 1281
1900 1218 1098
1901 1827 1647
1902 511 371
1903 584 424
1904 584 424
1905 438 318
1906 1624 1464
1907 365 265
1908 584 424
1909 511 371
1910 146 106
1911 1015 915
1912 406 366
1913 609 549
1914 2030 1830
1915 609 549
1916 657 477
1917 219 159
1918 146 106
1919 292 212
1920 1827 1647
1921 146 106
1922 812 732
1923 365 265
1924 609 549
1925 146 106
1926 438 318
1927 1015 915
1928 1015 915
1929 1421 1281
1930 292 212
1931 292 212
1932 219 159
1933 2030 1830
1934 292 212
1935 438 318
1936 1015 915
1937 2030 1830
1938 1421 1281
1939 1218 1098
1940 511 371
1941 812 732
1942 1015 915
1943 511 371
1944 1421 1281
1945 1624 1464
1946 1827 1647
1947 1624 1464
1948 73 53
1949 609 549
1950 657 477
1951 146 106
1952 365 265
1953 1015 915
1954 1421 1281
1955 584 424
1956 1015 915
1957 365 265
1958 584 424
1959 1827 1647
1960 292 212
1961 73 53
1962 657 477
1963 1015 915
1964 812 732
1965 730 530
1966 1827 1647
1967 812 732
1968 812 732
1969 1015 915
1970 438 318
1971 657 477
1972 584 424
1973 203 183
1974 365 265
1975 1624 1464
1976 511 371
1977 2030 1830
1978 219 159
1979 657 477
1980 1827 1647
1981 609 549
1982 657 477
1983 609 549
1984 584 424
1985 812 732
1986 584 424
1987 812 732
1988 73 53
1989 812 732
1990 1421 1281
1991 406 366
1992 1218 1098
1993 219 159
1994 73 53
1995 365 265
1996 609 549
1997 2030 1830
1998 584 424
1999 2030 1830
2000 2030 1830
2001 146 106
2002 1015 915
2003 1421 1281
2004 730 530
2005 406 366
2006 292 212
2007 292 212
2008 438 318
2009 1624 1464
2010 73 53
2011 2030 1830
2012 203 183
2013 219 159
2014 219 159
2015 219 159
2016 438 318
2017 1624 1464
2018 219 159
2019 73 53
2020 1421 1281
2021 365 265
2022 406 366
2023 73 53
2024 438 318
2025 2030 1830
2026 1218 1098
2027 203 183
2028 219 159
2029 219 159
2030 657 477
2031 146 106
2032 657 477
2033 2030 1830
2034 292 212
2035 73 53
2036 609 549
2037 73 53
2038 73 53
2039 146 106
2040 365 265
2041 1218 1098
2042 146 106
2043 812 732
2044 73 53
2045 1827 1647
2046 73 53
2047 1015 915
2048 146 106
2049 1015 915
2050 730 530
2051 812 732
2052 438 318
2053 406 366
2054 406 366
2055 438 318
2056 1827 1647
2057 73 53
2058 812 732
2059 365 265
2060 1421 1281
2061 657 477
2062 511 371
2063 365 265
2064 730 530
2065 730 530
2066 1218 1098
2067 146 106
2068 438 318
2069 438 318
2070 1827 1647
2071 1421 1281
2072 730 530
2073 657 477
2074 511 371
2075 1624 1464
2076 609 549
2077 812 732
2078 1827 1647
2079 219 159
2080 657 477
2081 1218 1098
2082 1827 1647
2083 730 530
2084 730 530
2085 1015 915
2086 1827 1647
2087 1827 1647
2088 657 477
2089 1827 1647
2090 1624 1464
2091 2030 1830
2092 438 318
2093 609 549
2094 2030 1830
2095 406 366
2096 73 53
2097 1421 1281
2098 146 106
2099 584 424
2100 203 183
2101 1218 1098
2102 219 159
2103 511 371
2104 219 159
2105 365 265
2106 609 549
2107 292 212
2108 219 159
2109 584 424
2110 1624 1464
2111 584 424
2112 203 183
2113 1827 1647
2114 1421 1281
2115 511 371
2116 1827 1647
2117 609 549
2118 438 318
2119 438 318
2120 365 265
2121 438 318
2122 1827 1647
2123 292 212
2124 1421 1281
2125 1827 1647
2126 584 424
2127 73 53
2128 657 477
2129 1218 1098
2130 203 183
2131 1015 915
2132 292 212
2133 730 530
2134 730 530
2135 812 732
2136 730 530
2137 203 183
2138 1827 1647
2139 146 106
2140 812 732
2141 1624 1464
2142 2030 1830
2143 438 318
2144 657 477
2145 609 549
2146 438 318
2147 73 53
2148 1827 1647
2149 657 477
2150 438 318
2151 1827 1647
2152 438 318
2153 1218 1098
2154 73 53
2155 1015 915
2156 812 732
2157 730 530
2158 365 265
2159 406 366
2160 609 549
2161 609 549
2162 438 318
2163 203 183
2164 511 371
2165 406 366
2166 584 424
2167 730 530
2168 657 477
2169 146 106
2170 203 183
2171 609 549
2172 203 183
2173 1827 1647
2174 657 477
2175 1421 1281
2176 812 732
2177 219 159
2178 657 477
2179 203 183
2180 812 732
2181 1421 1281
2182 365 265
2183 73 53
2184 1421 1281
2185 1624 1464
2186 1015 915
2187 511 371
2188 146 106
2189 2030 1830
2190 812 732
2191 609 549
2192 657 477
2193 203 183
2194 2030 1830
2195 609 549
2196 609 549
2197 1421 1281
2198 1827 1647
2199 2030 1830
2200 73 53
2201 657 477
2202 1421 1281
2203 438 318
2204 1624 1464
2205 203 183
2206 203 183
2207 2030 1830
2208 203 183
2209 146 106
2210 1218 1098
2211 1624 1464
2212 73 53
2213 584 424
2214 219 159
2215 511 371
2216 1827 1647
2217 292 212
2218 438 318
2219 146 106
2220 1015 915
2221 730 530
2222 2030 1830
2223 73 53
2224 2030 1830
2225 146 106
2226 292 212
2227 146 106
2228 812 732
2229 1218 1098
2230 438 318
2231 657 477
2232 812 732
2233 1015 915
2234 1421 1281
2235 203 183
2236 2030 1830
2237 657 477
2238 657 477
2239 1218 1098
2240 1015 915
2241 1421 1281
2242 609 549
2243 812 732
2244 730 530
2245 292 212
2246 1421 1281
2247 406 366
2248 657 477
2249 406 366
2250 203 183
2251 438 318
2252 1827 1647
2253 292 212
2254 1624 1464
2255 219 159
2256 1015 915
2257 219 159
2258 2030 1830
2259 365 265
2260 1421 1281
2261 1421 1281
2262 812 732
2263 219 159
2264 511 371
2265 365 265
2266 203 183
2267 73 53
2268 203 183
2269 730 530
2270 1624 1464
2271 511 371
2272 1827 1647
2273 1827 1647
2274 365 265
2275 438 318
2276 1827 1647
2277 73 53
2278 219 159
2279 812 732
2280 292 212
2281 203 183
2282 146 106
2283 657 477
2284 438 318
2285 292 212
2286 2030 1830
2287 219 159
2288 1827 1647
2289 438 318
2290 146 106
2291 584 424
2292 511 371
2293 511 371
2294 406 366
2295 730 530
2296 609 549
2297 406 366
2298 1624 1464
2299 1827 1647
2300 292 212
2301 146 106
2302 1827 1647
2303 219 159
2304 1015 915
2305 511 371
2306 1827 1647
2307 730 530
2308 438 318
2309 1624 1464
2310 146 106
2311 292 212
2312 730 530
2313 657 477
2314 1421 1281
2315 609 549
2316 292 212
2317 406 366
2318 203 183
2319 438 318
2320 1421 1281
2321 730 530
2322 1827 1647
2323 1015 915
2324 511 371
2325 1218 1098
2326 73 53
2327 219 159
2328 219 159
2329 203 183
2330 1218 1098
2331 1015 915
2332 73 53
2333 1421 1281
2334 438 318
2335 219 159
2336 584 424
2337 1624 1464
2338 406 366
2339 730 530
2340 1015 915
2341 657 477
2342 730 530
2343 609 549
2344 1218 1098
2345 219 159
2346 146 106
2347 2030 1830
2348 1624 1464
2349 406 366
2350 584 424
2351 584 424
2352 1015 915
2353 609 549
2354 584 424
2355 219 159
2356 1624 1464
2357 406 366
2358 609 549
2359 203 183
2360 1827 1647
2361 219 159
2362 203 183
2363 1421 1281
2364 219 159
2365 219 159
2366 292 212
2367 1827 1647
2368 203 183
2369 219 159
2370 365 265
2371 812 732
2372 609 549
2373 1015 915
2374 203 183
2375 438 318
2376 511 371
2377 438 318
2378 1624 1464
2379 1421 1281
2380 438 318
2381 1218 1098
2382 73 53
2383 657 477
2384 584 424
2385 365 265
2386 657 477
2387 609 549
2388 292 212
2389 1015 915
2390 730 530
2391 584 424
2392 292 212
2393 203 183
2394 1218 1098
2395 146 106
2396 203 183
2397 292 212
2398 1218 1098
2399 730 530
2400 511 371
2401 203 183
2402 203 183
2403 730 530
2404 730 530
2405 1624 1464
2406 292 212
2407 203 183
2408 146 106
2409 219 159
2410 657 477
2411 730 530
2412 1624 1464
2413 1624 1464
2414 219 159
2415 2030 1830
2416 584 424
2417 203 183
2418 1421 1281
2419 292 212
2420 2030 1830
2421 73 53
2422 73 53
2423 292 212
2424 406 366
2425 2030 1830
2426 1421 1281
2427 219 159
2428 1421 1281
2429 146 106
2430 406 366
2431 2030 1830
2432 657 477
2433 511 371
2434 1015 915
2435 1218 1098
2436 292 212
2437 406 366
2438 584 424
2439 1218 1098
2440 365 265
2441 219 159
2442 203 183
2443 1218 1098
2444 438 318
2445 1218 1098
2446 609 549
2447 203 183
2448 511 371
2449 511 371
2450 73 53
2451 730 530
2452 1218 1098
2453 406 366
2454 1218 1098
2455 1827 1647
2456 609 549
2457 584 424
2458 73 53
2459 146 106
2460 365 265
2461 1827 1647
2462 1015 915
2463 511 371
2464 365 265
2465 1421 1281
2466 730 530
2467 2030 1830
2468 511 371
2469 73 53
2470 657 477
2471 511 371
2472 609 549
2473 511 371
2474 1015 915
2475 292 212
2476 406 366
2477 812 732
2478 219 159
2479 365 265
2480 609 549
2481 73 53
2482 1218 1098
2483 203 183
2484 730 530
2485 584 424
2486 1827 1647
2487 2030 1830
2488 609 549
2489 584 424
2490 1624 1464
2491 1624 1464
2492 292 212
2493 2030 1830
2494 1218 1098
2495 584 424
2496 584 424
2497 812 732
2498 609 549
2499 1218 1098
2500 365 265
2501 203 183
2502 292 212
2503 584 424
2504 292 212
2505 438 318
2506 1827 1647
2507 406 366
2508 219 159
2509 1827 1647
2510 1218 1098
2511 1624 1464
2512 812 732
2513 1218 1098
2514 812 732
2515 406 366
2516 511 371
2517 657 477
2518 2030 1830
2519 406 366
2520 1015 915
2521 146 106
2522 584 424
2523 2030 1830
2524 730 530
2525 1624 1464
2526 1624 1464
2527 1624 1464
2528 73 53
2529 438 318
2530 584 424
2531 1624 1464
2532 1015 915
2533 730 530
2534 1624 1464
2535 146 106
2536 406 366
2537 609 549
2538 203 183
2539 73 53
2540 1827 1647
2541 511 371
2542 73 53
2543 292 212
2544 203 183
2545 511 371
2546 511 371
2547 146 106
2548 219 159
2549 365 265
2550 146 106
2551 203 183
2552 1421 1281
2553 609 549
2554 146 106
2555 1624 1464
2556 365 265
2557 365 265
2558 73 53
2559 1827 1647
2560 1827 1647
2561 365 265
2562 609 549
2563 1421 1281
2564 292 212
2565 438 318
2566 203 183
2567 657 477
2568 1827 1647
2569 1827 1647
2570 511 371
2571 365 265
2572 2030 1830
2573 511 371
2574 146 106
2575 2030 1830
2576 1624 1464
2577 406 366
2578 657 477
2579 609 549
2580 1827 1647
2581 146 106
2582 812 732
2583 609 549
2584 365 265
2585 203 183
2586 1624 1464
2587 730 530
2588 657 477
2589 292 212
2590 73 53
2591 73 53
2592 511 371
2593 1218 1098
2594 438 318
2595 219 159
2596 292 212
2597 219 159
2598 1624 1464
2599 584 424
2600 406 366
2601 609 549
2602 146 106
2603 406 366
2604 584 424
2605 511 371
2606 730 530
2607 219 159
2608 292 212
2609 511 371
2610 1827 1647
2611 1827 1647
2612 2030 1830
2613 1218 1098
2614 1015 915
2615 1015 915
2616 1218 1098
2617 203 183
2618 438 318
2619 73 53
2620 584 424
2621 219 159
2622 292 212
2623 365 265
2624 1015 915
2625 1827 1647
2626 1827 1647
2627 511 371
2628 146 106
2629 2030 1830
2630 2030 1830
2631 609 549
2632 1421 1281
2633 584 424
2634 657 477
2635 1218 1098
2636 73 53
2637 406 366
2638 812 732
2639 511 371
2640 1218 1098
2641 609 549
2642 511 371
2643 1015 915
2644 438 318
2645 1015 915
2646 1015 915
2647 2030 1830
2648 1421 1281
2649 146 106
2650 1218 1098
2651 438 318
2652 584 424
2653 73 53
2654 584 424
2655 1827 1647
2656 146 106
2657 292 212
2658 146 106
2659 1624 1464
2660 1827 1647
2661 365 265
2662 730 530
2663 812 732
2664 1827 1647
2665 1827 1647
2666 511 371
2667 609 549
2668 292 212
2669 2030 1830
2670 219 159
2671 584 424
2672 146 106
2673 1218 1098
2674 219 159
2675 406 366
2676 1827 1647
2677 1218 1098
2678 365 265
2679 730 530
2680 292 212
2681 219 159
2682 812 732
2683 1015 915
2684 146 106
2685 438 318
2686 812 732
2687 1827 1647
2688 219 159
2689 292 212
2690 203 183
2691 1218 1098
2692 609 549
2693 511 371
2694 73 53
2695 292 212
2696 146 106
2697 1015 915
2698 812 732
2699 1421 1281
2700 73 53
2701 1218 1098
2702 812 732
2703 203 183
2704 1015 915
2705 2030 1830
2706 812 732
2707 511 371
2708 730 530
2709 1421 1281
2710 730 530
2711 609 549
2712 365 265
2713 146 106
2714 657 477
2715 203 183
2716 1624 1464
2717 73 53
2718 609 549
2719 2030 1830
2720 73 53
2721 146 106
2722 73 53
2723 511 371
2724 511 371
2725 812 732
2726 203 183
2727 365 265
2728 406 366
2729 292 212
2730 1421 1281
2731 1015 915
2732 219 159
2733 1827 1647
2734 511 371
2735 1218 1098
2736 1015 915
2737 406 366
2738 812 732
2739 1218 1098
2740 657 477
2741 1421 1281
2742 812 732
2743 511 371
2744 657 477
2745 219 159
2746 438 318
2747 2030 1830
2748 1624 1464
2749 730 530
2750 1421 1281
2751 511 371
2752 609 549
2753 219 159
2754 1624 1464
2755 438 318
2756 438 318
2757 219 159
2758 146 106
2759 146 106
2760 2030 1830
2761 203 183
2762 219 159
2763 406 366
2764 219 159
2765 73 53
2766 730 530
2767 438 318
2768 203 183
2769 406 366
2770 1827 1647
2771 73 53
2772 1218 1098
2773 584 424
2774 730 530
2775 203 183
2776 406 366
2777 1218 1098
2778 2030 1830
2779 219 159
2780 292 212
2781 203 183
2782 219 159
2783 812 732
2784 203 183
2785 146 106
2786 292 212
2787 812 732
2788 1218 1098
2789 438 318
2790 609 549
2791 730 530
2792 584 424
2793 146 106
2794 584 424
2795 292 212
2796 146 106
2797 292 212
2798 292 212
2799 365 265
2800 1827 1647
2801 609 549
2802 511 371
2803 365 265
2804 609 549
2805 365 265
2806 657 477
2807 730 530
2808 2030 1830
2809 365 265
2810 1218 1098
2811 511 371
2812 1624 1464
2813 1624 1464
2814 1015 915
2815 1827 1647
2816 146 106
2817 1218 1098
2818 406 366
2819 812 732
2820 1015 915
2821 730 530
2822 657 477
2823 511 371
2824 511 371
2825 1218 1098
2826 2030 1830
2827 1421 1281
2828 219 159
2829 1218 1098
2830 1624 1464
2831 219 159
2832 511 371
2833 1421 1281
2834 73 53
2835 657 477
2836 406 366
2837 730 530
2838 73 53
2839 406 366
2840 406 366
2841 219 159
2842 73 53
2843 146 106
2844 73 53
2845 203 183
2846 1624 1464
2847 438 318
2848 1421 1281
2849 1624 1464
2850 584 424
2851 146 106
2852 365 265
2853 1218 1098
2854 511 371
2855 1421 1281
2856 219 159
2857 1015 915
2858 2030 1830
2859 1827 1647
2860 1624 1464
2861 73 53
2862 1421 1281
2863 1015 915
2864 584 424
2865 511 371
2866 584 424
2867 511 371
2868 1827 1647
2869 146 106
2870 511 371
2871 609 549
2872 1624 1464
2873 203 183
2874 292 212
2875 812 732
2876 1015 915
2877 438 318
2878 1015 915
2879 730 530
2880 609 549
2881 657 477
2882 1218 1098
2883 1218 1098
2884 812 732
2885 1218 1098
2886 146 106
2887 1624 1464
2888 1827 1647
2889 146 106
2890 292 212
2891 730 530
2892 812 732
2893 1015 915
2894 1827 1647
2895 292 212
2896 730 530
2897 511 371
2898 1624 1464
2899 1421 1281
2900 511 371
2901 146 106
2902 2030 1830
2903 1827 1647
2904 1421 1281
2905 292 212
2906 1218 1098
2907 584 424
2908 812 732
2909 203 183
2910 511 371
2911 406 366
2912 657 477
2913 146 106
2914 1827 1647
2915 1421 1281
2916 365 265
2917 609 549
2918 584 424
2919 609 549
2920 2030 1830
2921 812 732
2922 584 424
2923 812 732
2924 219 159
2925 438 318
2926 365 265
2927 2030 1830
2928 1827 1647
2929 812 732
2930 2030 1830
2931 511 371
2932 1218 1098
2933 812 732
2934 730 530
2935 203 183
2936 1421 1281
2937 1421 1281
2938 1421 1281
2939 1421 1281
2940 812 732
2941 406 366
2942 1827 1647
2943 1624 1464
2944 1218 1098
2945 1827 1647
2946 657 477
2947 438 318
2948 1624 1464
2949 292 212
2950 292 212
2951 1421 1281
2952 584 424
2953 2030 1830
2954 292 212
2955 406 366
2956 365 265
2957 292 212
2958 1218 1098
2959 219 159
2960 2030 1830
2961 203 183
2962 1421 1281
2963 657 477
2964 438 318
2965 1218 1098
2966 292 212
2967 584 424
2968 203 183
2969 511 371
2970 219 159
2971 203 183
2972 203 183
2973 657 477
2974 203 183
2975 511 371
2976 609 549
2977 203 183
2978 1218 1098
2979 1421 1281
2980 1421 1281
2981 1421 1281
2982 812 732
2983 1218 1098
2984 1624 1464
2985 219 159
2986 292 212
2987 73 53
2988 511 371
2989 657 477
2990 730 530
2991 2030 1830
2992 406 366
2993 657 477
2994 1218 1098
2995 1827 1647
2996 1015 915
2997 2030 1830
2998 1015 915
2999 1624 1464
3000 1624 1464
3001 2030 1830
3002 609 549
3003 609 549
3004 1015 915
3005 406 366
3006 730 530
3007 511 371
3008 1624 1464
3009 584 424
3010 1421 1281
3011 146 106
3012 438 318
3013 1218 1098
3014 609 549
3015 812 732
3016 1421 1281
3017 146 106
3018 1421 1281
3019 203 183
3020 1015 915
3021 730 530
3022 406 366
3023 657 477
3024 1421 1281
3025 609 549
3026 146 106
3027 730 530
3028 657 477
3029 406 366
3030 1624 1464
3031 1827 1647
3032 146 106
3033 365 265
3034 219 159
3035 1015 915
3036 657 477
3037 406 366
3038 406 366
3039 584 424
3040 146 106
3041 609 549
3042 438 318
3043 219 159
3044 146 106
3045 1218 1098
3046 438 318
3047 609 549
3048 2030 1830
3049 292 212
3050 1015 915
3051 1624 1464
3052 1624 1464
3053 146 106
3054 1421 1281
3055 292 212
3056 1015 915
3057 730 530
3058 292 212
3059 73 53
3060 511 371
3061 730 530
3062 1421 1281
3063 584 424
3064 1624 1464
3065 438 318
3066 511 371
3067 146 106
3068 1827 1647
3069 609 549
3070 584 424
3071 657 477
3072 1624 1464
3073 584 424
3074 609 549
3075 438 318
3076 1015 915
3077 2030 1830
3078 1827 1647
3079 146 106
3080 2030 1830
3081 730 530
3082 584 424
3083 146 106
3084 203 183
3085 1421 1281
3086 584 424
3087 146 106
3088 292 212
3089 1421 1281
3090 73 53
3091 2030 1830
3092 219 159
3093 2030 1830
3094 292 212
3095 146 106
3096 1827 1647
3097 1218 1098
3098 1218 1098
3099 1421 1281
3100 219 159
3101 292 212
3102 219 159
3103 438 318
3104 2030 1830
3105 406 366
3106 1827 1647
3107 1421 1281
3108 2030 1830
3109 292 212
3110 292 212
3111 1218 1098
3112 2030 1830
3113 657 477
3114 203 183
3115 1421 1281
3116 609 549
3117 406 366
3118 657 477
3119 438 318
3120 1015 915
3121 511 371
3122 657 477
3123 219 159
3124 219 159
3125 219 159
3126 1827 1647
3127 609 549
3128 292 212
3129 1827 1647
3130 584 424
3131 438 318
3132 609 549
3133 511 371
3134 203 183
3135 812 732
3136 1827 1647
3137 219 159
3138 584 424
3139 1015 915
3140 730 530
3141 812 732
3142 219 159
3143 657 477
3144 365 265
3145 584 424
3146 365 265
3147 609 549
3148 1015 915
3149 73 53
3150 609 549
3151 438 318
3152 1015 915
3153 1827 1647
3154 730 530
3155 1218 1098
3156 219 159
3157 146 106
3158 203 183
3159 657 477
3160 146 106
3161 438 318
3162 1827 1647
3163 365 265
3164 203 183
3165 73 53
3166 73 53
3167 657 477
3168 1218 1098
3169 203 183
3170 292 212
3171 812 732
3172 1624 1464
3173 146 106
3174 1624 1464
3175 73 53
3176 1421 1281
3177 584 424
3178 584 424
3179 365 265
3180 365 265
3181 1421 1281
3182 812 732
3183 730 530
3184 292 212
3185 1421 1281
3186 584 424
3187 1421 1281
3188 365 265
3189 365 265
3190 2030 1830
3191 203 183
3192 292 212
3193 438 318
3194 1624 1464
3195 657 477
3196 584 424
3197 292 212
3198 812 732
3199 657 477
3200 2030 1830
3201 609 549
3202 1827 1647
3203 219 159
3204 657 477
3205 511 371
3206 584 424
3207 73 53
3208 365 265
3209 219 159
3210 657 477
3211 609 549
3212 812 732
3213 292 212
3214 609 549
3215 657 477
3216 292 212
3217 584 424
3218 365 265
3219 1218 1098
3220 609 549
3221 1015 915
3222 584 424
3223 219 159
3224 511 371
3225 146 106
3226 1827 1647
3227 219 159
3228 438 318
3229 365 265
3230 203 183
3231 609 549
3232 406 366
3233 584 424
3234 2030 1830
3235 73 53
3236 1015 915
3237 1015 915
3238 1218 1098
3239 812 732
3240 2030 1830
3241 2030 1830
3242 511 371
3243 2030 1830
3244 292 212
3245 657 477
3246 1421 1281
3247 1827 1647
3248 584 424
3249 292 212
3250 438 318
3251 584 424
3252 146 106
3253 146 106
3254 438 318
3255 365 265
3256 203 183
3257 365 265
3258 2030 1830
3259 203 183
3260 365 265
3261 73 53
3262 292 212
3263 292 212
3264 219 159
3265 219 159
3266 73 53
3267 146 106
3268 1827 1647
3269 657 477
3270 1015 915
3271 1624 1464
3272 730 530
3273 1827 1647
3274 219 159
3275 511 371
3276 203 183
3277 1218 1098
3278 812 732
3279 812 732
3280 1624 1464
3281 1218 1098
3282 730 530
3283 1421 1281
3284 812 732
3285 1827 1647
3286 1421 1281
3287 812 732
3288 657 477
3289 730 530
3290 2030 1830
3291 730 530
3292 609 549
3293 438 318
3294 2030 1830
3295 584 424
3296 812 732
3297 1827 1647
3298 146 106
3299 1827 1647
3300 365 265
3301 203 183
3302 609 549
3303 657 477
3304 1624 1464
3305 511 371
3306 511 371
3307 1218 1098
3308 609 549
3309 657 477
3310 584 424
3311 219 159
3312 73 53
3313 1624 1464
3314 219 159
3315 730 530
3316 609 549
3317 1218 1098
3318 438 318
3319 1421 1281
3320 2030 1830
3321 292 212
3322 203 183
3323 365 265
3324 2030 1830
3325 406 366
3326 812 732
3327 609 549
3328 1827 1647
3329 203 183
3330 292 212
3331 609 549
3332 73 53
3333 146 106
3334 511 371
3335 365 265
3336 219 159
3337 146 106
3338 365 265
3339 1624 1464
3340 292 212
3341 146 106
3342 657 477
3343 1421 1281
3344 2030 1830
3345 73 53
3346 203 183
3347 584 424
3348 511 371
3349 584 424
3350 1624 1464
3351 1218 1098
3352 406 366
3353 438 318
3354 203 183
3355 812 732
3356 292 212
3357 203 183
3358 812 732
3359 146 106
3360 609 549
3361 1218 1098
3362 609 549
3363 1624 1464
3364 438 318
3365 584 424
3366 1218 1098
3367 657 477
3368 438 318
3369 203 183
3370 511 371
3371 219 159
3372 219 159
3373 1421 1281
3374 365 265
3375 146 106
3376 73 53
3377 609 549
3378 406 366
3379 609 549
3380 584 424
3381 511 371
3382 609 549
3383 1827 1647
3384 584 424
3385 219 159
3386 609 549
3387 365 265
3388 812 732
3389 1421 1281
3390 511 371
3391 657 477
3392 1015 915
3393 406 366
3394 2030 1830
3395 730 530
3396 406 366
3397 609 549
3398 1421 1281
3399 730 530
3400 730 530
3401 219 159
3402 146 106
3403 1218 1098
3404 292 212
3405 292 212
3406 730 530
3407 438 318
3408 365 265
3409 584 424
3410 1218 1098
3411 730 530
3412 219 159
3413 609 549
3414 730 530
3415 1421 1281
3416 1218 1098
3417 365 265
3418 1827 1647
3419 1827 1647
3420 730 530
3421 146 106
3422 2030 1830
3423 292 212
3424 812 732
3425 1827 1647
3426 1827 1647
3427 730 530
3428 406 366
3429 73 53
3430 2030 1830
3431 292 212
3432 292 212
3433 1421 1281
3434 292 212
3435 1218 1098
3436 365 265
3437 365 265
3438 1624 1464
3439 812 732
3440 1015 915
3441 1827 1647
3442 406 366
3443 730 530
3444 146 106
3445 812 732
3446 1015 915
3447 146 106
3448 511 371
3449 1624 1464
3450 73 53
3451 1421 1281
3452 1218 1098
3453 292 212
3454 1421 1281
3455 584 424
3456 1421 1281
3457 2030 1830
3458 146 106
3459 365 265
3460 365 265
3461 1218 1098
3462 365 265
3463 609 549
3464 657 477
3465 219 159
3466 657 477
3467 1421 1281
3468 812 732
3469 584 424
3470 203 183
3471 1421 1281
3472 730 530
3473 219 159
3474 584 424
3475 1827 1647
3476 1421 1281
3477 406 366
3478 73 53
3479 730 530
3480 73 53
3481 1015 915
3482 609 549
3483 609 549
3484 1827 1647
3485 292 212
3486 657 477
3487 146 106
3488 438 318
3489 2030 1830
3490 219 159
3491 1421 1281
3492 1015 915
3493 146 106
3494 406 366
3495 2030 1830
3496 219 159
3497 203 183
3498 406 366
3499 609 549
3500 219 159
3501 1827 1647
3502 609 549
3503 365 265
3504 657 477
3505 609 549
3506 146 106
3507 511 371
3508 406 366
3509 609 549
3510 365 265
3511 406 366
3512 146 106
3513 438 318
3514 438 318
3515 1218 1098
3516 406 366
3517 1015 915
3518 1421 1281
3519 2030 1830
3520 2030 1830
3521 584 424
3522 146 106
3523 438 318
3524 1624 1464
3525 203 183
3526 584 424
3527 438 318
3528 219 159
3529 146 106
3530 219 159
3531 657 477
3532 73 53
3533 292 212
3534 730 530
3535 292 212
3536 1827 1647
3537 406 366
3538 365 265
3539 511 371
3540 511 371
3541 219 159
3542 511 371
3543 609 549
3544 219 159
3545 609 549
3546 292 212
3547 1015 915
3548 203 183
3549 511 371
3550 219 159
3551 812 732
3552 812 732
3553 584 424
3554 730 530
3555 1827 1647
3556 365 265
3557 1015 915
3558 365 265
3559 1421 1281
3560 146 106
3561 203 183
3562 1624 1464
3563 406 366
3564 730 530
3565 730 530
3566 1624 1464
3567 511 371
3568 292 212
3569 657 477
3570 609 549
3571 730 530
3572 609 549
3573 1624 1464
3574 406 366
3575 1015 915
3576 406 366
3577 730 530
3578 365 265
3579 1218 1098
3580 203 183
3581 73 53
3582 292 212
3583 511 371
3584 73 53
3585 203 183
3586 511 371
3587 1015 915
3588 730 530
3589 438 318
3590 1015 915
3591 365 265
3592 203 183
3593 1827 1647
3594 1827 1647
3595 730 530
3596 1624 1464
3597 609 549
3598 1015 915
3599 1624 1464
3600 1421 1281
3601 219 159
3602 1218 1098
3603 146 106
3604 812 732
3605 2030 1830
3606 219 159
3607 1218 1098
3608 203 183
3609 1624 1464
3610 584 424
3611 609 549
3612 730 530
3613 292 212
3614 365 265
3615 438 318
3616 146 106
3617 406 366
3618 146 106
3619 1015 915
3620 511 371
3621 406 366
3622 365 265
3623 2030 1830
3624 1015 915
3625 511 371
3626 365 265
3627 730 530
3628 609 549
3629 584 424
3630 406 366
3631 203 183
3632 1421 1281
3633 1827 1647
3634 1827 1647
3635 1827 1647
3636 584 424
3637 1827 1647
3638 657 477
3639 203 183
3640 657 477
3641 219 159
3642 1015 915
3643 1015 915
3644 292 212
3645 2030 1830
3646 1827 1647
3647 1421 1281
3648 511 371
3649 730 530
3650 511 371
3651 1827 1647
3652 730 530
3653 203 183
3654 812 732
3655 203 183
3656 406 366
3657 657 477
3658 219 159
3659 584 424
3660 73 53
3661 511 371
3662 219 159
3663 1827 1647
3664 609 549
3665 1218 1098
3666 146 106
3667 438 318
3668 657 477
3669 609 549
3670 146 106
3671 657 477
3672 203 183
3673 1827 1647
3674 1624 1464
3675 1015 915
3676 292 212
3677 812 732
3678 406 366
3679 1218 1098
3680 1827 1647
3681 73 53
3682 146 106
3683 657 477
3684 219 159
3685 1421 1281
3686 1624 1464
3687 219 159
3688 365 265
3689 203 183
3690 730 530
3691 657 477
3692 1218 1098
3693 1015 915
3694 406 366
3695 730 530
3696 406 366
3697 1624 1464
3698 73 53
3699 1624 1464
3700 365 265
3701 365 265
3702 1827 1647
3703 584 424
3704 1421 1281
3705 511 371
3706 292 212
3707 1015 915
3708 730 530
3709 2030 1830
3710 2030 1830
3711 73 53
3712 73 53
3713 203 183
3714 438 318
3715 1624 1464
3716 1218 1098
3717 203 183
3718 292 212
3719 292 212
3720 511 371
3721 2030 1830
3722 584 424
3723 812 732
3724 609 549
3725 438 318
3726 1218 1098
3727 1624 1464
3728 1624 1464
3729 1421 1281
3730 1827 1647
3731 609 549
3732 657 477
3733 1421 1281
3734 657 477
3735 1624 1464
3736 1421 1281
3737 1624 1464
3738 365 265
3739 1218 1098
3740 511 371
3741 730 530
3742 219 159
3743 1015 915
3744 1218 1098
3745 365 265
3746 219 159
3747 219 159
3748 511 371
3749 365 265
3750 365 265
3751 438 318
3752 365 265
3753 1624 1464
3754 2030 1830
3755 219 159
3756 584 424
3757 812 732
3758 1624 1464
3759 365 265
3760 438 318
3761 146 106
3762 1624 1464
3763 1624 1464
3764 219 159
3765 2030 1830
3766 1624 1464
3767 365 265
3768 609 549
3769 1421 1281
3770 609 549
3771 219 159
3772 1218 1098
3773 146 106
3774 406 366
3775 812 732
3776 219 159
3777 2030 1830
3778 73 53
3779 365 265
3780 1421 1281
3781 406 366
3782 730 530
3783 584 424
3784 2030 1830
3785 2030 1830
3786 1421 1281
3787 1218 1098
3788 365 265
3789 73 53
3790 219 159
3791 609 549
3792 1015 915
3793 1015 915
3794 584 424
3795 1624 1464
3796 203 183
3797 584 424
3798 365 265
3799 1218 1098
3800 812 732
3801 657 477
3802 1015 915
3803 584 424
3804 292 212
3805 657 477
3806 203 183
3807 1015 915
3808 730 530
3809 657 477
3810 146 106
3811 438 318
3812 292 212
3813 1827 1647
3814 2030 1830
3815 292 212
3816 406 366
3817 1218 1098
3818 73 53
3819 812 732
3820 1015 915
3821 438 318
3822 365 265
3823 584 424
3824 292 212
3825 1421 1281
3826 812 732
3827 365 265
3828 511 371
3829 812 732
3830 511 371
3831 730 530
3832 73 53
3833 219 159
3834 511 371
3835 203 183
3836 406 366
3837 365 265
3838 812 732
3839 511 371
3840 584 424
3841 365 265
3842 365 265
3843 584 424
3844 1624 1464
3845 812 732
3846 219 159
3847 438 318
3848 292 212
3849 1827 1647
3850 292 212
3851 406 366
3852 73 53
3853 584 424
3854 438 318
3855 365 265
3856 584 424
3857 438 318
3858 2030 1830
3859 2030 1830
3860 203 183
3861 584 424
3862 812 732
3863 73 53
3864 1218 1098
3865 812 732
3866 657 477
3867 73 53
3868 584 424
3869 1827 1647
3870 438 318
3871 511 371
3872 365 265
3873 812 732
3874 146 106
3875 1015 915
3876 812 732
3877 438 318
3878 146 106
3879 657 477
3880 1827 1647
3881 609 549
3882 203 183
3883 438 318
3884 657 477
3885 73 53
3886 146 106
3887 438 318
3888 292 212
3889 1827 1647
3890 584 424
3891 657 477
3892 219 159
3893 2030 1830
3894 609 549
3895 203 183
3896 609 549
3897 1827 1647
3898 1218 1098
3899 73 53
3900 511 371
3901 1015 915
3902 2030 1830
3903 1624 1464
3904 365 265
3905 1218 1098
3906 365 265
3907 584 424
3908 1827 1647
3909 406 366
3910 219 159
3911 438 318
3912 406 366
3913 511 371
3914 2030 1830
3915 657 477
3916 1218 1098
3917 657 477
3918 812 732
3919 1015 915
3920 146 106
3921 438 318
3922 203 183
3923 292 212
3924 365 265
3925 2030 1830
3926 365 265
3927 1218 1098
3928 219 159
3929 203 183
3930 1624 1464
3931 1827 1647
3932 1421 1281
3933 511 371
3934 1015 915
3935 609 549
3936 406 366
3937 438 318
3938 203 183
3939 812 732
3940 609 549
3941 730 530
3942 1421 1281
3943 219 159
3944 292 212
3945 584 424
3946 609 549
3947 292 212
3948 406 366
3949 73 53
3950 1218 1098
3951 812 732
3952 511 371
3953 292 212
3954 1421 1281
3955 73 53
3956 1624 1464
3957 1827 1647
3958 2030 1830
3959 1421 1281
3960 292 212
3961 2030 1830
3962 365 265
3963 73 53
3964 1218 1098
3965 812 732
3966 2030 1830
3967 730 530
3968 438 318
3969 657 477
3970 2030 1830
3971 812 732
3972 1015 915
3973 292 212
3974 365 265
3975 406 366
3976 292 212
3977 365 265
3978 406 366
3979 1827 1647
3980 1827 1647
3981 1218 1098
3982 1015 915
3983 2030 1830
3984 1218 1098
3985 438 318
3986 438 318
3987 1218 1098
3988 1624 1464
3989 2030 1830
3990 657 477
3991 1827 1647
3992 73 53
3993 203 183
3994 584 424
3995 292 212
3996 2030 1830
3997 584 424
3998 657 477
3999 73 53
4000 1218 1098
4001 1218 1098
4002 812 732
4003 609 549
4004 365 265
4005 146 106
4006 73 53
4007 146 106
4008 657 477
4009 1015 915
4010 657 477
4011 812 732
4012 1218 1098
4013 730 530
4014 657 477
4015 730 530
4016 292 212
4017 73 53
4018 812 732
4019 1827 1647
4020 657 477
4021 365 265
4022 1421 1281
4023 1218 1098
4024 203 183
4025 812 732
4026 812 732
4027 511 371
4028 146 106
4029 438 318
4030 406 366
4031 203 183
4032 2030 1830
4033 203 183
4034 2030 1830
4035 511 371
4036 1218 1098
4037 438 318
4038 1624 1464
4039 219 159
4040 1421 1281
4041 219 159
4042 365 265
4043 2030 1830
4044 1421 1281
4045 1015 915
4046 203 183
4047 438 318
4048 812 732
4049 1624 1464
4050 438 318
4051 657 477
4052 438 318
4053 812 732
4054 1015 915
4055 292 212
4056 1218 1098
4057 812 732
4058 730 530
4059 292 212
4060 146 106
4061 2030 1830
4062 1624 1464
4063 219 159
4064 1421 1281
4065 1421 1281
4066 730 530
4067 730 530
4068 584 424
4069 812 732
4070 1015 915
4071 730 530
4072 2030 1830
4073 1218 1098
4074 2030 1830
4075 292 212
4076 73 53
4077 511 371
4078 812 732
4079 203 183
4080 292 212
4081 292 212
4082 1624 1464
4083 219 159
4084 1015 915
4085 812 732
4086 1624 1464
4087 730 530
4088 73 53
4089 365 265
4090 203 183
4091 2030 1830
4092 1827 1647
4093 2030 1830
4094 657 477
4095 1827 1647
4096 1218 1098
4097 2030 1830
4098 730 530
4099 406 366
4100 406 366
4101 1218 1098
4102 1421 1281
4103 1624 1464
4104 2030 1830
4105 1015 915
4106 438 318
4107 292 212
4108 609 549
4109 1827 1647
4110 2030 1830
4111 1827 1647
4112 657 477
4113 406 366
4114 438 318
4115 73 53
4116 1421 1281
4117 2030 1830
4118 584 424
4119 609 549
4120 1827 1647
4121 146 106
4122 812 732
4123 292 212
4124 730 530
4125 1827 1647
4126 1421 1281
4127 73 53
4128 1421 1281
4129 1015 915
4130 203 183
4131 1624 1464
4132 511 371
4133 730 530
4134 406 366
4135 438 318
4136 292 212
4137 657 477
4138 2030 1830
4139 73 53
4140 73 53
4141 609 549
4142 292 212
4143 146 106
4144 584 424
4145 438 318
4146 1015 915
4147 657 477
4148 292 212
4149 1218 1098
4150 1015 915
4151 1421 1281
4152 1015 915
4153 1015 915
4154 438 318
4155 1218 1098
4156 812 732
4157 1015 915
4158 146 106
4159 657 477
4160 365 265
4161 1624 1464
4162 1421 1281
4163 1015 915
4164 657 477
4165 2030 1830
4166 365 265
4167 511 371
4168 438 318
4169 609 549
4170 203 183
4171 406 366
4172 1015 915
4173 1218 1098
4174 1827 1647
4175 1827 1647
4176 2030 1830
4177 812 732
4178 219 159
4179 438 318
4180 584 424
4181 73 53
4182 2030 1830
4183 438 318
4184 146 106
4185 1624 1464
4186 812 732
4187 1827 1647
4188 438 318
4189 365 265
4190 511 371
4191 730 530
4192 812 732
4193 812 732
4194 584 424
4195 2030 1830
4196 146 106
4197 1015 915
4198 73 53
4199 438 318
4200 1827 1647
4201 406 366
4202 609 549
4203 203 183
4204 406 366
4205 2030 1830
4206 406 366
4207 438 318
4208 406 366
4209 511 371
4210 1624 1464
4211 1015 915
4212 1827 1647
4213 2030 1830
4214 2030 1830
4215 1827 1647
4216 203 183
4217 292 212
4218 438 318
4219 1827 1647
4220 1218 1098
4221 219 159
4222 1015 915
4223 609 549
4224 146 106
4225 292 212
4226 730 530
4227 1624 1464
4228 511 371
4229 146 106
4230 406 366
4231 730 530
4232 292 212
4233 511 371
4234 1421 1281
4235 2030 1830
4236 1624 1464
4237 1624 1464
4238 1421 1281
4239 730 530
4240 730 530
4241 73 53
4242 219 159
4243 73 53
4244 812 732
4245 1015 915
4246 292 212
4247 1624 1464
4248 203 183
4249 1015 915
4250 1218 1098
4251 730 530
4252 511 371
4253 438 318
4254 365 265
4255 406 366
4256 730 530
4257 73 53
4258 1624 1464
4259 584 424
4260 73 53
4261 203 183
4262 657 477
4263 438 318
4264 438 318
4265 609 549
4266 292 212
4267 438 318
4268 609 549
4269 584 424
4270 365 265
4271 406 366
4272 1421 1281
4273 1218 1098
4274 406 366
4275 292 212
4276 1421 1281
4277 1421 1281
4278 1218 1098
4279 657 477
4280 292 212
4281 365 265
4282 146 106
4283 584 424
4284 219 159
4285 1218 1098
4286 73 53
4287 203 183
4288 511 371
4289 1218 1098
4290 1624 1464
4291 609 549
4292 2030 1830
4293 1421 1281
4294 1015 915
4295 203 183
4296 2030 1830
4297 1218 1098
4298 1421 1281
4299 146 106
4300 203 183
4301 730 530
4302 203 183
4303 2030 1830
4304 1827 1647
4305 609 549
4306 365 265
4307 584 424
4308 1015 915
4309 146 106
4310 657 477
4311 219 159
4312 365 265
4313 1421 1281
4314 584 424
4315 203 183
4316 438 318
4317 1015 915
4318 584 424
4319 73 53
4320 657 477
4321 1624 1464
4322 292 212
4323 406 366
4324 73 53
4325 2030 1830
4326 584 424
4327 609 549
4328 657 477
4329 219 159
4330 146 106
4331 438 318
4332 438 318
4333 730 530
4334 203 183
4335 406 366
4336 1218 1098
4337 438 318
4338 1015 915
4339 730 530
4340 1218 1098
4341 219 159
4342 730 530
4343 1827 1647
4344 73 53
4345 730 530
4346 511 371
4347 657 477
4348 1421 1281
4349 203 183
4350 1827 1647
4351 73 53
4352 511 371
4353 292 212
4354 511 371
4355 203 183
4356 1421 1281
4357 584 424
4358 511 371
4359 203 183
4360 657 477
4361 365 265
4362 1827 1647
4363 406 366
4364 146 106
4365 1624 1464
4366 292 212
4367 1624 1464
4368 1624 1464
4369 812 732
4370 730 530
4371 365 265
4372 730 530
4373 438 318
4374 609 549
4375 609 549
4376 812 732
4377 812 732
4378 365 265
4379 1421 1281
4380 146 106
4381 584 424
4382 292 212
4383 657 477
4384 2030 1830
4385 1015 915
4386 1015 915
4387 1827 1647
4388 584 424
4389 1421 1281
4390 511 371
4391 2030 1830
4392 203 183
4393 73 53
4394 146 106
4395 1827 1647
4396 1218 1098
4397 812 732
4398 609 549
4399 1827 1647
4400 1827 1647
4401 292 212
4402 406 366
4403 203 183
4404 812 732
4405 1624 1464
4406 657 477
4407 1015 915
4408 1827 1647
4409 365 265
4410 438 318
4411 146 106
4412 2030 1830
4413 406 366
4414 584 424
4415 1015 915
4416 219 159
4417 584 424
4418 146 106
4419 219 159
4420 1015 915
4421 730 530
4422 1218 1098
4423 609 549
4424 1624 1464
4425 1015 915
4426 1218 1098
4427 406 366
4428 438 318
4429 406 366
4430 584 424
4431 1218 1098
4432 730 530
4433 1015 915
4434 511 371
4435 1015 915
4436 730 530
4437 73 53
4438 609 549
4439 292 212
4440 2030 1830
4441 730 530
4442 609 549
4443 1624 1464
4444 584 424
4445 1015 915
4446 730 530
4447 511 371
4448 1015 915
4449 1421 1281
4450 1015 915
4451 1827 1647
4452 1624 1464
4453 511 371
4454 219 159
4455 1015 915
4456 1624 1464
4457 406 366
4458 1421 1281
4459 511 371
4460 292 212
4461 730 530
4462 812 732
4463 609 549
4464 1827 1647
4465 219 159
4466 584 424
4467 511 371
4468 406 366
4469 511 371
4470 406 366
4471 292 212
4472 365 265
4473 609 549
4474 730 530
4475 1421 1281
4476 292 212
4477 609 549
4478 406 366
4479 406 366
4480 203 183
4481 292 212
4482 1624 1464
4483 657 477
4484 406 366
4485 1015 915
4486 1827 1647
4487 609 549
4488 584 424
4489 1624 1464
4490 609 549
4491 1421 1281
4492 1218 1098
4493 406 366
4494 1624 1464
4495 730 530
4496 365 265
4497 1624 1464
4498 1218 1098
4499 584 424
4500 146 106
4501 406 366
4502 812 732
4503 1015 915
4504 73 53
4505 2030 1830
4506 406 366
4507 203 183
4508 1218 1098
4509 812 732
4510 73 53
4511 511 371
4512 1827 1647
4513 1624 1464
4514 73 53
4515 2030 1830
4516 609 549
4517 1624 1464
4518 146 106
4519 292 212
4520 730 530
4521 812 732
4522 1015 915
4523 1015 915
4524 406 366
4525 812 732
4526 584 424
4527 203 183
4528 1827 1647
4529 1421 1281
4530 292 212
4531 511 371
4532 730 530
4533 584 424
4534 365 265
4535 2030 1830
4536 609 549
4537 730 530
4538 1015 915
4539 730 530
4540 1421 1281
4541 219 159
4542 584 424
4543 730 530
4544 812 732
4545 203 183
4546 1827 1647
4547 203 183
4548 609 549
4549 730 530
4550 511 371
4551 1015 915
4552 511 371
4553 511 371
4554 365 265
4555 365 265
4556 511 371
4557 1218 1098
4558 73 53
4559 73 53
4560 1827 1647
4561 1421 1281
4562 438 318
4563 1624 1464
4564 584 424
4565 365 265
4566 438 318
4567 146 106
4568 365 265
4569 73 53
4570 609 549
4571 438 318
4572 203 183
4573 1015 915
4574 609 549
4575 1015 915
4576 203 183
4577 1827 1647
4578 584 424
4579 657 477
4580 203 183
4581 438 318
4582 1015 915
4583 511 371
4584 609 549
4585 146 106
4586 1015 915
4587 730 530
4588 1015 915
4589 365 265
4590 292 212
4591 1421 1281
4592 1624 1464
4593 609 549
4594 1015 915
4595 511 371
4596 730 530
4597 657 477
4598 609 549
4599 511 371
4600 73 53
4601 438 318
4602 203 183
4603 146 106
4604 406 366
4605 2030 1830
4606 657 477
4607 1827 1647
4608 511 371
4609 406 366
4610 2030 1830
4611 146 106
4612 73 53
4613 812 732
4614 203 183
4615 1218 1098
4616 1218 1098
4617 292 212
4618 511 371
4619 584 424
4620 1218 1098
4621 219 159
4622 1421 1281
4623 365 265
4624 1421 1281
4625 292 212
4626 146 106
4627 1015 915
4628 511 371
4629 1218 1098
4630 584 424
4631 511 371
4632 1421 1281
4633 219 159
4634 657 477
4635 2030 1830
4636 406 366
4637 1015 915
4638 203 183
4639 292 212
4640 1827 1647
4641 203 183
4642 365 265
4643 2030 1830
4644 203 183
4645 511 371
4646 1421 1281
4647 657 477
4648 219 159
4649 1827 1647
4650 438 318
4651 609 549
4652 292 212
4653 73 53
4654 657 477
4655 1827 1647
4656 73 53
4657 406 366
4658 73 53
4659 1421 1281
4660 1421 1281
4661 584 424
4662 511 371
4663 1827 1647
4664 730 530
4665 292 212
4666 73 53
4667 609 549
4668 609 549
4669 1015 915
4670 609 549
4671 730 530
4672 365 265
4673 1624 1464
4674 438 318
4675 146 106
4676 365 265
4677 365 265
4678 2030 1830
4679 2030 1830
4680 812 732
4681 1624 1464
4682 203 183
4683 657 477
4684 657 477
4685 1421 1281
4686 365 265
4687 1624 1464
4688 609 549
4689 73 53
4690 1218 1098
4691 1421 1281
4692 292 212
4693 1624 1464
4694 73 53
4695 1218 1098
4696 1827 1647
4697 730 530
4698 1827 1647
4699 812 732
4700 1827 1647
4701 584 424
4702 730 530
4703 730 530
4704 2030 1830
4705 657 477
4706 406 366
4707 438 318
4708 511 371
4709 406 366
4710 73 53
4711 1827 1647
4712 1015 915
4713 73 53
4714 1827 1647
4715 584 424
4716 511 371
4717 1624 1464
4718 438 318
4719 1827 1647
4720 146 106
4721 438 318
4722 1827 1647
4723 812 732
4724 1015 915
4725 2030 1830
4726 609 549
4727 730 530
4728 812 732
4729 511 371
4730 657 477
4731 365 265
4732 812 732
4733 609 549
4734 1421 1281
4735 1421 1281
4736 1421 1281
4737 511 371
4738 730 530
4739 219 159
4740 203 183
4741 1218 1098
4742 1218 1098
4743 511 371
4744 511 371
4745 1015 915
4746 292 212
4747 1218 1098
4748 1015 915
4749 1218 1098
4750 406 366
4751 292 212
4752 609 549
4753 2030 1830
4754 438 318
4755 730 530
4756 73 53
4757 1015 915
4758 2030 1830
4759 511 371
4760 1421 1281
4761 511 371
4762 2030 1830
4763 219 159
4764 511 371
4765 1624 1464
4766 203 183
4767 203 183
4768 203 183
4769 657 477
4770 292 212
4771 292 212
4772 1218 1098
4773 406 366
4774 812 732
4775 609 549
4776 609 549
4777 511 371
4778 609 549
4779 812 732
4780 203 183
4781 1624 1464
4782 1827 1647
4783 73 53
4784 406 366
4785 438 318
4786 146 106
4787 1624 1464
4788 1624 1464
4789 511 371
4790 146 106
4791 511 371
4792 1218 1098
4793 203 183
4794 1015 915
4795 219 159
4796 584 424
4797 1015 915
4798 1015 915
4799 292 212
4800 657 477
4801 730 530
4802 2030 1830
4803 609 549
4804 2030 1830
4805 406 366
4806 292 212
4807 365 265
4808 657 477
4809 1218 1098
4810 511 371
4811 1421 1281
4812 365 265
4813 1015 915
4814 203 183
4815 1218 1098
4816 812 732
4817 438 318
4818 1624 1464
4819 511 371
4820 1827 1647
4821 609 549
4822 406 366
4823 365 265
4824 730 530
4825 812 732
4826 365 265
4827 1827 1647
4828 1827 1647
4829 146 106
4830 609 549
4831 73 53
4832 438 318
4833 219 159
4834 438 318
4835 73 53
4836 1218 1098
4837 657 477
4838 146 106
4839 609 549
4840 1421 1281
4841 730 530
4842 584 424
4843 1624 1464
4844 146 106
4845 219 159
4846 1421 1281
4847 2030 1830
4848 2030 1830
4849 365 265
4850 1624 1464
4851 365 265
4852 1218 1098
4853 219 159
4854 609 549
4855 292 212
4856 584 424
4857 73 53
4858 73 53
4859 511 371
4860 365 265
4861 73 53
4862 609 549
4863 1827 1647
4864 203 183
4865 203 183
4866 1421 1281
4867 584 424
4868 219 159
4869 812 732
4870 365 265
4871 812 732
4872 146 106
4873 2030 1830
4874 1624 1464
4875 1421 1281
4876 511 371
4877 1624 1464
4878 511 371
4879 812 732
4880 365 265
4881 657 477
4882 609 549
4883 292 212
4884 1827 1647
4885 292 212
4886 1015 915
4887 812 732
4888 812 732
4889 609 549
4890 812 732
4891 1624 1464
4892 406 366
4893 438 318
4894 292 212
4895 730 530
4896 584 424
4897 203 183
4898 584 424
4899 1827 1647
4900 730 530
4901 657 477
4902 1218 1098
4903 146 106
4904 2030 1830
4905 219 159
4906 1624 1464
4907 406 366
4908 1218 1098
4909 292 212
4910 1421 1281
4911 438 318
4912 1218 1098
4913 1624 1464
4914 584 424
4915 657 477
4916 203 183
4917 511 371
4918 609 549
4919 609 549
4920 438 318
4921 2030 1830
4922 203 183
4923 219 159
4924 438 318
4925 1421 1281
4926 1421 1281
4927 292 212
4928 219 159
4929 1218 1098
4930 406 366
4931 1827 1647
4932 609 549
4933 73 53
4934 365 265
4935 219 159
4936 730 530
4937 812 732
4938 1218 1098
4939 657 477
4940 1218 1098
4941 1015 915
4942 146 106
4943 1624 1464
4944 73 53
4945 1421 1281
4946 438 318
4947 1421 1281
4948 292 212
4949 2030 1830
4950 730 530
4951 511 371
4952 511 371
4953 438 318
4954 365 265
4955 812 732
4956 1421 1281
4957 730 530
4958 73 53
4959 406 366
4960 730 530
4961 609 549
4962 219 159
4963 438 318
4964 292 212
4965 1421 1281
4966 73 53
4967 406 366
4968 609 549
4969 1015 915
4970 812 732
4971 1827 1647
4972 365 265
4973 365 265
4974 511 371
4975 219 159
4976 1421 1281
4977 730 530
4978 219 159
4979 146 106
4980 146 106
4981 219 159
4982 1421 1281
4983 657 477
4984 203 183
4985 1624 1464
4986 406 366
4987 609 549
4988 511 371
4989 657 477
4990 1827 1647
4991 406 366
4992 438 318
4993 2030 1830
4994 73 53
4995 146 106
4996 365 265
4997 1827 1647
4998 609 549
4999 292 212
5000 511 371
