100 12940 13_100_1000_3436
1 354 234
2 118 78
3 59 39
4 472 312
5 927 747
6 515 415
7 412 332
8 515 415
9 515 415
10 354 234
11 59 39
12 1030 830
13 515 415
14 309 249
15 103 83
16 412 332
17 236 156
18 295 195
19 721 581
20 309 249
21 59 39
22 206 166
23 515 415
24 515 415
25 236 156
26 472 312
27 59 39
28 177 117
29 412 332
30 1030 830
31 236 156
32 1030 830
33 927 747
34 721 581
35 590 390
36 118 78
37 721 581
38 472 312
39 531 351
40 118 78
41 59 39
42 472 312
43 472 312
44 1030 830
45 413 273
46 295 195
47 590 390
48 721 581
49 177 117
50 354 234
51 927 747
52 236 156
53 295 195
54 413 273
55 413 273
56 309 249
57 118 78
58 927 747
59 515 415
60 118 78
61 103 83
62 721 581
63 515 415
64 412 332
65 531 351
66 103 83
67 236 156
68 721 581
69 927 747
70 721 581
71 721 581
72 236 156
73 618 498
74 354 234
75 721 581
76 354 234
77 618 498
78 412 332
79 515 415
80 295 195
81 118 78
82 412 332
83 515 415
84 927 747
85 103 83
86 618 498
87 824 664
88 236 156
89 618 498
90 531 351
91 618 498
92 515 415
93 721 581
94 824 664
95 927 747
96 590 390
97 590 390
98 412 332
99 354 234
100 1030 830
