5000 2385773 16_5000_1000_297
1 368 78
2 749 346
3 1108 888
4 1128 936
5 268 41
6 658 261
7 764 361
8 1138 959
9 776 374
10 945 590
11 568 191
12 1154 999
13 1068 803
14 436 110
15 1081 831
16 454 120
17 650 254
18 1150 990
19 700 298
20 281 45
21 663 265
22 665 267
23 666 268
24 702 300
25 173 17
26 1047 762
27 755 352
28 274 43
29 815 418
30 887 508
31 530 165
32 710 308
33 1143 972
34 1017 707
35 994 667
36 828 433
37 854 465
38 893 515
39 1049 766
40 1081 831
41 965 620
42 952 601
43 716 313
44 1010 695
45 1059 786
46 1045 759
47 1076 820
48 987 656
49 1117 908
50 1080 829
51 907 535
52 1144 974
53 665 267
54 582 201
55 382 84
56 839 446
57 849 458
58 1138 960
59 723 320
60 481 135
61 1111 896
62 842 450
63 524 161
64 793 393
65 605 218
66 1086 841
67 1126 929
68 241 33
69 857 468
70 293 49
71 1105 881
72 830 435
73 1122 921
74 316 57
75 961 614
76 1027 726
77 1138 958
78 210 25
79 205 24
80 899 523
81 823 427
82 958 610
83 542 173
84 1045 758
85 560 185
86 1101 872
87 1083 834
88 1133 947
89 462 124
90 318 58
91 880 498
92 958 609
93 1086 841
94 987 656
95 727 324
96 765 362
97 410 97
98 869 484
99 946 592
100 168 16
101 959 612
102 268 41
103 1025 722
104 699 297
105 806 407
106 991 663
107 1049 766
108 781 380
109 1117 910
110 803 404
111 1119 913
112 214 26
113 879 497
114 1017 707
115 493 142
116 1092 853
117 1098 867
118 920 553
119 929 566
120 397 91
121 990 661
122 842 450
123 543 174
124 773 371
125 722 319
126 987 656
127 928 564
128 798 398
129 746 343
130 607 220
131 1071 810
132 859 471
133 1028 728
134 1047 762
135 1094 857
136 1087 843
137 994 668
138 1108 889
139 622 231
140 582 201
141 868 482
142 1086 840
143 498 145
144 849 459
145 1015 704
146 993 666
147 1054 777
148 1146 979
149 972 632
150 572 194
151 914 544
152 1077 822
153 568 191
154 840 447
155 552 180
156 938 580
157 1101 873
158 828 433
159 1123 923
160 1036 741
161 1045 758
162 1059 785
163 420 102
164 694 293
165 522 160
166 911 541
167 310 55
168 936 576
169 594 210
170 867 481
171 655 258
172 1110 894
173 988 658
174 753 350
175 901 527
176 1062 792
177 946 591
178 768 366
179 329 62
180 534 168
181 646 251
182 782 381
183 909 537
184 384 85
185 1119 913
186 699 297
187 667 269
188 817 420
189 453 119
190 1039 747
191 424 104
192 545 175
193 366 77
194 684 284
195 905 532
196 511 153
197 875 492
198 680 280
199 780 378
200 1020 712
201 290 48
202 677 277
203 1020 712
204 915 546
205 883 502
206 735 332
207 989 659
208 991 663
209 1040 750
210 287 47
211 658 261
212 1084 837
213 1086 841
214 814 417
215 907 535
216 961 614
217 430 107
218 1016 705
219 859 471
220 959 611
221 644 249
222 991 662
223 750 347
224 364 76
225 893 516
226 823 427
227 1026 724
228 728 325
229 1026 724
230 638 244
231 145 12
232 948 595
233 971 630
234 1135 951
235 696 295
236 1133 948
237 1049 766
238 188 20
239 775 373
240 822 426
241 326 61
242 1134 949
243 1036 742
244 814 416
245 726 323
246 1096 862
247 1123 924
248 692 291
249 517 157
250 478 133
251 949 596
252 756 353
253 972 632
254 1038 746
255 1113 900
256 825 429
257 616 227
258 896 520
259 929 566
260 814 416
261 126 9
262 296 50
263 904 531
264 268 41
265 994 668
266 103 6
267 1038 745
268 1153 998
269 445 115
270 658 261
271 831 437
272 827 432
273 1137 956
274 1070 808
275 484 137
276 989 659
277 958 610
278 735 332
279 1118 911
280 673 274
281 1111 895
282 508 151
283 1102 875
284 1053 775
285 953 602
286 168 16
287 766 364
288 689 288
289 1091 851
290 898 522
291 1012 698
292 823 427
293 756 353
294 1145 977
295 653 257
296 271 42
297 861 474
298 1126 930
299 975 637
300 1085 839
301 836 443
302 878 495
303 684 284
304 952 601
305 1083 835
306 210 25
307 1128 934
308 675 276
309 810 412
310 1120 915
311 680 280
312 864 477
313 1038 746
314 1065 797
315 1076 820
316 1106 883
317 560 185
318 713 310
319 936 577
320 1032 735
321 921 554
322 663 265
323 1006 689
324 710 308
325 695 294
326 1086 840
327 694 293
328 940 583
329 997 673
330 1026 723
331 1043 755
332 495 143
333 1148 984
334 458 122
335 866 480
336 767 365
337 1068 803
338 1005 686
339 1100 870
340 864 477
341 183 19
342 503 148
343 310 55
344 809 411
345 869 484
346 931 569
347 422 103
348 705 303
349 1017 708
350 1077 822
351 649 253
352 524 161
353 1046 761
354 1150 989
355 801 402
356 490 140
357 162 15
358 356 73
359 310 55
360 436 110
361 762 359
362 973 634
363 773 371
364 368 78
365 593 209
366 871 486
367 683 283
368 939 581
369 921 554
370 1067 801
371 1104 880
372 1110 893
373 934 574
374 955 605
375 657 260
376 759 356
377 660 263
378 880 498
379 1153 996
380 1012 698
381 802 403
382 557 183
383 678 278
384 976 638
385 1139 961
386 729 326
387 751 348
388 1123 924
389 1088 844
390 1051 771
391 914 544
392 942 585
393 976 638
394 797 397
395 831 437
396 1018 709
397 1153 998
398 460 123
399 743 340
400 946 591
401 296 50
402 652 256
403 562 187
404 1022 716
405 999 677
406 1015 704
407 1100 871
408 672 273
409 1112 897
410 1024 720
411 959 611
412 1146 979
413 832 438
414 973 633
415 620 230
416 493 142
417 771 369
418 344 68
419 548 177
420 1126 930
421 955 605
422 640 246
423 976 638
424 1053 775
425 711 309
426 923 558
427 271 42
428 1087 842
429 162 15
430 244 34
431 765 362
432 658 261
433 1075 818
434 619 229
435 724 321
436 1142 970
437 570 192
438 445 115
439 290 48
440 785 384
441 989 660
442 218 27
443 530 165
444 1117 908
445 1069 805
446 857 468
447 503 148
448 1148 985
449 511 153
450 237 32
451 581 200
452 1118 912
453 625 234
454 139 11
455 1112 898
456 866 480
457 618 228
458 904 531
459 866 480
460 579 199
461 850 460
462 978 642
463 705 303
464 669 270
465 412 98
466 590 207
467 724 321
468 454 120
469 1141 967
470 1037 744
471 1093 856
472 1059 786
473 884 503
474 921 555
475 925 560
476 864 477
477 334 64
478 1033 736
479 936 576
480 1144 975
481 672 273
482 633 240
483 807 409
484 970 629
485 954 603
486 408 96
487 255 37
488 638 244
489 856 467
490 284 46
491 1054 777
492 1112 898
493 728 325
494 1109 890
495 959 611
496 925 561
497 829 434
498 971 630
499 274 43
500 1044 756
501 1101 874
502 1117 910
503 1057 782
504 1006 688
505 664 266
506 672 273
507 157 14
508 1004 684
509 438 111
510 999 677
511 849 458
512 962 616
513 624 233
514 659 262
515 1080 828
516 1151 993
517 771 369
518 1070 807
519 1085 838
520 932 571
521 500 146
522 1032 734
523 1008 691
524 975 637
525 887 507
526 831 436
527 857 468
528 613 224
529 1105 882
530 1063 794
531 778 376
532 581 200
533 757 354
534 720 317
535 897 521
536 952 601
537 776 374
538 1030 731
539 436 110
540 271 42
541 1068 803
542 1026 723
543 321 59
544 401 93
545 1038 745
546 1001 680
547 59 2
548 145 12
549 664 266
550 966 622
551 517 157
552 694 293
553 1105 881
554 1039 747
555 334 64
556 310 55
557 944 588
558 1121 919
559 974 635
560 318 58
561 1055 778
562 922 556
563 1107 886
564 875 491
565 1099 869
566 640 246
567 218 27
568 851 461
569 241 33
570 1060 787
571 119 8
572 941 584
573 1087 842
574 856 467
575 241 33
576 1013 701
577 708 306
578 1089 848
579 1101 873
580 853 463
581 827 432
582 1081 831
583 1025 722
584 361 75
585 1002 681
586 900 525
587 557 183
588 581 200
589 1109 890
590 606 219
591 891 513
592 1148 984
593 1079 827
594 1047 762
595 846 455
596 675 276
597 1004 685
598 1041 751
599 899 523
600 1080 828
601 628 236
602 859 471
603 222 28
604 564 188
605 901 526
606 1133 948
607 451 118
608 705 303
609 244 34
610 554 181
611 843 451
612 1135 952
613 1126 930
614 498 145
615 955 605
616 646 251
617 1122 920
618 906 533
619 1078 824
620 581 200
621 188 20
622 992 664
623 278 44
624 373 80
625 1008 691
626 912 542
627 740 337
628 1147 981
629 1090 849
630 244 34
631 963 618
632 1153 998
633 914 544
634 947 593
635 932 570
636 1020 712
637 929 566
638 1004 685
639 1029 729
640 1106 885
641 823 427
642 496 144
643 889 510
644 1078 825
645 913 543
646 597 212
647 386 86
648 520 159
649 334 64
650 1115 905
651 1004 684
652 992 664
653 1038 746
654 853 463
655 865 478
656 1076 819
657 1091 852
658 884 503
659 1061 790
660 852 462
661 393 89
662 851 461
663 877 494
664 1143 971
665 719 316
666 1058 784
667 1126 930
668 488 139
669 1136 954
670 1062 792
671 1105 881
672 555 182
673 183 19
674 991 663
675 222 28
676 1010 696
677 1025 721
678 439 112
679 1048 765
680 1065 798
681 534 168
682 139 11
683 634 241
684 620 230
685 774 372
686 966 622
687 610 222
688 741 338
689 825 429
690 875 492
691 1088 845
692 804 405
693 1144 973
694 1047 762
695 1138 960
696 1034 739
697 1118 912
698 1072 812
699 844 452
700 694 293
701 1116 906
702 944 588
703 1093 856
704 539 171
705 959 612
706 1130 939
707 1076 820
708 1081 831
709 987 656
710 976 638
711 646 251
712 972 632
713 354 72
714 931 569
715 820 424
716 251 36
717 1059 786
718 722 319
719 638 244
720 831 436
721 600 214
722 1144 975
723 895 518
724 802 403
725 1147 981
726 896 520
727 316 57
728 1028 727
729 1039 748
730 966 622
731 756 353
732 1045 758
733 713 310
734 867 481
735 752 349
736 808 410
737 851 461
738 255 37
739 1065 798
740 658 261
741 749 346
742 994 668
743 971 630
744 911 541
745 778 376
746 1036 741
747 1109 890
748 1089 848
749 344 68
750 689 288
751 800 400
752 210 25
753 1141 967
754 996 671
755 42 1
756 942 585
757 486 138
758 1135 951
759 679 279
760 956 606
761 778 376
762 810 412
763 1097 864
764 812 414
765 1062 791
766 439 112
767 1139 961
768 324 60
769 1000 678
770 932 571
771 780 378
772 1101 874
773 1093 856
774 933 572
775 509 152
776 1147 981
777 930 568
778 349 70
779 929 566
780 702 300
781 954 603
782 1026 723
783 708 306
784 126 9
785 930 568
786 851 461
787 420 102
788 928 565
789 1139 962
790 853 463
791 766 364
792 660 263
793 817 420
794 840 448
795 546 176
796 945 590
797 1146 979
798 754 351
799 537 170
800 428 106
801 952 600
802 352 71
803 1094 857
804 858 470
805 1091 851
806 528 164
807 534 168
808 1074 816
809 814 416
810 796 396
811 850 460
812 1114 903
813 928 565
814 871 487
815 1087 843
816 881 500
817 1112 897
818 1032 735
819 1141 966
820 498 145
821 1125 927
822 1024 720
823 738 335
824 789 388
825 992 664
826 469 128
827 73 3
828 344 68
829 1044 756
830 1001 680
831 699 297
832 572 194
833 707 305
834 914 544
835 891 513
836 724 321
837 724 321
838 1077 822
839 901 526
840 1019 711
841 931 569
842 730 327
843 1143 972
844 1042 753
845 1120 916
846 824 428
847 582 201
848 898 522
849 527 163
850 1107 887
851 1100 871
852 1031 732
853 1077 823
854 926 562
855 1074 816
856 994 668
857 1147 981
858 1069 806
859 424 104
860 133 10
861 1011 697
862 707 305
863 762 359
864 971 630
865 1072 811
866 1138 958
867 1153 996
868 1153 996
869 447 116
870 779 377
871 886 506
872 996 672
873 903 529
874 1145 976
875 620 230
876 1025 722
877 986 655
878 549 178
879 929 566
880 932 571
881 490 140
882 1083 835
883 636 243
884 230 30
885 887 508
886 103 6
887 919 551
888 495 143
889 560 185
890 786 385
891 205 24
892 568 191
893 874 490
894 1022 716
895 1116 907
896 1036 741
897 899 524
898 740 337
899 952 601
900 1092 853
901 964 619
902 1013 701
903 970 628
904 1031 733
905 829 434
906 1113 901
907 682 282
908 274 43
909 976 638
910 1152 994
911 681 281
912 602 216
913 877 494
914 975 637
915 1145 977
916 622 231
917 1036 741
918 974 635
919 1110 893
920 939 581
921 832 438
922 1025 721
923 393 89
924 414 99
925 924 559
926 237 32
927 564 188
928 1070 807
929 883 502
930 815 418
931 907 535
932 1150 990
933 929 566
934 178 18
935 1018 709
936 1117 909
937 248 35
938 205 24
939 919 552
940 594 210
941 764 361
942 998 674
943 855 466
944 981 647
945 1058 784
946 564 188
947 891 513
948 813 415
949 749 346
950 354 72
951 878 496
952 453 119
953 248 35
954 1009 694
955 1143 972
956 695 294
957 1111 896
958 1120 917
959 1035 740
960 1060 788
961 1058 784
962 1121 919
963 778 376
964 923 558
965 955 605
966 560 185
967 709 307
968 313 56
969 1076 819
970 840 447
971 1067 801
972 885 505
973 706 304
974 899 524
975 1112 897
976 525 162
977 655 258
978 1020 712
979 1008 691
980 783 382
981 1149 987
982 1114 903
983 937 578
984 1130 939
985 853 464
986 778 376
987 525 162
988 391 88
989 965 621
990 606 219
991 583 202
992 824 428
993 861 474
994 998 674
995 1068 803
996 1106 885
997 1050 769
998 706 304
999 878 496
1000 1049 766
1001 1076 820
1002 875 492
1003 1099 868
1004 1053 774
1005 910 539
1006 506 150
1007 506 150
1008 1024 720
1009 1035 740
1010 942 585
1011 754 351
1012 619 229
1013 1038 745
1014 996 671
1015 644 249
1016 585 203
1017 1110 893
1018 1148 984
1019 428 106
1020 963 617
1021 687 286
1022 1016 706
1023 495 143
1024 671 272
1025 1088 844
1026 771 369
1027 1078 825
1028 665 267
1029 778 376
1030 908 536
1031 909 538
1032 545 175
1033 791 390
1034 1150 990
1035 1070 808
1036 959 611
1037 574 195
1038 988 658
1039 337 65
1040 1020 713
1041 950 598
1042 981 647
1043 151 13
1044 910 539
1045 1051 770
1046 1122 920
1047 481 135
1048 956 606
1049 691 290
1050 933 572
1051 1068 803
1052 800 401
1053 586 204
1054 1051 771
1055 293 49
1056 555 182
1057 805 406
1058 1117 910
1059 884 504
1060 996 672
1061 675 276
1062 318 58
1063 1056 779
1064 959 611
1065 754 351
1066 917 549
1067 981 647
1068 1053 775
1069 630 238
1070 1096 863
1071 708 306
1072 752 349
1073 1042 753
1074 958 610
1075 94 5
1076 641 247
1077 408 96
1078 717 314
1079 943 587
1080 719 316
1081 785 384
1082 307 54
1083 820 423
1084 756 353
1085 736 333
1086 844 452
1087 672 273
1088 866 480
1089 1029 729
1090 972 632
1091 914 545
1092 949 596
1093 1123 923
1094 857 469
1095 1090 850
1096 321 59
1097 952 600
1098 210 25
1099 840 448
1100 1112 898
1101 543 174
1102 1137 957
1103 757 354
1104 911 540
1105 445 115
1106 1030 731
1107 662 264
1108 139 11
1109 59 2
1110 995 670
1111 1106 885
1112 1077 821
1113 151 13
1114 1106 884
1115 463 125
1116 1151 991
1117 830 435
1118 961 615
1119 1115 904
1120 281 45
1121 1146 979
1122 1085 839
1123 1113 901
1124 982 648
1125 406 95
1126 268 41
1127 784 383
1128 1004 685
1129 725 322
1130 585 203
1131 984 651
1132 1120 916
1133 948 594
1134 990 661
1135 632 239
1136 436 110
1137 906 534
1138 509 152
1139 1127 933
1140 871 486
1141 981 647
1142 1059 786
1143 434 109
1144 1006 689
1145 1120 915
1146 1062 792
1147 403 94
1148 838 445
1149 366 77
1150 1034 739
1151 906 533
1152 970 629
1153 729 326
1154 488 139
1155 1106 883
1156 1126 930
1157 388 87
1158 704 302
1159 794 394
1160 910 539
1161 1076 820
1162 498 145
1163 509 152
1164 812 414
1165 1011 697
1166 94 5
1167 1136 955
1168 1120 916
1169 313 56
1170 430 107
1171 1039 747
1172 613 224
1173 1029 729
1174 643 248
1175 734 331
1176 558 184
1177 1111 896
1178 690 289
1179 1132 944
1180 780 378
1181 1140 963
1182 966 623
1183 951 599
1184 778 376
1185 707 305
1186 1095 860
1187 636 243
1188 1039 748
1189 1051 771
1190 302 52
1191 1076 820
1192 1060 788
1193 588 205
1194 804 405
1195 1101 872
1196 1077 822
1197 368 78
1198 1114 902
1199 906 533
1200 1102 876
1201 627 235
1202 1143 971
1203 1072 812
1204 560 185
1205 940 583
1206 641 247
1207 957 608
1208 655 258
1209 403 94
1210 262 39
1211 1102 876
1212 934 574
1213 1077 821
1214 811 413
1215 265 40
1216 991 662
1217 1008 692
1218 665 267
1219 432 108
1220 1099 869
1221 843 451
1222 904 531
1223 823 427
1224 1154 1000
1225 853 463
1226 1088 845
1227 1020 713
1228 1153 998
1229 1018 710
1230 931 569
1231 851 461
1232 890 512
1233 230 30
1234 290 48
1235 1151 991
1236 1012 698
1237 1116 906
1238 589 206
1239 691 290
1240 747 344
1241 727 324
1242 998 675
1243 656 259
1244 1006 689
1245 881 499
1246 818 421
1247 422 103
1248 878 495
1249 1010 695
1250 737 334
1251 1108 889
1252 980 645
1253 508 151
1254 881 500
1255 861 473
1256 1118 911
1257 1115 905
1258 726 323
1259 1113 901
1260 1084 836
1261 1094 858
1262 598 213
1263 692 291
1264 1118 911
1265 624 233
1266 886 506
1267 222 28
1268 920 553
1269 1062 792
1270 660 263
1271 646 251
1272 807 408
1273 892 514
1274 843 451
1275 954 604
1276 1113 899
1277 1032 734
1278 667 269
1279 1048 765
1280 552 180
1281 59 2
1282 1114 903
1283 388 87
1284 887 508
1285 1154 1000
1286 744 341
1287 831 437
1288 1050 769
1289 1017 707
1290 1036 742
1291 1047 763
1292 1030 730
1293 1133 946
1294 936 577
1295 1151 991
1296 241 33
1297 916 548
1298 536 169
1299 1017 708
1300 391 88
1301 937 578
1302 1105 882
1303 717 314
1304 789 388
1305 1151 993
1306 1132 945
1307 729 326
1308 980 645
1309 1052 772
1310 704 302
1311 908 536
1312 1083 835
1313 882 501
1314 736 333
1315 784 383
1316 1142 970
1317 1127 932
1318 662 264
1319 659 262
1320 737 334
1321 103 6
1322 883 502
1323 73 3
1324 762 359
1325 746 343
1326 1070 807
1327 1094 858
1328 589 206
1329 1086 840
1330 839 446
1331 504 149
1332 1040 750
1333 807 409
1334 888 509
1335 986 655
1336 709 307
1337 611 223
1338 1021 715
1339 954 603
1340 744 341
1341 590 207
1342 1090 849
1343 634 241
1344 630 238
1345 1066 800
1346 168 16
1347 892 514
1348 907 535
1349 767 365
1350 899 524
1351 929 566
1352 422 103
1353 391 88
1354 830 435
1355 649 253
1356 964 619
1357 1132 944
1358 610 222
1359 664 266
1360 956 606
1361 734 331
1362 632 239
1363 1033 737
1364 1075 818
1365 916 548
1366 653 257
1367 855 466
1368 1106 885
1369 728 325
1370 1152 995
1371 874 490
1372 985 653
1373 555 182
1374 416 100
1375 807 409
1376 607 220
1377 462 124
1378 1142 968
1379 687 286
1380 899 524
1381 958 610
1382 593 209
1383 944 589
1384 717 314
1385 361 75
1386 368 78
1387 316 57
1388 1107 887
1389 565 189
1390 1135 951
1391 947 593
1392 898 522
1393 878 495
1394 695 294
1395 1153 998
1396 971 630
1397 460 123
1398 833 439
1399 342 67
1400 1109 890
1401 1068 804
1402 814 416
1403 862 475
1404 222 28
1405 290 48
1406 958 609
1407 438 111
1408 970 628
1409 986 655
1410 851 461
1411 939 581
1412 930 567
1413 474 131
1414 940 583
1415 793 393
1416 614 225
1417 1009 693
1418 1027 725
1419 453 119
1420 903 529
1421 900 525
1422 1104 880
1423 1061 790
1424 454 120
1425 958 610
1426 268 41
1427 761 358
1428 1105 882
1429 961 614
1430 818 421
1431 1067 802
1432 892 514
1433 183 19
1434 898 522
1435 1138 959
1436 880 498
1437 799 399
1438 976 639
1439 691 290
1440 957 608
1441 656 259
1442 495 143
1443 640 246
1444 1090 850
1445 827 432
1446 284 46
1447 1130 939
1448 460 123
1449 723 320
1450 1129 938
1451 438 111
1452 749 346
1453 574 195
1454 1075 818
1455 699 297
1456 359 74
1457 555 182
1458 458 122
1459 483 136
1460 1031 732
1461 1052 773
1462 1009 693
1463 237 32
1464 1138 958
1465 500 146
1466 873 489
1467 1123 924
1468 1148 983
1469 1087 843
1470 871 486
1471 476 132
1472 1145 976
1473 806 407
1474 878 495
1475 1097 865
1476 869 484
1477 1059 785
1478 103 6
1479 302 52
1480 1054 776
1481 683 283
1482 342 67
1483 1126 930
1484 788 387
1485 1099 868
1486 1121 918
1487 673 274
1488 961 614
1489 214 26
1490 698 296
1491 1080 828
1492 542 173
1493 623 232
1494 871 486
1495 1064 795
1496 607 220
1497 1129 937
1498 944 589
1499 1076 820
1500 726 323
1501 664 266
1502 103 6
1503 796 396
1504 829 434
1505 1116 907
1506 862 475
1507 1081 830
1508 970 628
1509 1014 702
1510 957 608
1511 1055 778
1512 785 384
1513 1057 782
1514 691 290
1515 783 382
1516 488 139
1517 958 609
1518 1021 715
1519 410 97
1520 1124 926
1521 929 566
1522 916 547
1523 1126 930
1524 991 662
1525 705 303
1526 1024 720
1527 970 629
1528 1096 862
1529 739 336
1530 579 199
1531 554 181
1532 1045 758
1533 1061 789
1534 439 112
1535 1026 723
1536 1023 719
1537 453 119
1538 797 397
1539 744 341
1540 1102 876
1541 201 23
1542 1055 778
1543 352 71
1544 1034 739
1545 771 369
1546 1114 902
1547 831 437
1548 316 57
1549 271 42
1550 1142 969
1551 329 62
1552 997 673
1553 1149 986
1554 1076 819
1555 842 450
1556 1052 773
1557 809 411
1558 414 99
1559 1044 757
1560 380 83
1561 545 175
1562 1061 789
1563 740 337
1564 778 376
1565 504 149
1566 1051 770
1567 1089 847
1568 1151 992
1569 597 212
1570 514 155
1571 640 246
1572 1022 716
1573 999 677
1574 1110 894
1575 725 322
1576 807 409
1577 1150 989
1578 1104 879
1579 929 566
1580 901 527
1581 373 80
1582 1128 936
1583 1046 761
1584 966 623
1585 310 55
1586 1108 889
1587 401 93
1588 875 492
1589 1021 714
1590 940 583
1591 874 490
1592 1087 842
1593 961 614
1594 699 297
1595 777 375
1596 549 178
1597 860 472
1598 728 325
1599 724 321
1600 1095 859
1601 1033 736
1602 1125 927
1603 1123 922
1604 1146 978
1605 1131 943
1606 1109 891
1607 734 331
1608 474 131
1609 1148 984
1610 304 53
1611 1101 873
1612 382 84
1613 998 674
1614 1033 736
1615 656 259
1616 1015 704
1617 887 507
1618 248 35
1619 1016 705
1620 412 98
1621 1023 718
1622 711 309
1623 1027 726
1624 1077 821
1625 650 254
1626 1042 753
1627 590 207
1628 750 347
1629 1086 840
1630 377 82
1631 958 610
1632 868 482
1633 540 172
1634 1074 816
1635 901 527
1636 557 183
1637 1123 924
1638 426 105
1639 958 610
1640 1154 999
1641 959 612
1642 498 145
1643 721 318
1644 732 329
1645 1138 960
1646 1148 985
1647 943 587
1648 1150 989
1649 1151 992
1650 1003 683
1651 977 640
1652 791 391
1653 768 366
1654 1106 883
1655 973 633
1656 817 420
1657 1120 917
1658 865 479
1659 814 417
1660 377 82
1661 1153 996
1662 1006 688
1663 1126 929
1664 628 236
1665 1145 977
1666 568 191
1667 1077 823
1668 850 460
1669 1040 750
1670 925 560
1671 332 63
1672 508 151
1673 935 575
1674 756 353
1675 1140 965
1676 831 436
1677 560 185
1678 1095 859
1679 509 152
1680 251 36
1681 1123 924
1682 643 248
1683 997 673
1684 1106 883
1685 904 530
1686 474 131
1687 375 81
1688 1057 781
1689 1052 773
1690 1055 778
1691 883 502
1692 426 105
1693 597 212
1694 951 599
1695 609 221
1696 690 289
1697 1110 894
1698 1007 690
1699 1112 897
1700 119 8
1701 893 516
1702 265 40
1703 973 634
1704 359 74
1705 139 11
1706 784 383
1707 1032 735
1708 950 598
1709 878 496
1710 388 87
1711 1048 764
1712 310 55
1713 992 665
1714 644 249
1715 564 188
1716 157 14
1717 1101 874
1718 927 563
1719 1128 935
1720 1029 729
1721 980 645
1722 765 362
1723 476 132
1724 956 607
1725 1151 992
1726 1010 695
1727 1078 824
1728 1002 681
1729 692 291
1730 1090 850
1731 418 101
1732 133 10
1733 991 663
1734 835 441
1735 1044 756
1736 1046 760
1737 651 255
1738 841 449
1739 815 418
1740 570 192
1741 1071 810
1742 868 483
1743 1040 750
1744 711 309
1745 493 142
1746 792 392
1747 931 569
1748 1074 816
1749 1124 926
1750 94 5
1751 462 124
1752 1119 913
1753 151 13
1754 936 576
1755 736 333
1756 1150 988
1757 439 112
1758 1041 752
1759 925 561
1760 1057 781
1761 908 536
1762 1104 880
1763 709 307
1764 850 460
1765 790 389
1766 774 372
1767 856 467
1768 707 305
1769 948 595
1770 356 73
1771 354 72
1772 963 617
1773 1111 896
1774 1151 993
1775 600 214
1776 888 509
1777 921 555
1778 504 149
1779 662 264
1780 645 250
1781 812 414
1782 866 480
1783 1070 807
1784 1120 915
1785 838 445
1786 691 290
1787 601 215
1788 936 577
1789 970 629
1790 1152 994
1791 1151 993
1792 1133 947
1793 888 509
1794 801 402
1795 183 19
1796 565 189
1797 590 207
1798 833 439
1799 1038 745
1800 1052 773
1801 520 159
1802 197 22
1803 262 39
1804 546 176
1805 1055 778
1806 454 120
1807 401 93
1808 293 49
1809 1104 880
1810 157 14
1811 1016 705
1812 271 42
1813 849 459
1814 344 68
1815 890 511
1816 1101 873
1817 906 533
1818 645 250
1819 1004 684
1820 638 244
1821 720 317
1822 403 94
1823 971 630
1824 1153 996
1825 926 562
1826 1075 818
1827 845 453
1828 255 37
1829 1107 886
1830 887 508
1831 1036 741
1832 727 324
1833 709 307
1834 1125 928
1835 1126 929
1836 262 39
1837 1101 873
1838 1138 960
1839 1020 713
1840 967 624
1841 1150 990
1842 887 508
1843 490 140
1844 1090 850
1845 1031 732
1846 664 266
1847 1053 774
1848 1075 818
1849 1147 982
1850 578 198
1851 1106 883
1852 641 247
1853 412 98
1854 572 194
1855 126 9
1856 841 449
1857 840 448
1858 1100 871
1859 549 178
1860 703 301
1861 1078 824
1862 968 626
1863 1128 935
1864 1114 903
1865 689 288
1866 754 351
1867 1073 813
1868 304 53
1869 735 332
1870 1071 809
1871 488 139
1872 904 531
1873 1003 683
1874 1024 720
1875 829 434
1876 241 33
1877 941 584
1878 715 312
1879 665 267
1880 1018 710
1881 865 478
1882 800 400
1883 564 188
1884 770 368
1885 910 539
1886 237 32
1887 780 379
1888 936 577
1889 1040 749
1890 867 481
1891 715 312
1892 718 315
1893 453 119
1894 800 401
1895 991 663
1896 1110 892
1897 1039 748
1898 1099 868
1899 1143 971
1900 1079 827
1901 1133 946
1902 921 555
1903 959 612
1904 439 112
1905 740 337
1906 1054 776
1907 993 666
1908 545 175
1909 968 625
1910 481 135
1911 883 502
1912 990 661
1913 1023 719
1914 1081 831
1915 1081 831
1916 1129 937
1917 1144 975
1918 871 486
1919 758 355
1920 989 660
1921 843 451
1922 872 488
1923 748 345
1924 914 545
1925 1075 818
1926 1042 753
1927 677 277
1928 1004 685
1929 931 569
1930 818 421
1931 781 380
1932 162 15
1933 720 317
1934 971 630
1935 916 547
1936 747 344
1937 853 463
1938 420 102
1939 1072 811
1940 399 92
1941 776 374
1942 840 448
1943 778 376
1944 1089 847
1945 1104 879
1946 742 339
1947 649 253
1948 835 441
1949 205 24
1950 620 230
1951 375 81
1952 664 266
1953 373 80
1954 711 309
1955 597 212
1956 1103 877
1957 891 513
1958 855 466
1959 1116 906
1960 1042 753
1961 713 310
1962 1080 828
1963 852 462
1964 682 282
1965 743 340
1966 1076 819
1967 1142 968
1968 751 348
1969 817 420
1970 942 585
1971 935 575
1972 546 176
1973 162 15
1974 1098 866
1975 1121 919
1976 1065 797
1977 739 336
1978 954 604
1979 344 68
1980 1054 776
1981 901 526
1982 1041 751
1983 984 652
1984 1034 739
1985 845 454
1986 883 502
1987 903 529
1988 1132 945
1989 989 660
1990 1048 764
1991 875 492
1992 1005 687
1993 802 403
1994 641 247
1995 527 163
1996 1048 765
1997 496 144
1998 1001 680
1999 248 35
2000 501 147
2001 594 210
2002 914 545
2003 1057 781
2004 684 284
2005 540 172
2006 864 477
2007 1065 797
2008 554 181
2009 920 553
2010 765 362
2011 871 486
2012 610 222
2013 799 399
2014 549 178
2015 890 511
2016 568 191
2017 302 52
2018 990 661
2019 957 608
2020 984 652
2021 1044 756
2022 1037 743
2023 1144 973
2024 594 210
2025 558 184
2026 967 624
2027 614 225
2028 508 151
2029 287 47
2030 1107 887
2031 824 428
2032 811 413
2033 763 360
2034 1027 726
2035 384 85
2036 1088 846
2037 567 190
2038 571 193
2039 1010 696
2040 973 633
2041 968 626
2042 329 62
2043 410 97
2044 1003 683
2045 949 596
2046 463 125
2047 1005 687
2048 935 575
2049 904 530
2050 792 392
2051 848 457
2052 883 502
2053 557 183
2054 1022 716
2055 1113 899
2056 233 31
2057 658 261
2058 971 630
2059 395 90
2060 1141 967
2061 1030 730
2062 1077 823
2063 932 571
2064 749 346
2065 1085 839
2066 1062 792
2067 1111 896
2068 1104 880
2069 380 83
2070 493 142
2071 1133 946
2072 1019 711
2073 803 404
2074 883 502
2075 1077 823
2076 827 432
2077 1057 782
2078 293 49
2079 192 21
2080 582 201
2081 968 625
2082 786 385
2083 1120 917
2084 1019 711
2085 519 158
2086 1075 818
2087 785 384
2088 1125 927
2089 717 314
2090 897 521
2091 1131 941
2092 1111 895
2093 717 314
2094 1037 744
2095 872 488
2096 948 594
2097 900 525
2098 919 551
2099 1117 908
2100 835 441
2101 752 349
2102 1060 788
2103 214 26
2104 484 137
2105 401 93
2106 1117 908
2107 622 231
2108 856 467
2109 606 219
2110 930 567
2111 942 585
2112 1104 879
2113 871 487
2114 1001 679
2115 1133 946
2116 1050 768
2117 1012 698
2118 623 232
2119 1113 899
2120 561 186
2121 1010 696
2122 1025 721
2123 472 130
2124 901 527
2125 1045 758
2126 655 258
2127 503 148
2128 577 197
2129 910 539
2130 528 164
2131 1091 851
2132 977 640
2133 244 34
2134 585 203
2135 860 472
2136 976 638
2137 197 22
2138 506 150
2139 1136 953
2140 1088 846
2141 934 573
2142 677 277
2143 188 20
2144 168 16
2145 1077 822
2146 787 386
2147 904 530
2148 651 255
2149 1090 850
2150 671 272
2151 1039 748
2152 593 209
2153 1153 997
2154 1037 743
2155 848 457
2156 504 149
2157 760 357
2158 577 197
2159 1061 790
2160 585 203
2161 1109 890
2162 639 245
2163 1060 787
2164 738 335
2165 188 20
2166 1022 716
2167 796 396
2168 812 414
2169 1138 960
2170 753 350
2171 864 477
2172 520 159
2173 1143 971
2174 720 317
2175 911 541
2176 899 523
2177 938 580
2178 572 194
2179 1060 787
2180 981 646
2181 825 430
2182 821 425
2183 743 340
2184 183 19
2185 627 235
2186 947 593
2187 133 10
2188 244 34
2189 997 673
2190 786 385
2191 1092 853
2192 226 29
2193 1002 681
2194 145 12
2195 506 150
2196 960 613
2197 725 322
2198 703 301
2199 1001 679
2200 1012 698
2201 1012 698
2202 606 219
2203 503 148
2204 1148 984
2205 609 221
2206 103 6
2207 278 44
2208 1068 803
2209 1003 683
2210 777 375
2211 310 55
2212 1133 947
2213 368 78
2214 1140 964
2215 560 185
2216 406 95
2217 560 185
2218 973 633
2219 1144 973
2220 745 342
2221 1115 905
2222 738 335
2223 474 131
2224 873 489
2225 940 583
2226 1006 688
2227 893 515
2228 709 307
2229 916 548
2230 755 352
2231 991 663
2232 840 448
2233 145 12
2234 1057 781
2235 719 316
2236 1154 1000
2237 527 163
2238 1074 816
2239 977 640
2240 542 173
2241 700 298
2242 948 594
2243 857 469
2244 996 672
2245 1101 874
2246 1045 759
2247 1153 996
2248 332 63
2249 791 391
2250 281 45
2251 979 643
2252 1012 698
2253 945 590
2254 775 373
2255 806 407
2256 410 97
2257 1073 814
2258 1151 993
2259 749 346
2260 1019 711
2261 964 619
2262 324 60
2263 326 61
2264 500 146
2265 956 606
2266 985 653
2267 971 630
2268 1066 799
2269 760 357
2270 989 659
2271 1130 940
2272 673 274
2273 1122 921
2274 1090 849
2275 970 629
2276 1137 956
2277 1098 866
2278 460 123
2279 889 510
2280 1152 994
2281 1031 733
2282 1125 927
2283 445 115
2284 845 453
2285 1092 854
2286 255 37
2287 644 249
2288 1095 860
2289 1084 837
2290 961 615
2291 1047 763
2292 606 219
2293 845 453
2294 1112 897
2295 625 234
2296 1088 846
2297 706 304
2298 903 529
2299 1021 715
2300 906 534
2301 586 204
2302 1121 919
2303 1153 997
2304 377 82
2305 866 480
2306 895 518
2307 705 303
2308 806 407
2309 846 455
2310 885 505
2311 307 54
2312 1145 977
2313 585 203
2314 901 526
2315 145 12
2316 495 143
2317 942 586
2318 961 614
2319 861 474
2320 1071 810
2321 894 517
2322 937 578
2323 307 54
2324 888 509
2325 893 515
2326 1049 767
2327 965 621
2328 923 558
2329 537 170
2330 979 643
2331 1075 818
2332 139 11
2333 600 214
2334 598 213
2335 1106 884
2336 1027 726
2337 1045 759
2338 1135 952
2339 887 508
2340 293 49
2341 924 559
2342 1006 688
2343 954 604
2344 868 482
2345 42 1
2346 594 210
2347 1046 760
2348 972 632
2349 893 515
2350 987 656
2351 1154 1000
2352 674 275
2353 980 644
2354 562 187
2355 928 564
2356 813 415
2357 729 326
2358 1081 830
2359 493 142
2360 861 473
2361 1048 764
2362 471 129
2363 1026 723
2364 982 648
2365 1088 845
2366 73 3
2367 1046 761
2368 781 380
2369 520 159
2370 520 159
2371 583 202
2372 1105 882
2373 817 420
2374 352 71
2375 546 176
2376 895 518
2377 570 192
2378 943 587
2379 1085 838
2380 265 40
2381 1138 960
2382 750 347
2383 1113 901
2384 901 527
2385 887 507
2386 930 568
2387 830 435
2388 623 232
2389 554 181
2390 820 423
2391 845 453
2392 438 111
2393 956 607
2394 917 549
2395 971 630
2396 1091 851
2397 807 408
2398 1109 891
2399 1120 917
2400 1141 966
2401 753 350
2402 616 227
2403 1030 731
2404 899 523
2405 1106 885
2406 290 48
2407 700 298
2408 1103 878
2409 929 566
2410 561 186
2411 451 118
2412 111 7
2413 967 624
2414 986 655
2415 371 79
2416 976 638
2417 73 3
2418 881 499
2419 999 677
2420 1046 760
2421 1086 840
2422 946 592
2423 537 170
2424 483 136
2425 835 441
2426 1085 838
2427 474 131
2428 1092 854
2429 368 78
2430 1130 940
2431 769 367
2432 1072 811
2433 600 214
2434 1052 772
2435 418 101
2436 861 474
2437 835 441
2438 801 402
2439 1149 986
2440 699 297
2441 818 421
2442 888 509
2443 807 408
2444 1092 853
2445 939 581
2446 811 413
2447 1062 792
2448 914 545
2449 1030 731
2450 708 306
2451 210 25
2452 495 143
2453 991 662
2454 766 363
2455 1018 709
2456 1143 972
2457 1127 932
2458 984 652
2459 998 674
2460 424 104
2461 1046 761
2462 578 198
2463 769 367
2464 539 171
2465 961 614
2466 948 594
2467 1136 954
2468 983 649
2469 788 387
2470 966 622
2471 1006 688
2472 745 342
2473 1017 708
2474 871 486
2475 1092 853
2476 1140 963
2477 630 238
2478 1152 995
2479 884 503
2480 871 486
2481 1102 875
2482 1037 743
2483 865 479
2484 728 325
2485 691 290
2486 738 335
2487 972 631
2488 789 388
2489 846 455
2490 1062 791
2491 710 308
2492 786 385
2493 878 496
2494 1115 905
2495 911 541
2496 1053 774
2497 966 622
2498 640 246
2499 879 497
2500 1045 759
2501 671 272
2502 1136 954
2503 491 141
2504 799 399
2505 1126 931
2506 802 403
2507 1017 707
2508 859 471
2509 399 92
2510 616 227
2511 938 580
2512 1085 839
2513 1079 827
2514 1112 897
2515 1041 751
2516 549 178
2517 484 137
2518 460 123
2519 1110 894
2520 745 342
2521 926 562
2522 1053 775
2523 201 23
2524 786 385
2525 1035 740
2526 775 373
2527 1122 921
2528 1073 813
2529 1134 950
2530 1096 862
2531 1101 874
2532 145 12
2533 1112 897
2534 332 63
2535 777 375
2536 964 619
2537 1051 770
2538 1107 886
2539 597 212
2540 551 179
2541 1147 981
2542 627 235
2543 1001 679
2544 780 379
2545 1083 835
2546 908 536
2547 672 273
2548 777 375
2549 647 252
2550 484 137
2551 875 492
2552 1039 748
2553 985 653
2554 970 629
2555 1144 973
2556 623 232
2557 910 539
2558 909 538
2559 1087 843
2560 991 662
2561 436 110
2562 1117 908
2563 852 462
2564 391 88
2565 745 342
2566 506 150
2567 1070 808
2568 875 491
2569 885 505
2570 567 190
2571 568 191
2572 986 654
2573 1116 906
2574 944 589
2575 592 208
2576 749 346
2577 927 563
2578 989 660
2579 449 117
2580 794 394
2581 516 156
2582 1111 896
2583 1078 824
2584 1060 788
2585 925 560
2586 406 95
2587 1150 989
2588 696 295
2589 1070 807
2590 1115 904
2591 527 163
2592 1012 699
2593 1027 726
2594 557 183
2595 321 59
2596 574 195
2597 778 376
2598 1057 781
2599 865 479
2600 960 613
2601 1046 760
2602 1076 819
2603 844 452
2604 778 376
2605 432 108
2606 1070 808
2607 633 240
2608 1080 828
2609 1120 915
2610 961 614
2611 904 531
2612 894 517
2613 632 239
2614 1126 929
2615 842 450
2616 1093 856
2617 1068 804
2618 641 247
2619 730 327
2620 869 484
2621 506 150
2622 1122 920
2623 1002 682
2624 915 546
2625 805 406
2626 403 94
2627 458 122
2628 1004 685
2629 1023 718
2630 640 246
2631 881 500
2632 836 442
2633 1096 863
2634 1153 997
2635 1095 859
2636 992 665
2637 443 114
2638 1088 844
2639 1092 853
2640 1016 705
2641 710 308
2642 432 108
2643 735 332
2644 705 303
2645 986 655
2646 886 506
2647 428 106
2648 1151 991
2649 1131 943
2650 809 411
2651 954 603
2652 1151 993
2653 780 378
2654 841 449
2655 1107 886
2656 767 365
2657 746 343
2658 780 379
2659 188 20
2660 1077 823
2661 1096 863
2662 1066 800
2663 545 175
2664 910 539
2665 705 303
2666 980 645
2667 959 612
2668 983 649
2669 1152 995
2670 337 65
2671 1075 817
2672 1067 802
2673 188 20
2674 522 160
2675 961 615
2676 613 224
2677 910 539
2678 629 237
2679 853 464
2680 1042 753
2681 139 11
2682 1022 717
2683 456 121
2684 767 365
2685 664 266
2686 1142 970
2687 879 497
2688 1123 923
2689 641 247
2690 991 662
2691 496 144
2692 738 335
2693 1150 989
2694 954 603
2695 237 32
2696 1058 783
2697 722 319
2698 1059 785
2699 388 87
2700 168 16
2701 1082 833
2702 1093 856
2703 428 106
2704 760 357
2705 434 109
2706 1011 697
2707 998 675
2708 592 208
2709 1116 907
2710 522 160
2711 727 324
2712 371 79
2713 738 335
2714 1113 900
2715 973 633
2716 754 351
2717 1053 774
2718 685 285
2719 244 34
2720 810 412
2721 469 128
2722 752 349
2723 1150 989
2724 951 599
2725 871 487
2726 730 327
2727 334 64
2728 588 205
2729 1107 886
2730 299 51
2731 1153 996
2732 890 511
2733 1091 851
2734 769 367
2735 855 466
2736 84 4
2737 858 470
2738 659 262
2739 915 546
2740 791 391
2741 935 575
2742 1099 869
2743 349 70
2744 730 327
2745 1090 850
2746 1093 856
2747 490 140
2748 1122 921
2749 687 286
2750 1054 777
2751 1108 889
2752 747 344
2753 1097 865
2754 1115 905
2755 1065 797
2756 349 70
2757 744 341
2758 831 437
2759 542 173
2760 730 327
2761 1027 726
2762 1094 857
2763 803 404
2764 844 452
2765 1047 762
2766 1046 760
2767 747 344
2768 449 117
2769 896 519
2770 841 449
2771 788 387
2772 950 598
2773 1049 767
2774 361 75
2775 853 463
2776 717 314
2777 1069 806
2778 1034 738
2779 1078 824
2780 904 531
2781 1047 762
2782 695 294
2783 768 366
2784 1111 895
2785 978 642
2786 734 331
2787 800 400
2788 1153 996
2789 706 304
2790 596 211
2791 42 1
2792 432 108
2793 895 518
2794 384 85
2795 703 301
2796 897 521
2797 959 612
2798 356 73
2799 399 92
2800 1119 914
2801 1111 896
2802 472 130
2803 877 494
2804 927 563
2805 1095 859
2806 717 314
2807 1144 974
2808 634 241
2809 1059 786
2810 731 328
2811 1001 679
2812 1021 715
2813 514 155
2814 1153 997
2815 973 633
2816 932 570
2817 1043 755
2818 716 313
2819 1035 740
2820 925 561
2821 258 38
2822 501 147
2823 1112 898
2824 1099 869
2825 784 383
2826 1027 726
2827 925 561
2828 744 341
2829 1051 770
2830 1106 884
2831 1118 911
2832 968 626
2833 724 321
2834 813 415
2835 735 332
2836 558 184
2837 1123 924
2838 682 282
2839 1123 922
2840 875 491
2841 981 647
2842 959 612
2843 662 264
2844 472 130
2845 966 623
2846 759 356
2847 942 586
2848 769 367
2849 1124 925
2850 463 125
2851 1136 954
2852 944 589
2853 1020 713
2854 596 211
2855 898 522
2856 1020 712
2857 1144 975
2858 881 500
2859 738 335
2860 1062 792
2861 911 541
2862 534 168
2863 972 631
2864 1080 829
2865 988 658
2866 988 657
2867 916 547
2868 998 675
2869 1108 888
2870 139 11
2871 811 413
2872 785 384
2873 139 11
2874 965 620
2875 927 563
2876 663 265
2877 866 480
2878 1080 829
2879 1123 922
2880 1033 736
2881 895 518
2882 1110 894
2883 916 547
2884 424 104
2885 1058 783
2886 1022 717
2887 739 336
2888 669 270
2889 784 383
2890 670 271
2891 1023 719
2892 339 66
2893 666 268
2894 1140 965
2895 1085 838
2896 248 35
2897 759 356
2898 1129 937
2899 1106 885
2900 630 238
2901 653 257
2902 876 493
2903 436 110
2904 1118 912
2905 1062 792
2906 1105 882
2907 890 512
2908 1049 766
2909 1150 988
2910 729 326
2911 901 527
2912 887 508
2913 1066 799
2914 1088 844
2915 851 461
2916 886 506
2917 59 2
2918 1070 808
2919 999 676
2920 1135 952
2921 847 456
2922 483 136
2923 498 145
2924 596 211
2925 630 238
2926 862 475
2927 458 122
2928 1113 901
2929 255 37
2930 944 589
2931 827 432
2932 1037 744
2933 1065 798
2934 604 217
2935 695 294
2936 585 203
2937 844 452
2938 1065 797
2939 784 383
2940 674 275
2941 1027 725
2942 861 473
2943 1030 731
2944 964 619
2945 1097 865
2946 679 279
2947 780 378
2948 145 12
2949 724 321
2950 278 44
2951 825 430
2952 1069 805
2953 534 168
2954 151 13
2955 1073 813
2956 139 11
2957 1065 797
2958 954 603
2959 226 29
2960 1151 993
2961 111 7
2962 853 463
2963 704 302
2964 681 281
2965 1032 735
2966 197 22
2967 849 459
2968 873 489
2969 699 297
2970 882 501
2971 373 80
2972 611 223
2973 583 202
2974 1088 845
2975 894 517
2976 1124 925
2977 862 475
2978 1132 944
2979 920 553
2980 760 357
2981 1110 892
2982 456 121
2983 1005 687
2984 803 404
2985 867 481
2986 1142 968
2987 1091 852
2988 636 243
2989 558 184
2990 1076 819
2991 871 486
2992 861 473
2993 471 129
2994 230 30
2995 805 406
2996 958 610
2997 1140 964
2998 1072 811
2999 1138 958
3000 794 394
3001 197 22
3002 458 122
3003 1072 812
3004 486 138
3005 1072 811
3006 1012 698
3007 1134 949
3008 842 450
3009 894 517
3010 694 293
3011 849 458
3012 984 652
3013 1003 683
3014 1006 688
3015 864 477
3016 481 135
3017 549 178
3018 930 567
3019 789 388
3020 644 249
3021 1104 880
3022 629 237
3023 970 629
3024 1034 739
3025 1068 803
3026 808 410
3027 652 256
3028 548 177
3029 347 69
3030 625 234
3031 957 608
3032 371 79
3033 460 123
3034 1076 820
3035 885 505
3036 222 28
3037 604 217
3038 1089 848
3039 596 211
3040 780 378
3041 579 199
3042 967 624
3043 609 221
3044 726 323
3045 986 654
3046 820 423
3047 915 546
3048 577 197
3049 916 547
3050 781 380
3051 820 423
3052 924 559
3053 414 99
3054 633 240
3055 983 650
3056 548 177
3057 658 261
3058 766 363
3059 965 620
3060 601 215
3061 709 307
3062 605 218
3063 1141 967
3064 981 647
3065 1122 920
3066 607 220
3067 914 545
3068 888 509
3069 458 122
3070 806 407
3071 1093 855
3072 818 421
3073 885 505
3074 1074 815
3075 655 258
3076 484 137
3077 578 198
3078 834 440
3079 1061 789
3080 1049 766
3081 416 100
3082 600 214
3083 1026 724
3084 975 636
3085 1055 778
3086 574 195
3087 588 205
3088 1034 738
3089 865 479
3090 828 433
3091 500 146
3092 449 117
3093 657 260
3094 862 475
3095 818 421
3096 1075 817
3097 1088 845
3098 1097 864
3099 862 475
3100 956 606
3101 914 544
3102 570 192
3103 992 665
3104 1150 988
3105 1068 803
3106 278 44
3107 560 185
3108 590 207
3109 1112 897
3110 947 593
3111 226 29
3112 904 531
3113 776 374
3114 782 381
3115 741 338
3116 373 80
3117 871 486
3118 884 504
3119 1001 679
3120 600 214
3121 909 537
3122 1048 764
3123 1113 899
3124 318 58
3125 909 538
3126 1120 917
3127 936 577
3128 601 215
3129 942 586
3130 625 234
3131 1118 911
3132 434 109
3133 800 401
3134 268 41
3135 874 490
3136 776 374
3137 1081 830
3138 695 294
3139 606 219
3140 989 659
3141 241 33
3142 638 244
3143 975 636
3144 998 674
3145 901 527
3146 441 113
3147 921 555
3148 1064 795
3149 1150 990
3150 368 78
3151 1077 822
3152 865 478
3153 857 468
3154 1080 829
3155 281 45
3156 713 310
3157 954 603
3158 1126 929
3159 616 227
3160 890 512
3161 1115 904
3162 373 80
3163 711 309
3164 922 556
3165 660 263
3166 302 52
3167 896 520
3168 849 458
3169 814 416
3170 950 597
3171 995 670
3172 805 406
3173 1124 925
3174 1066 800
3175 904 530
3176 554 181
3177 1119 913
3178 1017 707
3179 630 238
3180 1022 717
3181 690 289
3182 729 326
3183 1088 844
3184 408 96
3185 1032 734
3186 765 362
3187 673 274
3188 897 521
3189 1046 761
3190 1137 957
3191 893 515
3192 869 484
3193 703 301
3194 844 452
3195 434 109
3196 1016 706
3197 1046 761
3198 957 608
3199 639 245
3200 359 74
3201 73 3
3202 992 665
3203 540 172
3204 942 585
3205 923 557
3206 985 653
3207 598 213
3208 1012 698
3209 921 554
3210 441 113
3211 959 612
3212 519 158
3213 1136 953
3214 420 102
3215 896 520
3216 1009 693
3217 653 257
3218 598 213
3219 764 361
3220 183 19
3221 1152 995
3222 361 75
3223 868 482
3224 248 35
3225 656 259
3226 720 317
3227 1001 679
3228 287 47
3229 930 567
3230 1113 900
3231 168 16
3232 1077 821
3233 950 597
3234 765 362
3235 1130 940
3236 1139 962
3237 1006 689
3238 916 547
3239 819 422
3240 1026 723
3241 911 540
3242 882 501
3243 1079 827
3244 762 359
3245 491 141
3246 896 519
3247 1071 809
3248 1005 686
3249 766 364
3250 517 157
3251 59 2
3252 597 212
3253 1082 833
3254 615 226
3255 1014 702
3256 871 486
3257 484 137
3258 1047 763
3259 1127 932
3260 1068 803
3261 614 225
3262 830 435
3263 861 473
3264 718 315
3265 1015 704
3266 1071 809
3267 1103 878
3268 836 443
3269 548 177
3270 271 42
3271 895 518
3272 622 231
3273 230 30
3274 192 21
3275 677 277
3276 103 6
3277 1134 950
3278 822 426
3279 1033 737
3280 898 522
3281 1151 991
3282 1123 922
3283 1140 965
3284 710 308
3285 1051 771
3286 993 666
3287 707 305
3288 709 307
3289 622 231
3290 1148 983
3291 836 442
3292 1092 854
3293 762 359
3294 717 314
3295 1104 880
3296 1080 829
3297 1072 811
3298 727 324
3299 993 666
3300 984 651
3301 790 389
3302 701 299
3303 989 659
3304 258 38
3305 814 416
3306 989 659
3307 534 168
3308 658 261
3309 993 666
3310 1147 982
3311 698 296
3312 1108 888
3313 892 514
3314 552 180
3315 271 42
3316 84 4
3317 921 554
3318 1090 850
3319 484 137
3320 1153 996
3321 588 205
3322 533 167
3323 636 243
3324 1001 680
3325 244 34
3326 787 386
3327 1027 725
3328 1136 953
3329 386 86
3330 1048 765
3331 1006 688
3332 958 610
3333 805 406
3334 552 180
3335 371 79
3336 652 256
3337 594 210
3338 329 62
3339 1081 830
3340 1068 803
3341 749 346
3342 993 666
3343 399 92
3344 472 130
3345 1022 717
3346 1149 987
3347 210 25
3348 725 322
3349 1052 772
3350 906 533
3351 1115 904
3352 1148 984
3353 665 267
3354 588 205
3355 1049 766
3356 1011 697
3357 996 672
3358 910 539
3359 1151 992
3360 624 233
3361 886 506
3362 943 587
3363 1015 704
3364 925 560
3365 772 370
3366 1010 695
3367 1029 729
3368 1107 886
3369 782 381
3370 1096 862
3371 753 350
3372 237 32
3373 481 135
3374 1033 736
3375 197 22
3376 1148 984
3377 1093 856
3378 763 360
3379 561 186
3380 820 424
3381 998 675
3382 902 528
3383 928 565
3384 1125 927
3385 772 370
3386 799 399
3387 1043 755
3388 829 434
3389 701 299
3390 368 78
3391 549 178
3392 636 243
3393 1140 965
3394 103 6
3395 1060 787
3396 805 406
3397 1043 755
3398 248 35
3399 375 81
3400 1036 742
3401 1019 711
3402 1064 795
3403 439 112
3404 1130 940
3405 992 664
3406 1154 1000
3407 1093 855
3408 439 112
3409 278 44
3410 1108 889
3411 825 430
3412 782 381
3413 630 238
3414 1039 748
3415 698 296
3416 920 553
3417 1028 728
3418 1041 751
3419 500 146
3420 1149 986
3421 1038 745
3422 1136 953
3423 1145 977
3424 978 641
3425 624 233
3426 630 238
3427 679 279
3428 1133 946
3429 557 183
3430 1135 952
3431 913 543
3432 808 410
3433 958 610
3434 783 382
3435 1140 964
3436 826 431
3437 710 308
3438 592 208
3439 995 669
3440 183 19
3441 641 247
3442 391 88
3443 911 540
3444 1011 697
3445 503 148
3446 733 330
3447 126 9
3448 157 14
3449 388 87
3450 1035 740
3451 414 99
3452 168 16
3453 647 252
3454 839 446
3455 1154 999
3456 904 530
3457 1106 884
3458 562 187
3459 589 206
3460 995 670
3461 1148 984
3462 798 398
3463 875 491
3464 930 568
3465 302 52
3466 970 629
3467 443 114
3468 1025 721
3469 760 357
3470 1086 841
3471 998 674
3472 855 466
3473 397 91
3474 1106 883
3475 596 211
3476 994 668
3477 310 55
3478 1111 896
3479 570 192
3480 1141 966
3481 103 6
3482 567 190
3483 1153 998
3484 839 446
3485 881 499
3486 1004 684
3487 893 515
3488 737 334
3489 483 136
3490 888 509
3491 310 55
3492 1041 752
3493 1057 781
3494 911 541
3495 888 509
3496 988 658
3497 1096 863
3498 1109 890
3499 943 587
3500 636 243
3501 1063 794
3502 1060 787
3503 1048 765
3504 1091 851
3505 1001 679
3506 1031 732
3507 554 181
3508 1027 726
3509 368 78
3510 930 568
3511 578 198
3512 1067 801
3513 324 60
3514 900 525
3515 139 11
3516 932 571
3517 877 494
3518 881 499
3519 1131 941
3520 975 637
3521 710 308
3522 463 125
3523 133 10
3524 963 618
3525 853 463
3526 685 285
3527 912 542
3528 233 31
3529 1025 722
3530 734 331
3531 944 589
3532 430 107
3533 1130 939
3534 951 599
3535 852 462
3536 1041 752
3537 1003 683
3538 801 402
3539 210 25
3540 1122 920
3541 861 474
3542 942 585
3543 992 665
3544 1033 736
3545 1136 955
3546 426 105
3547 1143 971
3548 935 575
3549 197 22
3550 816 419
3551 900 525
3552 545 175
3553 168 16
3554 293 49
3555 924 559
3556 1076 819
3557 447 116
3558 981 647
3559 989 660
3560 1062 791
3561 384 85
3562 780 378
3563 500 146
3564 1083 835
3565 1016 705
3566 693 292
3567 804 405
3568 558 184
3569 1104 879
3570 1065 797
3571 438 111
3572 872 488
3573 779 377
3574 709 307
3575 974 635
3576 786 385
3577 574 195
3578 1021 715
3579 304 53
3580 551 179
3581 756 353
3582 752 349
3583 701 299
3584 1117 909
3585 1123 924
3586 574 195
3587 991 662
3588 816 419
3589 1018 709
3590 925 561
3591 1038 745
3592 458 122
3593 992 664
3594 1134 950
3595 689 288
3596 1012 698
3597 855 466
3598 909 538
3599 318 58
3600 1140 963
3601 1047 763
3602 728 325
3603 680 280
3604 439 112
3605 1130 940
3606 650 254
3607 788 387
3608 929 566
3609 178 18
3610 1139 961
3611 867 481
3612 667 269
3613 614 225
3614 730 327
3615 1131 943
3616 1084 837
3617 853 464
3618 998 674
3619 770 368
3620 1042 754
3621 881 499
3622 782 381
3623 364 76
3624 988 657
3625 1047 763
3626 777 375
3627 524 161
3628 731 328
3629 496 144
3630 1105 881
3631 783 382
3632 1090 849
3633 1142 968
3634 574 195
3635 1119 914
3636 768 366
3637 1137 956
3638 1126 930
3639 484 137
3640 420 102
3641 644 249
3642 304 53
3643 832 438
3644 479 134
3645 364 76
3646 583 202
3647 513 154
3648 571 193
3649 985 653
3650 151 13
3651 596 211
3652 1128 936
3653 751 348
3654 1067 802
3655 1057 781
3656 932 570
3657 746 343
3658 667 269
3659 789 388
3660 864 477
3661 571 193
3662 1042 753
3663 332 63
3664 998 674
3665 1130 940
3666 577 197
3667 508 151
3668 881 500
3669 853 464
3670 408 96
3671 980 645
3672 410 97
3673 316 57
3674 1140 965
3675 871 486
3676 601 215
3677 503 148
3678 1070 807
3679 1063 794
3680 1086 840
3681 973 633
3682 1009 694
3683 456 121
3684 386 86
3685 880 498
3686 698 296
3687 989 660
3688 557 183
3689 861 474
3690 426 105
3691 316 57
3692 1067 801
3693 1121 919
3694 605 218
3695 991 663
3696 713 310
3697 983 649
3698 752 349
3699 554 181
3700 1136 953
3701 1062 792
3702 761 358
3703 878 495
3704 601 215
3705 1001 680
3706 742 339
3707 441 113
3708 1041 751
3709 914 544
3710 1040 749
3711 1033 737
3712 942 586
3713 479 134
3714 565 189
3715 814 416
3716 815 418
3717 447 116
3718 846 455
3719 891 513
3720 1103 878
3721 1128 934
3722 779 377
3723 593 209
3724 503 148
3725 1105 881
3726 607 220
3727 995 669
3728 1000 678
3729 782 381
3730 244 34
3731 543 174
3732 990 661
3733 887 508
3734 669 270
3735 1077 823
3736 633 240
3737 715 312
3738 940 582
3739 598 213
3740 620 230
3741 592 208
3742 540 172
3743 825 430
3744 1014 703
3745 361 75
3746 996 672
3747 318 58
3748 640 246
3749 635 242
3750 951 599
3751 999 677
3752 861 473
3753 1083 834
3754 754 351
3755 1012 698
3756 533 167
3757 1062 791
3758 265 40
3759 1074 816
3760 1108 888
3761 1123 922
3762 1076 819
3763 848 457
3764 931 569
3765 447 116
3766 506 150
3767 1023 718
3768 711 309
3769 755 352
3770 906 534
3771 899 523
3772 1150 988
3773 850 460
3774 959 612
3775 663 265
3776 453 119
3777 878 496
3778 633 240
3779 451 118
3780 1108 889
3781 432 108
3782 755 352
3783 620 230
3784 769 367
3785 737 334
3786 1129 937
3787 845 453
3788 1078 824
3789 793 393
3790 1052 772
3791 725 322
3792 776 374
3793 1104 879
3794 909 538
3795 659 262
3796 904 531
3797 1132 944
3798 763 360
3799 549 178
3800 1099 868
3801 807 408
3802 416 100
3803 1146 980
3804 983 649
3805 503 148
3806 1009 693
3807 829 434
3808 855 466
3809 797 397
3810 258 38
3811 399 92
3812 1116 907
3813 718 315
3814 773 371
3815 329 62
3816 391 88
3817 1067 802
3818 210 25
3819 527 163
3820 210 25
3821 1054 776
3822 717 314
3823 380 83
3824 924 559
3825 735 332
3826 1074 815
3827 876 493
3828 447 116
3829 1024 720
3830 1083 835
3831 1009 693
3832 966 623
3833 1058 784
3834 230 30
3835 890 511
3836 577 197
3837 763 360
3838 890 511
3839 126 9
3840 1037 744
3841 874 490
3842 1046 761
3843 344 68
3844 476 132
3845 999 677
3846 1005 686
3847 954 603
3848 1095 860
3849 307 54
3850 906 534
3851 1076 819
3852 337 65
3853 948 594
3854 958 609
3855 1142 969
3856 1072 811
3857 268 41
3858 996 672
3859 555 182
3860 1036 741
3861 811 413
3862 981 647
3863 995 670
3864 658 261
3865 952 600
3866 832 438
3867 1146 979
3868 821 425
3869 748 345
3870 683 283
3871 669 270
3872 572 194
3873 1096 863
3874 919 552
3875 976 639
3876 364 76
3877 445 115
3878 773 371
3879 991 663
3880 382 84
3881 973 634
3882 967 624
3883 857 469
3884 558 184
3885 793 393
3886 1071 809
3887 1117 909
3888 1129 938
3889 930 567
3890 695 294
3891 874 490
3892 818 421
3893 923 557
3894 990 661
3895 825 429
3896 790 389
3897 1041 752
3898 428 106
3899 926 562
3900 299 51
3901 519 158
3902 1081 831
3903 822 426
3904 481 135
3905 922 556
3906 1147 981
3907 1017 707
3908 830 435
3909 1061 790
3910 1016 705
3911 973 633
3912 776 374
3913 622 231
3914 1045 759
3915 690 289
3916 1144 974
3917 1017 707
3918 1042 754
3919 334 64
3920 188 20
3921 1133 948
3922 428 106
3923 738 335
3924 1137 956
3925 525 162
3926 1120 915
3927 1146 978
3928 1002 681
3929 997 673
3930 1052 772
3931 299 51
3932 694 293
3933 307 54
3934 639 245
3935 701 299
3936 713 310
3937 1012 698
3938 1100 871
3939 682 282
3940 780 378
3941 1044 757
3942 715 312
3943 1115 905
3944 1072 812
3945 474 131
3946 1091 852
3947 422 103
3948 606 219
3949 1142 970
3950 647 252
3951 996 672
3952 997 673
3953 318 58
3954 983 650
3955 533 167
3956 513 154
3957 843 451
3958 892 514
3959 1022 717
3960 973 633
3961 700 298
3962 1116 907
3963 438 111
3964 797 397
3965 585 203
3966 562 187
3967 974 635
3968 653 257
3969 162 15
3970 976 638
3971 978 642
3972 935 575
3973 680 280
3974 408 96
3975 957 608
3976 887 508
3977 534 168
3978 923 557
3979 406 95
3980 467 127
3981 667 269
3982 233 31
3983 1045 759
3984 808 410
3985 799 399
3986 581 200
3987 548 177
3988 777 375
3989 313 56
3990 1026 723
3991 258 38
3992 551 179
3993 59 2
3994 688 287
3995 850 460
3996 790 389
3997 1022 716
3998 1087 843
3999 1115 905
4000 1104 879
4001 790 389
4002 321 59
4003 767 365
4004 586 204
4005 769 367
4006 716 313
4007 222 28
4008 1062 792
4009 694 293
4010 1056 780
4011 793 393
4012 1152 995
4013 1110 892
4014 1113 900
4015 1068 804
4016 368 78
4017 975 637
4018 849 459
4019 911 540
4020 742 339
4021 1105 881
4022 831 437
4023 1140 965
4024 1037 744
4025 927 563
4026 570 192
4027 1113 899
4028 1084 836
4029 471 129
4030 628 236
4031 876 493
4032 546 176
4033 1056 779
4034 476 132
4035 178 18
4036 925 560
4037 1063 794
4038 734 331
4039 1150 990
4040 1058 783
4041 749 346
4042 919 551
4043 956 606
4044 1141 966
4045 1141 967
4046 536 169
4047 966 623
4048 416 100
4049 932 571
4050 299 51
4051 802 403
4052 918 550
4053 858 470
4054 522 160
4055 445 115
4056 931 569
4057 1039 748
4058 839 446
4059 192 21
4060 815 418
4061 656 259
4062 533 167
4063 966 623
4064 1044 757
4065 548 177
4066 1095 859
4067 126 9
4068 943 587
4069 1148 985
4070 1077 822
4071 422 103
4072 1097 865
4073 930 567
4074 119 8
4075 1150 988
4076 1074 815
4077 714 311
4078 1010 696
4079 930 568
4080 1124 926
4081 873 489
4082 290 48
4083 299 51
4084 1126 929
4085 799 399
4086 564 188
4087 1144 975
4088 1127 932
4089 517 157
4090 655 258
4091 316 57
4092 853 464
4093 1093 856
4094 1109 890
4095 1023 719
4096 1004 684
4097 568 191
4098 1036 742
4099 299 51
4100 1140 965
4101 797 397
4102 299 51
4103 578 198
4104 230 30
4105 188 20
4106 506 150
4107 281 45
4108 1108 888
4109 1016 706
4110 354 72
4111 1077 823
4112 1140 963
4113 961 615
4114 898 522
4115 995 669
4116 983 650
4117 760 357
4118 1075 817
4119 680 280
4120 816 419
4121 845 454
4122 594 210
4123 543 174
4124 416 100
4125 978 641
4126 1150 990
4127 928 565
4128 896 519
4129 543 174
4130 1037 743
4131 945 590
4132 307 54
4133 675 276
4134 867 481
4135 893 515
4136 901 527
4137 1067 801
4138 1129 937
4139 1148 984
4140 313 56
4141 1126 930
4142 1086 841
4143 565 189
4144 397 91
4145 1009 694
4146 1020 713
4147 1148 985
4148 1136 955
4149 545 175
4150 310 55
4151 814 416
4152 588 205
4153 1070 808
4154 840 448
4155 1147 982
4156 925 560
4157 871 487
4158 905 532
4159 780 378
4160 1008 692
4161 789 388
4162 577 197
4163 795 395
4164 1144 974
4165 1101 872
4166 807 408
4167 961 614
4168 1030 730
4169 1077 823
4170 536 169
4171 999 677
4172 907 535
4173 504 149
4174 674 275
4175 1089 848
4176 768 366
4177 1117 908
4178 981 646
4179 168 16
4180 674 275
4181 781 380
4182 1134 950
4183 1057 782
4184 583 202
4185 1046 761
4186 874 490
4187 534 168
4188 594 210
4189 1097 865
4190 749 346
4191 1113 900
4192 960 613
4193 583 202
4194 1132 944
4195 893 515
4196 1117 910
4197 770 368
4198 1125 927
4199 1032 735
4200 1119 913
4201 916 548
4202 1100 871
4203 1013 700
4204 658 261
4205 463 125
4206 986 654
4207 968 626
4208 619 229
4209 943 587
4210 901 527
4211 992 664
4212 849 458
4213 981 646
4214 1053 775
4215 1116 907
4216 1075 818
4217 1091 851
4218 359 74
4219 344 68
4220 1146 980
4221 1141 967
4222 549 178
4223 950 597
4224 672 273
4225 1086 841
4226 866 480
4227 736 333
4228 344 68
4229 1143 972
4230 408 96
4231 555 182
4232 296 50
4233 765 362
4234 1129 937
4235 857 469
4236 627 235
4237 375 81
4238 932 570
4239 1149 986
4240 519 158
4241 316 57
4242 912 542
4243 802 403
4244 992 664
4245 970 628
4246 1128 936
4247 685 285
4248 934 573
4249 639 245
4250 769 367
4251 474 131
4252 928 565
4253 1122 921
4254 734 331
4255 1123 924
4256 623 232
4257 1041 752
4258 588 205
4259 1015 704
4260 1123 922
4261 1120 916
4262 361 75
4263 514 155
4264 951 599
4265 168 16
4266 1151 993
4267 426 105
4268 820 423
4269 828 433
4270 1033 736
4271 1015 704
4272 1076 819
4273 763 360
4274 717 314
4275 424 104
4276 1103 877
4277 465 126
4278 1149 987
4279 1057 781
4280 503 148
4281 945 590
4282 897 521
4283 816 419
4284 831 437
4285 784 383
4286 1009 693
4287 293 49
4288 749 346
4289 820 423
4290 800 400
4291 1085 838
4292 453 119
4293 1054 776
4294 436 110
4295 1023 719
4296 632 239
4297 619 229
4298 598 213
4299 1005 686
4300 1126 931
4301 1110 893
4302 1045 758
4303 416 100
4304 983 650
4305 840 447
4306 683 283
4307 1058 783
4308 673 274
4309 1095 860
4310 1135 951
4311 905 532
4312 326 61
4313 1054 776
4314 764 361
4315 1088 846
4316 1048 764
4317 1006 689
4318 962 616
4319 638 244
4320 533 167
4321 1147 982
4322 1154 999
4323 713 310
4324 1021 714
4325 1132 944
4326 926 562
4327 424 104
4328 1079 826
4329 1140 963
4330 453 119
4331 695 294
4332 1027 725
4333 1117 910
4334 1081 830
4335 555 182
4336 960 613
4337 1138 958
4338 1011 697
4339 652 256
4340 504 149
4341 799 399
4342 597 212
4343 936 576
4344 915 546
4345 1136 955
4346 894 517
4347 836 442
4348 983 650
4349 890 511
4350 759 356
4351 825 429
4352 992 664
4353 911 541
4354 416 100
4355 1020 713
4356 658 261
4357 1080 828
4358 987 656
4359 1066 800
4360 957 608
4361 915 546
4362 805 406
4363 581 200
4364 1148 983
4365 983 650
4366 966 623
4367 307 54
4368 1051 771
4369 639 245
4370 803 404
4371 1076 820
4372 896 520
4373 434 109
4374 772 370
4375 1106 883
4376 524 161
4377 1052 773
4378 1107 887
4379 1105 881
4380 1104 880
4381 948 594
4382 1055 778
4383 503 148
4384 248 35
4385 666 268
4386 1065 798
4387 917 549
4388 1070 808
4389 504 149
4390 784 383
4391 1032 734
4392 983 649
4393 1020 712
4394 725 322
4395 665 267
4396 689 288
4397 998 675
4398 841 449
4399 628 236
4400 1095 860
4401 1031 733
4402 366 77
4403 210 25
4404 681 281
4405 723 320
4406 1136 953
4407 844 452
4408 727 324
4409 1148 983
4410 694 293
4411 892 514
4412 970 628
4413 1078 825
4414 205 24
4415 904 530
4416 655 258
4417 586 204
4418 1124 925
4419 758 355
4420 1071 809
4421 655 258
4422 995 670
4423 868 482
4424 678 278
4425 961 614
4426 218 27
4427 210 25
4428 509 152
4429 1148 983
4430 789 388
4431 914 545
4432 1151 993
4433 759 356
4434 861 474
4435 471 129
4436 898 522
4437 1005 686
4438 271 42
4439 734 331
4440 664 266
4441 1063 794
4442 456 121
4443 1022 717
4444 834 440
4445 585 203
4446 747 344
4447 831 437
4448 824 428
4449 596 211
4450 456 121
4451 462 124
4452 988 657
4453 655 258
4454 679 279
4455 251 36
4456 1124 925
4457 255 37
4458 1034 738
4459 983 650
4460 1037 743
4461 671 272
4462 671 272
4463 943 587
4464 847 456
4465 1039 748
4466 491 141
4467 842 450
4468 1094 858
4469 548 177
4470 927 563
4471 778 376
4472 788 387
4473 949 596
4474 842 450
4475 1071 810
4476 321 59
4477 1034 738
4478 690 289
4479 991 663
4480 1054 777
4481 1120 915
4482 1149 986
4483 1111 895
4484 1050 769
4485 1118 911
4486 241 33
4487 824 428
4488 522 160
4489 1102 876
4490 1140 965
4491 1039 748
4492 1128 934
4493 1040 749
4494 1128 934
4495 540 172
4496 1055 778
4497 959 612
4498 1113 900
4499 695 294
4500 1002 681
4501 205 24
4502 403 94
4503 399 92
4504 896 520
4505 579 199
4506 930 568
4507 537 170
4508 1102 876
4509 906 533
4510 1021 715
4511 1089 847
4512 914 545
4513 904 530
4514 671 272
4515 84 4
4516 1128 936
4517 613 224
4518 1057 781
4519 218 27
4520 1153 998
4521 549 178
4522 1057 782
4523 936 576
4524 397 91
4525 929 566
4526 817 420
4527 1123 923
4528 1101 872
4529 998 675
4530 210 25
4531 1056 780
4532 962 616
4533 904 531
4534 605 218
4535 1031 733
4536 1001 679
4537 1030 730
4538 616 227
4539 780 379
4540 1153 997
4541 1120 916
4542 1040 750
4543 1088 845
4544 857 468
4545 968 626
4546 1143 972
4547 959 611
4548 694 293
4549 1052 773
4550 210 25
4551 262 39
4552 1014 703
4553 511 153
4554 979 643
4555 981 647
4556 987 656
4557 1098 867
4558 766 364
4559 602 216
4560 891 513
4561 1083 835
4562 585 203
4563 980 644
4564 906 533
4565 397 91
4566 589 206
4567 928 565
4568 1007 690
4569 281 45
4570 969 627
4571 533 167
4572 1069 806
4573 698 296
4574 1030 730
4575 548 177
4576 1105 882
4577 1025 722
4578 735 332
4579 954 604
4580 244 34
4581 1104 879
4582 640 246
4583 898 522
4584 1034 739
4585 785 384
4586 768 366
4587 332 63
4588 606 219
4589 1009 693
4590 994 668
4591 998 675
4592 1137 956
4593 414 99
4594 1105 882
4595 1110 894
4596 1108 889
4597 934 574
4598 959 612
4599 998 674
4600 533 167
4601 800 400
4602 1115 905
4603 999 676
4604 1117 909
4605 533 167
4606 1104 879
4607 606 219
4608 970 628
4609 741 338
4610 1021 714
4611 813 415
4612 157 14
4613 1039 748
4614 94 5
4615 898 522
4616 937 578
4617 1138 960
4618 1107 886
4619 815 418
4620 852 462
4621 836 442
4622 852 462
4623 1076 820
4624 701 299
4625 789 388
4626 453 119
4627 829 434
4628 965 621
4629 1103 877
4630 1021 715
4631 1100 870
4632 962 616
4633 1034 739
4634 979 643
4635 618 228
4636 862 475
4637 880 498
4638 864 477
4639 816 419
4640 731 328
4641 989 659
4642 1084 837
4643 416 100
4644 978 641
4645 1081 830
4646 875 492
4647 593 209
4648 1130 940
4649 930 567
4650 321 59
4651 1085 839
4652 1046 760
4653 766 364
4654 1115 905
4655 881 500
4656 600 214
4657 447 116
4658 265 40
4659 571 193
4660 643 248
4661 1029 729
4662 693 292
4663 205 24
4664 628 236
4665 1110 894
4666 1056 779
4667 1103 878
4668 316 57
4669 886 506
4670 463 125
4671 472 130
4672 1104 880
4673 430 107
4674 302 52
4675 1123 924
4676 490 140
4677 823 427
4678 851 461
4679 825 430
4680 178 18
4681 839 446
4682 1084 837
4683 329 62
4684 756 353
4685 571 193
4686 1140 965
4687 126 9
4688 636 243
4689 857 468
4690 610 222
4691 672 273
4692 983 650
4693 854 465
4694 629 237
4695 1145 976
4696 1113 899
4697 1152 994
4698 1128 935
4699 1109 890
4700 797 397
4701 889 510
4702 929 566
4703 555 182
4704 1063 794
4705 564 188
4706 1105 881
4707 995 669
4708 870 485
4709 1103 877
4710 951 599
4711 471 129
4712 1133 946
4713 956 606
4714 703 301
4715 1019 711
4716 1025 721
4717 445 115
4718 801 402
4719 752 349
4720 646 251
4721 1009 693
4722 1123 922
4723 959 612
4724 1130 939
4725 955 605
4726 522 160
4727 895 518
4728 775 373
4729 479 134
4730 1142 969
4731 1078 824
4732 828 433
4733 695 294
4734 1107 887
4735 1136 953
4736 1122 920
4737 628 236
4738 1013 700
4739 978 641
4740 783 382
4741 1149 987
4742 1126 930
4743 725 322
4744 1092 854
4745 760 357
4746 1020 713
4747 915 546
4748 1126 929
4749 1101 873
4750 1025 721
4751 1100 871
4752 1111 895
4753 768 366
4754 1034 739
4755 914 545
4756 856 467
4757 887 508
4758 1079 827
4759 815 418
4760 625 234
4761 1025 721
4762 957 608
4763 1082 833
4764 251 36
4765 486 138
4766 615 226
4767 855 466
4768 653 257
4769 831 437
4770 795 395
4771 1093 855
4772 775 373
4773 401 93
4774 465 126
4775 412 98
4776 845 453
4777 950 597
4778 1143 971
4779 847 456
4780 1077 823
4781 959 611
4782 731 328
4783 1135 951
4784 760 357
4785 519 158
4786 925 560
4787 799 399
4788 537 170
4789 560 185
4790 689 288
4791 1103 877
4792 1094 858
4793 928 565
4794 684 284
4795 1146 979
4796 1141 966
4797 1133 946
4798 729 326
4799 897 521
4800 589 206
4801 1150 990
4802 287 47
4803 1144 975
4804 1013 700
4805 780 379
4806 666 268
4807 111 7
4808 660 263
4809 1124 925
4810 471 129
4811 1151 991
4812 1140 965
4813 524 161
4814 653 257
4815 677 277
4816 1107 887
4817 1074 815
4818 1043 755
4819 558 184
4820 800 400
4821 988 657
4822 493 142
4823 825 429
4824 519 158
4825 793 393
4826 103 6
4827 706 304
4828 651 255
4829 420 102
4830 1106 883
4831 832 438
4832 882 501
4833 332 63
4834 699 297
4835 426 105
4836 1105 882
4837 980 645
4838 244 34
4839 1109 891
4840 1031 732
4841 845 453
4842 491 141
4843 560 185
4844 634 241
4845 702 300
4846 921 554
4847 942 585
4848 759 356
4849 592 208
4850 302 52
4851 702 300
4852 883 502
4853 1134 949
4854 1084 837
4855 938 580
4856 845 453
4857 449 117
4858 875 492
4859 721 318
4860 738 335
4861 555 182
4862 1101 874
4863 644 249
4864 1151 991
4865 827 432
4866 496 144
4867 818 421
4868 799 399
4869 1068 804
4870 1012 698
4871 588 205
4872 278 44
4873 939 581
4874 883 502
4875 503 148
4876 667 269
4877 963 618
4878 1106 885
4879 1051 771
4880 727 324
4881 1087 842
4882 393 89
4883 524 161
4884 1016 706
4885 258 38
4886 1018 709
4887 456 121
4888 783 382
4889 1105 881
4890 1006 688
4891 951 599
4892 641 247
4893 938 579
4894 356 73
4895 664 266
4896 845 453
4897 1115 905
4898 989 659
4899 1060 787
4900 1039 747
4901 620 230
4902 829 434
4903 1117 908
4904 1085 839
4905 1092 854
4906 432 108
4907 549 178
4908 698 296
4909 649 253
4910 681 281
4911 1095 859
4912 865 479
4913 665 267
4914 904 531
4915 1145 976
4916 945 590
4917 708 306
4918 1096 862
4919 1153 996
4920 875 491
4921 506 150
4922 354 72
4923 801 402
4924 1106 885
4925 734 331
4926 886 506
4927 926 562
4928 775 373
4929 875 491
4930 503 148
4931 278 44
4932 1014 703
4933 831 437
4934 490 140
4935 1030 730
4936 349 70
4937 506 150
4938 1028 727
4939 815 418
4940 1139 962
4941 1126 931
4942 230 30
4943 942 586
4944 1077 821
4945 857 468
4946 501 147
4947 645 250
4948 1090 849
4949 1143 971
4950 785 384
4951 882 501
4952 868 483
4953 1101 874
4954 630 238
4955 871 487
4956 248 35
4957 1037 744
4958 916 547
4959 913 543
4960 1075 817
4961 1130 940
4962 733 330
4963 995 670
4964 498 145
4965 872 488
4966 930 567
4967 813 415
4968 871 487
4969 956 607
4970 834 440
4971 647 252
4972 1060 787
4973 901 526
4974 1088 844
4975 871 486
4976 1100 870
4977 1121 918
4978 738 335
4979 831 437
4980 1076 819
4981 1020 712
4982 944 588
4983 1095 860
4984 531 166
4985 438 111
4986 484 137
4987 883 502
4988 878 496
4989 936 577
4990 578 198
4991 773 371
4992 671 272
4993 506 150
4994 876 493
4995 488 139
4996 585 203
4997 919 551
4998 183 19
4999 1122 921
5000 666 268
