500 97669 14_500_1000_2339
1 817 617
2 917 717
3 603 403
4 987 787
5 792 492
6 1024 824
7 492 292
8 234 34
9 337 137
10 425 225
11 970 770
12 810 610
13 1062 862
14 545 345
15 882 682
16 651 451
17 1081 881
18 1089 889
19 829 629
20 480 280
21 792 492
22 1126 926
23 655 455
24 1055 855
25 408 108
26 493 293
27 755 555
28 378 78
29 957 757
30 295 95
31 816 616
32 1191 991
33 207 7
34 294 94
35 1078 878
36 628 428
37 1156 956
38 1062 862
39 497 297
40 486 186
41 903 703
42 888 588
43 940 740
44 970 770
45 893 693
46 486 186
47 887 687
48 1187 987
49 591 391
50 876 576
51 1158 858
52 377 177
53 286 86
54 940 740
55 207 7
56 665 465
57 829 629
58 611 411
59 651 451
60 970 770
61 739 539
62 853 653
63 1176 876
64 540 340
65 773 573
66 864 564
67 600 300
68 1180 980
69 1119 919
70 864 564
71 1068 868
72 982 782
73 868 668
74 756 556
75 489 289
76 969 769
77 1009 809
78 252 52
79 555 355
80 294 94
81 790 590
82 477 277
83 688 488
84 345 145
85 1084 884
86 291 91
87 1101 901
88 766 566
89 951 751
90 925 725
91 1077 877
92 1044 844
93 1188 988
94 587 387
95 591 391
96 1173 973
97 676 476
98 335 135
99 683 483
100 915 715
101 1055 855
102 612 412
103 797 597
104 220 20
105 306 106
106 582 282
107 305 105
108 207 7
109 681 481
110 767 567
111 1108 908
112 1125 925
113 892 692
114 430 230
115 841 641
116 480 280
117 594 294
118 460 260
119 313 113
120 670 470
121 672 472
122 925 725
123 337 137
124 1266 966
125 754 554
126 507 307
127 1023 823
128 1177 977
129 1066 866
130 511 311
131 621 421
132 606 306
133 651 451
134 589 389
135 336 36
136 958 758
137 1159 959
138 828 628
139 514 314
140 792 492
141 541 341
142 763 563
143 660 460
144 978 678
145 251 51
146 453 253
147 1044 844
148 790 590
149 747 547
150 349 149
151 387 187
152 401 201
153 1114 914
154 1018 818
155 631 431
156 311 111
157 364 164
158 528 228
159 618 318
160 444 144
161 921 721
162 696 396
163 673 473
164 1192 992
165 515 315
166 328 128
167 730 530
168 1019 819
169 877 677
170 384 84
171 437 237
172 945 745
173 605 405
174 737 537
175 870 570
176 1075 875
177 234 34
178 697 497
179 769 569
180 243 43
181 570 270
182 708 408
183 372 172
184 280 80
185 816 516
186 1140 940
187 376 176
188 775 575
189 426 226
190 942 742
191 883 683
192 306 106
193 900 600
194 319 119
195 799 599
196 1032 732
197 791 591
198 739 539
199 621 421
200 1051 851
201 475 275
202 588 288
203 603 403
204 1165 965
205 673 473
206 919 719
207 846 646
208 850 650
209 609 409
210 322 122
211 1176 976
212 348 48
213 1044 844
214 1296 996
215 1186 986
216 713 513
217 462 262
218 600 300
219 322 122
220 742 542
221 460 260
222 1001 801
223 618 318
224 991 791
225 391 191
226 606 406
227 1111 911
228 684 384
229 1039 839
230 1095 895
231 375 175
232 718 518
233 401 201
234 606 306
235 378 178
236 607 407
237 233 33
238 1023 823
239 472 272
240 1165 965
241 376 176
242 1236 936
243 825 625
244 875 675
245 402 102
246 977 777
247 1143 943
248 1014 814
249 1032 832
250 348 48
251 295 95
252 228 28
253 627 427
254 949 749
255 367 167
256 936 736
257 318 118
258 683 483
259 1041 841
260 747 547
261 972 772
262 1021 821
263 846 646
264 720 420
265 311 111
266 233 33
267 220 20
268 281 81
269 334 134
270 784 584
271 972 672
272 219 19
273 791 591
274 1147 947
275 1188 988
276 462 262
277 1013 813
278 927 727
279 1182 882
280 1013 813
281 258 58
282 402 202
283 1290 990
284 1122 922
285 941 741
286 339 139
287 543 343
288 747 547
289 498 198
290 1133 933
291 717 517
292 810 510
293 508 308
294 552 252
295 384 84
296 717 517
297 869 669
298 605 405
299 720 520
300 498 298
301 958 758
302 1122 922
303 879 679
304 780 580
305 1078 878
306 324 124
307 945 745
308 711 511
309 503 303
310 790 590
311 1067 867
312 1000 800
313 213 13
314 1096 896
315 239 39
316 598 398
317 868 668
318 489 289
319 1032 732
320 706 506
321 565 365
322 1104 804
323 1056 756
324 711 511
325 745 545
326 563 363
327 720 520
328 1074 874
329 744 444
330 718 518
331 1030 830
332 438 138
333 1075 875
334 269 69
335 867 667
336 888 688
337 462 262
338 673 473
339 673 473
340 472 272
341 918 718
342 463 263
343 346 146
344 214 14
345 615 415
346 220 20
347 582 282
348 1042 842
349 767 567
350 777 577
351 804 504
352 756 556
353 772 572
354 456 256
355 1109 909
356 823 623
357 426 226
358 444 244
359 202 2
360 513 313
361 1182 882
362 213 13
363 438 238
364 489 289
365 1188 988
366 1049 849
367 1198 998
368 544 344
369 1165 965
370 1224 924
371 555 355
372 708 408
373 313 113
374 1176 976
375 631 431
376 311 111
377 970 770
378 253 53
379 503 303
380 933 733
381 958 758
382 1018 818
383 201 1
384 1169 969
385 1080 780
386 393 193
387 879 679
388 983 783
389 791 591
390 594 294
391 659 459
392 724 524
393 937 737
394 372 72
395 912 712
396 424 224
397 913 713
398 534 334
399 623 423
400 346 146
401 917 717
402 835 635
403 1050 750
404 1007 807
405 1200 1000
406 355 155
407 418 218
408 628 428
409 388 188
410 723 523
411 1134 934
412 294 94
413 345 145
414 580 380
415 1105 905
416 1121 921
417 876 676
418 527 327
419 756 556
420 749 549
421 324 24
422 1089 889
423 897 697
424 1146 946
425 304 104
426 833 633
427 909 709
428 765 565
429 354 154
430 205 5
431 957 757
432 712 512
433 421 221
434 552 352
435 580 380
436 277 77
437 299 99
438 1074 774
439 851 651
440 763 563
441 1143 943
442 618 318
443 960 760
444 351 151
445 952 752
446 295 95
447 559 359
448 828 628
449 552 252
450 243 43
451 947 747
452 1163 963
453 869 669
454 694 494
455 1109 909
456 659 459
457 335 135
458 406 206
459 387 187
460 798 498
461 743 543
462 1021 821
463 258 58
464 817 617
465 741 541
466 682 482
467 1128 828
468 875 675
469 1074 874
470 651 451
471 275 75
472 837 637
473 582 282
474 870 670
475 1195 995
476 660 360
477 779 579
478 1043 843
479 859 659
480 298 98
481 888 588
482 483 283
483 1032 732
484 976 776
485 862 662
486 347 147
487 684 384
488 1183 983
489 454 254
490 817 617
491 444 244
492 453 253
493 456 256
494 1053 853
495 1078 878
496 960 660
497 541 341
498 585 385
499 990 790
500 679 479
