500 87884 16_500_1000_534
1 1016 706
2 414 99
3 222 28
4 840 448
5 986 654
6 1134 949
7 1077 822
8 957 608
9 742 339
10 820 423
11 795 395
12 935 575
13 545 175
14 1000 678
15 596 211
16 1046 760
17 1090 850
18 519 158
19 1100 871
20 819 422
21 157 14
22 843 451
23 1082 832
24 905 532
25 366 77
26 836 443
27 1120 916
28 824 428
29 1045 758
30 767 365
31 973 633
32 693 292
33 469 128
34 802 403
35 1101 872
36 978 641
37 1127 933
38 1126 931
39 627 235
40 689 288
41 770 368
42 757 354
43 659 262
44 878 495
45 533 167
46 901 527
47 699 297
48 958 609
49 1042 753
50 1065 798
51 773 371
52 799 399
53 1028 727
54 983 649
55 902 528
56 687 286
57 1066 799
58 1122 920
59 476 132
60 696 295
61 1064 796
62 842 450
63 1061 790
64 926 562
65 961 615
66 909 537
67 888 509
68 1116 906
69 779 377
70 458 122
71 1061 789
72 709 307
73 1120 917
74 1075 818
75 868 483
76 918 550
77 615 226
78 1046 761
79 188 20
80 597 212
81 622 231
82 615 226
83 932 570
84 1107 886
85 1061 789
86 968 625
87 1053 774
88 342 67
89 957 608
90 938 579
91 901 526
92 486 138
93 1085 838
94 1086 841
95 1104 880
96 989 659
97 985 653
98 999 676
99 1036 741
100 891 513
101 511 153
102 1083 834
103 1085 839
104 1105 882
105 1079 827
106 1074 815
107 615 226
108 1103 877
109 855 466
110 1147 981
111 420 102
112 1105 882
113 1134 950
114 727 324
115 1038 746
116 517 157
117 467 127
118 771 369
119 1083 834
120 1030 731
121 1007 690
122 974 635
123 59 2
124 943 587
125 1130 940
126 978 641
127 909 537
128 704 302
129 476 132
130 384 85
131 951 599
132 1058 783
133 980 644
134 627 235
135 687 286
136 944 588
137 426 105
138 1075 818
139 274 43
140 605 218
141 640 246
142 942 585
143 1036 742
144 607 220
145 857 468
146 1113 899
147 1153 997
148 1008 691
149 577 197
150 836 443
151 825 429
152 878 495
153 432 108
154 896 520
155 1020 713
156 1080 828
157 745 342
158 441 113
159 1125 928
160 598 213
161 1133 947
162 625 234
163 472 130
164 1137 957
165 598 213
166 491 141
167 1106 883
168 962 616
169 961 614
170 891 513
171 730 327
172 906 534
173 819 422
174 1150 990
175 1043 755
176 1115 904
177 709 307
178 1005 686
179 708 306
180 973 633
181 878 495
182 506 150
183 911 541
184 1099 869
185 950 597
186 953 602
187 997 673
188 344 68
189 1017 708
190 1133 947
191 1052 773
192 987 656
193 1007 690
194 719 316
195 972 632
196 691 290
197 748 345
198 982 648
199 1032 735
200 972 632
201 1060 788
202 791 390
203 382 84
204 318 58
205 937 578
206 304 53
207 1128 935
208 546 176
209 787 386
210 1085 839
211 748 345
212 598 213
213 677 277
214 524 161
215 1143 972
216 846 455
217 1144 975
218 1046 761
219 905 532
220 1043 755
221 1100 870
222 1085 839
223 878 496
224 911 541
225 1029 729
226 774 372
227 957 608
228 745 342
229 983 649
230 1095 861
231 987 656
232 994 667
233 1087 842
234 454 120
235 432 108
236 870 485
237 1149 987
238 804 405
239 1021 714
240 1039 747
241 1119 913
242 517 157
243 1083 834
244 1145 976
245 952 600
246 753 350
247 662 264
248 430 107
249 1122 921
250 1128 934
251 1050 768
252 1047 762
253 1133 948
254 938 579
255 1020 713
256 677 277
257 992 664
258 878 496
259 862 475
260 126 9
261 906 533
262 625 234
263 962 616
264 1007 690
265 1090 849
266 1066 799
267 1147 982
268 924 559
269 865 479
270 752 349
271 849 458
272 968 625
273 698 296
274 942 585
275 531 166
276 380 83
277 845 454
278 752 349
279 875 491
280 1091 851
281 516 156
282 846 455
283 1104 879
284 946 591
285 670 271
286 439 112
287 408 96
288 1071 809
289 746 343
290 733 330
291 1041 751
292 938 579
293 995 670
294 947 593
295 1096 862
296 780 379
297 907 535
298 927 563
299 771 369
300 966 623
301 902 528
302 371 79
303 878 496
304 244 34
305 925 560
306 375 81
307 1079 827
308 811 413
309 1148 985
310 959 612
311 1133 948
312 895 518
313 976 638
314 912 542
315 747 344
316 1146 980
317 1117 909
318 1118 911
319 961 614
320 746 343
321 230 30
322 835 441
323 629 237
324 944 588
325 501 147
326 634 241
327 1109 890
328 1074 815
329 629 237
330 1048 764
331 579 199
332 652 256
333 905 532
334 412 98
335 752 349
336 451 118
337 871 487
338 1131 943
339 655 258
340 976 638
341 660 263
342 1008 692
343 856 467
344 911 540
345 786 385
346 1071 809
347 887 507
348 1100 871
349 558 184
350 791 390
351 1011 697
352 848 457
353 986 654
354 418 101
355 729 326
356 1073 813
357 430 107
358 1067 802
359 844 452
360 1085 839
361 1076 820
362 1109 890
363 1107 887
364 453 119
365 870 485
366 884 503
367 533 167
368 736 333
369 1041 751
370 393 89
371 516 156
372 839 446
373 605 218
374 1081 830
375 941 584
376 1048 765
377 1060 787
378 855 466
379 581 200
380 765 362
381 777 375
382 533 167
383 989 659
384 1014 702
385 1092 854
386 230 30
387 1046 761
388 869 484
389 570 192
390 1095 860
391 552 180
392 1094 858
393 843 451
394 230 30
395 861 474
396 864 477
397 1059 786
398 684 284
399 919 552
400 1033 736
401 1128 934
402 1142 969
403 1037 744
404 577 197
405 1105 881
406 1070 808
407 1060 788
408 356 73
409 1114 902
410 334 64
411 1093 856
412 735 332
413 1152 994
414 42 1
415 1091 851
416 906 534
417 1153 997
418 804 405
419 768 366
420 1072 811
421 1054 777
422 966 623
423 1152 994
424 1001 679
425 978 641
426 776 374
427 1110 894
428 1008 691
429 1143 971
430 572 194
431 1045 759
432 491 141
433 640 246
434 961 614
435 713 310
436 726 323
437 916 548
438 959 612
439 797 397
440 957 608
441 634 241
442 606 219
443 126 9
444 1144 973
445 375 81
446 899 524
447 786 385
448 841 449
449 804 405
450 820 424
451 251 36
452 560 185
453 1045 758
454 397 91
455 1062 791
456 581 200
457 715 312
458 1127 932
459 906 533
460 233 31
461 1046 760
462 808 410
463 1008 692
464 630 238
465 650 254
466 1054 776
467 1110 894
468 1070 808
469 586 204
470 891 513
471 743 340
472 734 331
473 1130 940
474 638 244
475 1080 829
476 639 245
477 564 188
478 763 360
479 1103 877
480 785 384
481 870 485
482 498 145
483 695 294
484 103 6
485 1142 968
486 484 137
487 664 266
488 1017 708
489 951 599
490 826 431
491 1117 909
492 445 115
493 993 666
494 1146 979
495 746 343
496 733 330
497 1053 774
498 422 103
499 807 408
500 985 653
