1000 111504 16_1000_1000_422
1 1106 884
2 944 589
3 1121 918
4 886 506
5 439 112
6 1062 791
7 1135 952
8 664 266
9 744 341
10 498 145
11 790 389
12 1082 833
13 593 209
14 807 408
15 1153 997
16 1047 762
17 1004 684
18 522 160
19 1122 921
20 1148 984
21 785 384
22 1092 853
23 1007 690
24 805 406
25 961 615
26 811 413
27 578 198
28 543 174
29 1001 680
30 467 127
31 1026 723
32 630 238
33 1034 738
34 1044 757
35 395 90
36 683 283
37 1081 831
38 1117 909
39 629 237
40 59 2
41 708 306
42 781 380
43 827 432
44 614 225
45 867 481
46 1020 713
47 773 371
48 606 219
49 836 443
50 1066 800
51 906 533
52 42 1
53 560 185
54 875 491
55 880 498
56 1104 880
57 536 169
58 1136 954
59 871 486
60 835 441
61 531 166
62 1048 764
63 890 512
64 145 12
65 828 433
66 1116 907
67 820 423
68 666 268
69 1123 923
70 1017 708
71 935 575
72 588 205
73 865 479
74 1072 812
75 970 629
76 1037 744
77 1146 980
78 361 75
79 761 358
80 284 46
81 690 289
82 719 316
83 1127 932
84 1128 936
85 951 599
86 742 339
87 424 104
88 281 45
89 1047 762
90 517 157
91 698 296
92 462 124
93 689 288
94 849 459
95 717 314
96 980 645
97 1148 983
98 493 142
99 520 159
100 674 275
101 718 315
102 1022 716
103 1129 937
104 607 220
105 619 229
106 471 129
107 944 588
108 820 423
109 447 116
110 1114 903
111 946 592
112 970 628
113 454 120
114 1147 982
115 638 244
116 991 663
117 1115 905
118 488 139
119 251 36
120 906 533
121 850 460
122 1124 925
123 1143 972
124 1040 749
125 1069 806
126 460 123
127 1030 731
128 1101 872
129 1069 806
130 859 471
131 1078 825
132 1126 929
133 791 390
134 923 557
135 914 544
136 976 638
137 397 91
138 1031 732
139 1134 949
140 647 252
141 119 8
142 1043 755
143 946 592
144 745 342
145 995 670
146 1106 885
147 951 599
148 588 205
149 660 263
150 775 373
151 972 631
152 681 281
153 1092 854
154 998 674
155 849 459
156 420 102
157 992 664
158 904 531
159 915 546
160 568 191
161 728 325
162 980 644
163 922 556
164 714 311
165 601 215
166 590 207
167 811 413
168 1055 778
169 890 512
170 1012 699
171 1136 953
172 391 88
173 890 512
174 925 560
175 384 85
176 625 234
177 281 45
178 1066 800
179 863 476
180 709 307
181 614 225
182 1066 800
183 1085 839
184 611 223
185 590 207
186 432 108
187 927 563
188 687 286
189 620 230
190 554 181
191 1066 799
192 1129 938
193 766 364
194 1085 838
195 1063 794
196 1146 980
197 734 331
198 1123 922
199 663 265
200 214 26
201 420 102
202 884 504
203 1150 990
204 447 116
205 666 268
206 1148 983
207 909 537
208 725 322
209 975 636
210 891 513
211 742 339
212 406 95
213 799 399
214 916 547
215 825 430
216 786 385
217 931 569
218 397 91
219 368 78
220 980 645
221 1037 744
222 681 281
223 861 474
224 406 95
225 856 467
226 479 134
227 472 130
228 265 40
229 1012 699
230 1141 967
231 1105 882
232 870 485
233 647 252
234 842 450
235 1014 702
236 611 223
237 649 253
238 1074 815
239 693 292
240 1036 741
241 627 235
242 846 455
243 1013 700
244 339 66
245 915 546
246 1015 704
247 1094 858
248 744 341
249 1064 795
250 914 544
251 605 218
252 984 652
253 1144 974
254 366 77
255 887 507
256 878 495
257 443 114
258 1116 906
259 864 477
260 974 635
261 826 431
262 710 308
263 880 498
264 1113 900
265 665 267
266 997 673
267 807 408
268 1042 753
269 983 649
270 611 223
271 251 36
272 606 219
273 822 426
274 1140 963
275 265 40
276 934 573
277 763 360
278 332 63
279 894 517
280 911 541
281 871 486
282 1086 841
283 968 625
284 316 57
285 1136 953
286 1030 730
287 909 538
288 514 155
289 1002 681
290 869 484
291 393 89
292 985 653
293 919 552
294 938 579
295 1001 680
296 1140 965
297 800 401
298 1131 941
299 1120 915
300 983 649
301 1149 986
302 1094 857
303 765 362
304 803 404
305 1075 818
306 969 627
307 1150 989
308 840 447
309 274 43
310 906 534
311 1141 966
312 633 240
313 469 128
314 1082 832
315 1123 922
316 493 142
317 520 159
318 897 521
319 840 448
320 1016 705
321 715 312
322 816 419
323 660 263
324 901 526
325 1117 909
326 948 595
327 564 188
328 947 593
329 1100 871
330 945 590
331 699 297
332 244 34
333 157 14
334 1031 732
335 310 55
336 1070 808
337 992 665
338 1029 729
339 824 428
340 1115 904
341 992 665
342 555 182
343 94 5
344 945 590
345 1143 971
346 445 115
347 1084 837
348 885 505
349 1119 914
350 996 672
351 1149 987
352 836 443
353 1074 816
354 722 319
355 1082 832
356 935 575
357 980 645
358 490 140
359 258 38
360 690 289
361 349 70
362 1064 796
363 756 353
364 536 169
365 826 431
366 1042 753
367 1129 937
368 769 367
369 1101 873
370 1102 875
371 578 198
372 623 232
373 928 564
374 807 408
375 486 138
376 601 215
377 939 581
378 628 236
379 801 402
380 1031 732
381 1115 905
382 716 313
383 831 437
384 1151 992
385 763 360
386 633 240
387 969 627
388 737 334
389 801 402
390 1138 958
391 1107 886
392 944 588
393 1009 693
394 972 632
395 727 324
396 930 567
397 1008 692
398 1053 774
399 537 170
400 886 506
401 652 256
402 501 147
403 1139 962
404 1005 687
405 1051 771
406 886 506
407 1049 766
408 766 363
409 570 192
410 377 82
411 486 138
412 986 654
413 1153 996
414 1021 715
415 1018 709
416 941 584
417 1085 839
418 746 343
419 1142 968
420 1117 909
421 994 667
422 814 417
423 1095 860
424 771 369
425 868 483
426 671 272
427 1104 880
428 478 133
429 736 333
430 759 356
431 1002 681
432 1074 815
433 1089 848
434 662 264
435 840 448
436 985 653
437 976 638
438 966 622
439 901 527
440 1136 954
441 646 251
442 955 605
443 183 19
444 1019 711
445 616 227
446 1141 966
447 943 587
448 1060 787
449 422 103
450 525 162
451 567 190
452 943 587
453 1148 984
454 728 325
455 903 529
456 645 250
457 909 538
458 812 414
459 579 199
460 393 89
461 1083 834
462 869 484
463 1150 990
464 755 352
465 1037 744
466 958 610
467 872 488
468 708 306
469 1092 854
470 868 483
471 659 262
472 192 21
473 349 70
474 798 398
475 762 359
476 438 111
477 659 262
478 921 554
479 1135 951
480 958 610
481 1062 791
482 788 387
483 652 256
484 168 16
485 635 242
486 342 67
487 881 500
488 1131 942
489 1101 873
490 814 417
491 1131 943
492 1134 949
493 759 356
494 347 69
495 756 353
496 1088 844
497 1010 696
498 897 521
499 1059 786
500 641 247
501 821 425
502 1151 993
503 1130 940
504 1076 819
505 1139 961
506 943 587
507 1056 780
508 1081 830
509 745 342
510 422 103
511 1086 841
512 1072 811
513 833 439
514 1020 712
515 596 211
516 1130 940
517 1014 703
518 699 297
519 928 564
520 1049 766
521 1115 904
522 1112 897
523 801 402
524 592 208
525 1025 721
526 233 31
527 615 226
528 1043 755
529 663 265
530 478 133
531 825 430
532 513 154
533 936 576
534 967 624
535 237 32
536 501 147
537 447 116
538 1081 830
539 970 628
540 985 653
541 821 425
542 871 486
543 1094 857
544 1082 832
545 834 440
546 788 387
547 930 568
548 956 607
549 456 121
550 582 201
551 551 179
552 1024 720
553 872 488
554 976 638
555 1154 999
556 708 306
557 1034 739
558 932 570
559 904 530
560 720 317
561 978 641
562 1114 902
563 1057 781
564 1057 781
565 657 260
566 908 536
567 963 618
568 940 583
569 890 511
570 1061 789
571 1077 822
572 942 586
573 1119 913
574 384 85
575 1010 696
576 896 519
577 996 672
578 562 187
579 982 648
580 1122 921
581 945 590
582 133 10
583 1028 728
584 685 285
585 1125 927
586 1020 712
587 713 310
588 1003 683
589 1135 952
590 555 182
591 940 583
592 1079 826
593 241 33
594 1099 869
595 928 565
596 1058 783
597 618 228
598 1139 962
599 1012 698
600 783 382
601 921 555
602 988 658
603 787 386
604 826 431
605 1092 853
606 1144 974
607 1056 780
608 1152 994
609 624 233
610 1111 896
611 356 73
612 380 83
613 872 488
614 875 492
615 551 179
616 961 614
617 1085 839
618 930 567
619 976 639
620 1143 971
621 572 194
622 849 459
623 1087 843
624 836 442
625 717 314
626 313 56
627 558 184
628 982 648
629 162 15
630 675 276
631 763 360
632 469 128
633 679 279
634 1013 700
635 558 184
636 718 315
637 985 653
638 1074 816
639 966 623
640 834 440
641 42 1
642 749 346
643 694 293
644 665 267
645 589 206
646 696 295
647 1076 820
648 1094 858
649 1147 982
650 965 620
651 725 322
652 898 522
653 1070 808
654 536 169
655 818 421
656 1023 718
657 856 467
658 963 617
659 401 93
660 633 240
661 871 487
662 723 320
663 928 564
664 1073 814
665 849 458
666 701 299
667 931 569
668 1088 845
669 807 409
670 849 459
671 936 576
672 582 201
673 1087 842
674 909 537
675 989 659
676 969 627
677 1118 912
678 1091 851
679 1091 852
680 1082 832
681 103 6
682 894 517
683 352 71
684 821 425
685 963 618
686 942 585
687 694 293
688 1099 869
689 856 467
690 1131 943
691 856 467
692 956 607
693 1153 996
694 1013 700
695 1111 895
696 1053 774
697 1100 870
698 388 87
699 979 643
700 453 119
701 786 385
702 991 663
703 1138 959
704 517 157
705 943 587
706 258 38
707 709 307
708 717 314
709 1014 702
710 952 600
711 1082 833
712 898 522
713 745 342
714 994 668
715 1010 695
716 1141 966
717 1062 792
718 1090 849
719 1130 939
720 349 70
721 719 316
722 271 42
723 857 468
724 1014 702
725 597 212
726 549 178
727 611 223
728 1025 721
729 801 402
730 439 112
731 785 384
732 748 345
733 894 517
734 675 276
735 1095 860
736 817 420
737 899 524
738 972 631
739 1048 765
740 1085 839
741 698 296
742 467 127
743 888 509
744 670 271
745 906 534
746 1070 808
747 484 137
748 989 659
749 683 283
750 656 259
751 1058 783
752 994 667
753 1124 925
754 625 234
755 570 192
756 1021 715
757 946 592
758 1063 793
759 451 118
760 205 24
761 776 374
762 784 383
763 368 78
764 997 673
765 1080 829
766 1142 970
767 930 567
768 310 55
769 401 93
770 103 6
771 1078 825
772 736 333
773 991 663
774 1065 798
775 371 79
776 1015 704
777 768 366
778 1075 817
779 922 556
780 940 583
781 1011 697
782 669 270
783 1136 953
784 1130 939
785 784 383
786 1107 887
787 906 533
788 1122 920
789 879 497
790 867 481
791 501 147
792 1094 858
793 861 474
794 725 322
795 730 327
796 807 408
797 59 2
798 1047 762
799 952 600
800 984 652
801 991 662
802 318 58
803 846 455
804 1054 777
805 867 481
806 826 431
807 493 142
808 881 499
809 878 495
810 533 167
811 915 546
812 1012 698
813 831 436
814 988 658
815 1112 897
816 825 430
817 820 424
818 978 642
819 1084 836
820 1079 827
821 906 533
822 1030 731
823 436 110
824 651 255
825 714 311
826 1030 731
827 1136 954
828 1114 903
829 717 314
830 1098 866
831 996 672
832 1018 709
833 1151 992
834 527 163
835 919 552
836 675 276
837 313 56
838 1042 753
839 922 556
840 1059 785
841 601 215
842 412 98
843 395 90
844 1113 900
845 787 386
846 1107 887
847 723 320
848 638 244
849 807 409
850 828 433
851 1103 878
852 923 558
853 971 630
854 1117 909
855 1045 759
856 913 543
857 856 467
858 1078 824
859 467 127
860 693 292
861 406 95
862 1127 932
863 1084 837
864 873 489
865 471 129
866 764 361
867 874 490
868 976 638
869 574 195
870 949 596
871 878 496
872 836 443
873 671 272
874 757 354
875 1113 900
876 517 157
877 347 69
878 1092 853
879 1143 972
880 1114 902
881 998 675
882 368 78
883 1126 929
884 1078 824
885 868 483
886 1093 856
887 1141 966
888 801 402
889 941 584
890 959 611
891 1065 798
892 672 273
893 827 432
894 1107 886
895 1148 985
896 1101 872
897 1072 811
898 796 396
899 557 183
900 807 408
901 1133 946
902 558 184
903 1087 843
904 660 263
905 792 392
906 469 128
907 653 257
908 1065 797
909 928 564
910 1026 724
911 332 63
912 1042 754
913 255 37
914 545 175
915 1001 679
916 548 177
917 684 284
918 1004 685
919 887 507
920 698 296
921 629 237
922 430 107
923 310 55
924 990 661
925 401 93
926 625 234
927 849 459
928 1007 690
929 1080 829
930 1026 724
931 1096 862
932 604 217
933 760 357
934 401 93
935 709 307
936 871 487
937 732 329
938 725 322
939 533 167
940 857 469
941 696 295
942 1095 861
943 936 576
944 1025 722
945 961 614
946 531 166
947 1049 767
948 808 410
949 293 49
950 875 491
951 895 518
952 983 649
953 1059 785
954 1132 944
955 969 627
956 941 584
957 543 174
958 826 431
959 1056 779
960 1070 807
961 578 198
962 829 434
963 820 423
964 290 48
965 1004 684
966 862 475
967 848 457
968 1030 730
969 428 106
970 1142 970
971 1001 679
972 916 547
973 721 318
974 906 534
975 884 503
976 863 476
977 1070 808
978 1075 818
979 1078 825
980 241 33
981 1101 874
982 395 90
983 1010 696
984 1150 990
985 912 542
986 321 59
987 439 112
988 1146 978
989 875 491
990 811 413
991 241 33
992 935 575
993 1015 704
994 1026 724
995 932 570
996 859 471
997 1144 975
998 1087 842
999 721 318
1000 424 104
